42.81564145624615
13.935646212688898
57.64281432717378
39.75713489797303
28.044592311933336
12.223997118218229
6.335480640993303
26.043670170994297
46.680645093919075
8.57324201392569
53.72357181460154
28.33050571480704
10.431782490369287
35.795780153641914
9.555951858418915
38.959220682215836
32.468502314623144
45.78205788343128
39.23188988982212
13.375019756143494
28.195968985060663
12.258251618627284
45.25436784749157
59.29484396765231
23.99423346127734
30.892224042903717
52.43993342414452
1.9952455024671991
29.262528845863088
60.60551696838357
33.63573395517654
57.90843415717792
43.656020891610204
56.34982590772808
33.71327926789874
17.88985754027726
1.9267744393317443
43.4389871055796
15.150957643573662
43.654157824243626
27.348962836291673
56.77443751179423
13.140442875321536
21.835885934373245
43.31288841056324
32.39752915427281
47.48692217360997
22.482381965769456
52.67908911588823
17.233150509754022
17.587321331075415
58.843891649596785
33.42327367531139
53.20433150772254
39.408251632600795
30.71475176443385
29.530072811747466
47.35872744751733
32.30487356809203
53.231658566875026
23.791354537255785
27.35224865775409
32.61147869584503
17.483667885054057
22.214177554492107
10.566367370230836
46.46832876367454
12.58668713179927
48.71256122266767
32.1940012272735
31.285907285695814
4.482518736908148
42.64816589854525
40.41952979732591
37.09108987045719
28.178746403972113
14.388235352682248
6.798989091183962
53.843336026554375
29.165871655642412
18.792752209684494
31.034017726296238
56.69394436305356
10.380669781104643
55.54530622122539
21.071520810210103
51.78625882692208
21.15395588378254
52.40326348341407
12.009499030691995
33.629834852812145
60.35350436957588
45.80073374974915
23.2389560317614
3.608806319741916
28.55710450370841
8.009905954813291
62.45476124890311
26.642298819077197
43.62027272206654
61.977056747850554
19.34998495484724
59.209398102918875
28.56775603767082
49.77896612063416
1.371078401388587
57.48012930482565
62.44440024387804
32.77920870623853
54.398771238356105
58.09845497942472
45.872946748027196
30.065542744564368
40.992771123667076
0.9616060473106742
56.45763096427472
45.48996761609769
32.23755975824838
60.89094600142268
61.36541285836458
53.49415014790456
22.993444635038216
17.38109400383774
41.05103892075762
35.347183426235524
34.49041523108152
47.15093583505595
27.614264617486064
58.38472152653631
18.33736134938782
23.85165925000606
1.2530518907519834
40.445095107978375
22.67043421648199
52.976480282539555
17.0886276912251
20.716092221273883
3.864929273665034
57.124594344771836
50.699132224577404
62.27174757396536
45.12856212923147
37.717070526390145
40.8693711130493
32.19965010197804
11.249406452521203
23.15947703902215
28.168969404330795
25.207141504138896
59.294230625267545
21.996175910925675
57.804337924208795
21.894871666156835
8.00930911478618
15.639284058950423
49.90695824263566
36.920715977969074
43.86969437752994
11.19337274846793
49.63346728871895
51.31903057552261
54.98138909356078
60.39523889275034
44.79631175602059
30.294168359267942
33.95367927148736
62.477734334854716
44.19769229558673
31.80760144810974
59.1097788347279
21.33073509658595
48.290276259989696
40.08819656723734
1.640873610877776
51.102210704651256
41.27540240620647
61.81769623285181
43.54167189763057
40.827747769500455
30.68272329021431
1.9594623555739688
0.5032509706714308
42.742677769346436
59.2110853464836
31.238449593480297
0.7595829454791101
22.42499550498111
32.14804746806084
20.320101209102845
43.900078296934865
50.422955910632936
3.9193987900144407
5.347192399834505
30.51341657682872
56.4594695641217
41.863655819300256
12.55542250886819
47.793880127546686
11.701299518716091
44.32916694505661
0.9978127904997649
33.84842349955031
53.06368984474163
56.675774727272795
37.09448656338776
24.115087472325044
59.8321274072258
62.84917551055271
46.230907135751224
11.476495372935556
42.85606142891923
0.7884298589408658
16.079357431849463
55.75263301037917
24.129245879834347
27.721939719878847
41.65811739260181
47.148847930499755
56.87929242178019
28.965180636579404
41.46171117678173
14.227128650924932
52.14008099205031
9.811419337472664
11.466354953595921
23.594513584206215
25.96383799908596
29.069406199135493
49.06588997090248
0.2577613123933489
13.847982203186596
12.29634360979884
11.089489740683888
44.21629762132572
31.696518300943318
63.604978193409856
39.880360068851466
21.718730728526868
28.754227709393014
25.783398786284742
42.64302323765501
50.018938457828085
42.28022720156354
3.4656763422305445
14.761837264634913
21.023999342498612
14.942208038601109
48.375729043374946
52.670244591474905
1.3103102686880703
17.265796966484487
63.3013392269298
9.805297994295401
61.879242153311054
43.141066418339186
61.83913497208923
45.971051491420084
49.049102401821635
40.84818938744492
50.651974587876516
34.48221248345534
0.24904471895909808
12.005780635712878
27.190427164518944
52.91122434650161
58.01247737119064
21.246040136697562
55.384157465701946
39.45397268714684
53.23912334873371
3.61134823666864
35.454559452808994
47.24738851164151
2.1345784966383334
4.866904823599455
43.22779868923202
56.06394180045531
47.77883453825808
63.602393412382035
57.111050706660386
5.813023601784884
52.31185782724641
62.462444174562194
37.278066543181666
1.0348106603482918
0.9515289787146557
5.462725419270839
57.93999465797897
23.557384425666914
25.816608866297003
49.57463030093608
24.06836933662101
19.595286201318782
12.26165804343779
18.774600804612568
63.389093419360194
58.003870901645165
3.76415272426582
35.05680022881872
61.67357600095583
49.56875663543435
47.79134279356761
21.285297674334565
9.019737110741524
36.94632207540478
47.195386301330515
12.114946471849603
57.265728286931946
15.272573711613642
46.40081959705584
50.20506758363845
48.67661751731509
62.55356279284034
34.031731290449486
58.42534260036662
10.0365800956574
46.37197385337492
25.271718038675743
30.177587584289405
19.00837134029534
21.136430701929047
40.198190833101016
14.98807999541858
2.51323906985089
47.87297677189834
1.9021716727727025
11.938420298682871
38.788820602646
25.602467463667665
2.5370134995059033
49.99069179389873
6.564923478940138
9.19845396233628
21.39438836441461
22.96781706339886
30.49221947842517
1.3355230103923006
29.70843709936178
1.510539348944377
19.95263985531157
10.51142263487866
63.293915134627596
49.9217952665775
31.452992886365358
50.02813361555177
38.990859832501414
16.604552285495597
11.381924065435985
35.20115862808103
50.52330322475746
59.337172102457416
23.673243324121493
31.307168393036438
50.48336770159387
31.127950034506487
20.31093919905923
42.90475887553603
57.72809675672744
12.819217632854826
15.660007322950086
55.331127386065624
14.032288322029476
57.68837332734745
53.48459807782936
4.741722376337378
32.352160402568636
15.440260714442637
51.43644733276734
0.3346861591747725
40.96600197965015
59.25858331450285
42.742300307237755
25.33317108678752
9.232426115029458
28.572425266831242
21.56904457663011
54.74700077916722
38.41295820961603
22.223431888650552
47.2838460881677
44.830866455660015
47.68764998620019
59.385300746336995
47.43728578984955
43.26337453518683
21.65303511292928
49.13407855377197
42.789474464942614
40.755079725113426
51.82028647044142
49.674785680365865
58.07467687406267
15.77101416097564
62.87603382226257
56.652391937656915
9.444960404189903
52.344556315606994
7.6799384064939105
46.86963894292096
61.865802187929795
60.266602207139215
53.545497553478285
43.334830421372764
57.461677519666175
26.648335362746483
42.12127579097205
53.12219066882561
16.38887506412278
40.39859599882951
13.728954804741822
24.989997246575467
44.377350564467804
62.27125148701222
22.646661459384447
5.37548515344951
54.089414915359725
24.792948961351946
38.60086369779474
55.351152967376734
13.001340933050159
62.40668361730936
5.163845402913928
23.51396607620933
27.674199701062427
47.255252487163006
15.081777515768312
19.612199371108435
6.528848872586472
57.21427779562963
7.9770234709183185
32.00876016813132
22.728932448651637
30.227648460000957
31.699713551659954
20.40928221580884
44.268835948366046
40.88921171145095
46.41936534921196
43.95905817235568
63.557205564653344
12.919848405087244
45.771363253164175
6.529804272007617
29.33515838842583
19.04358290099442
19.136849272710624
2.1671897651492102
9.284744436264535
51.86834031816463
61.0385197298717
7.736707105517063
6.155718514515861
30.594216415767672
12.341072561591059
39.233652638406774
8.447311398412886
45.618238810034555
2.983980371326787
27.53299330910982
42.983626665768504
42.76151346455291
55.74457065178312
7.323235618470662
35.709124842147006
53.220185366984225
57.20386617735849
55.06153218141142
0.6967062467898728
55.45632124625521
15.167775286235802
2.3441877097877324
8.499426149106974
27.340164944343062
40.699795868644046
24.686225772478124
47.85710140716943
21.003235299622066
39.995638860999264
54.216518123194916
49.3119327141087
29.557180487279147
28.41271856815412
6.74482781795674
15.62073415071356
36.87473442043411
45.56113937027762
60.84811652086927
9.203320387097893
10.981022665895054
40.64284724266148
44.554171312271194
42.524614788572826
37.82318253191339
55.63255764908371
37.36547054300667
31.76382734752523
39.062664757803944
10.044733637566353
0.6810635031062375
29.36355176454967
60.16960992940783
13.279203405422969
39.43501946250804
9.753471313445996
6.740409295966614
16.629788921847943
48.554195155338604
42.97553918480585
44.85449098586693
20.413689470938657
17.89014867166882
25.866179824826546
12.678812462309796
11.521252785710889
24.659931437553176
11.368619934293076
20.758744469239723
25.90005972097883
30.763044615949234
51.55282536852586
53.46751696701277
50.78861859272581
44.1535287984447
9.719383766104396
28.290405696773796
21.009979686229837
29.585123138689042
45.9462405458289
48.096276792721355
56.52734817095995
19.63794383184262
40.30963827163391
7.844416675403849
45.74502855201035
45.509987595926205
59.40621923751888
46.98138436296082
28.867802938639542
50.320130837311815
45.099120391833004
37.688422943304936
50.04319752742854
47.50937397100025
16.1047274561003
9.135476192773222
14.053665044641168
37.057644222282796
3.693568997481435
51.53885133752998
31.41232528508727
60.15296422714408
22.315334415297375
21.804893228598907
38.93991703835439
25.065706255371452
52.44486569811114
14.934972991345994
59.85007956128976
32.39078718695519
52.572364533430665
50.2887094114989
16.772373145119566
9.919560096892095
32.52523644677343
22.035955845018
20.25351722415603
13.444291806258196
23.831220417181576
30.199357441275147
24.575475507807155
24.37419875061155
48.31022068864254
50.42430028181471
8.050055172281734
55.139958000698286
44.49506695410704
61.89301085099491
38.10769946111346
3.6382852899433473
37.71069514567348
55.33511655045913
1.8200491766858846
61.98089305153293
39.42682663525552
9.077559432444875
51.706367231055864
49.09681013518674
58.58112893819339
7.1481743769939925
40.788079061880794
37.33529300178159
60.57361817173219
30.753996823785116
50.79620141068752
51.403987769290595
4.678676606470496
47.68966842345426
37.9920909159114
10.164967252671087
46.488296776641846
16.289788099443797
29.056938684396393
5.114625055124179
12.20546638841877
32.89359503431564
14.630064555884825
42.5305760564683
26.487513715597913
14.175071315526978
6.01090806721345
60.40602163089264
47.49997723670538
6.317357241662975
29.56960619385776
36.385090758833464
14.230984757667922
4.116595692131412
60.28914483549198
35.637564347033944
15.965742132201282
7.823402486395885
48.216399903691666
13.826595323341824
15.346770317869684
41.61456543545851
48.62227481378674
32.24295380776129
7.194434649236975
51.71757947333957
29.999240396841163
39.27409370330311
54.03812139664687
59.933432754290294
18.95594857516069
22.213631499515525
40.66263840003601
55.6869480555319
45.42065046904422
23.492239426820863
20.024310347725027
32.198795476074245
10.539747295225492
31.969880482725735
48.18681793186528
10.792877944494212
30.507070753960587
15.915939892419306
45.10335744110183
26.1234003685004
55.37961780715824
7.9684649776526015
46.91643933597405
21.282928732409463
39.524470693680634
13.599684313459523
59.81689890060075
38.5306668132059
58.96567712476512
53.41367474646813
47.40873242174528
15.947799372400052
0.7315947826574103
48.58491498320379
16.232502081049937
39.20267185642315
62.790155060470425
55.52522574779358
10.855408623682528
51.38544839272937
48.701365783181245
25.202427059121916
31.362245518140114
62.82646088717398
40.64732824499429
55.95454477957257
11.07018197753214
20.007365117549032
49.884020971954065
35.817011717284004
60.812073677075475
21.635233520716003
19.916039443563356
29.40765354828001
8.682977062698278
19.488352947582033
10.98570290696263
23.943050582353898
39.99071340040132
41.81271671430042
11.51424044697163
54.392872181438385
41.22639690756706
52.60144967341794
14.673090225362579
41.31299946493405
27.2781294237019
4.102290455036616
60.231790428244594
9.558704806254106
25.656646478739844
33.30813110292404
52.481572634490504
7.018984894215528
14.069381809877331
23.3473795322035
53.02780439575679
60.99486402771481
42.143219895196054
44.48079356646427
59.46539041934358
51.49595881980932
18.745875344728923
12.36277745608497
28.33509284474418
13.03450162775194
13.500614641733417
42.0939870065073
16.936844511194117
37.18303932757789
28.35745816214702
60.5796687027888
11.043880242803944
63.86822074264778
52.938172328238664
34.892846059206
32.4077460614562
57.71117013768746
47.84093118293582
37.17398056128016
45.27542303493584
12.653201898729865
5.987908450499596
29.71483486565343
3.0432123905432746
17.249876602356103
34.58587017444204
44.26039502978676
42.41250211192731
44.011060936305334
14.81242045362222
15.635783294871104
51.273943344347806
58.890301398335055
41.13915438477426
15.861642954291323
14.697014011686715
23.576143723011665
28.574976197710242
48.29306549359736
49.662314665855
8.283747129359874
21.916707657356135
18.100611435726478
34.984268531432775
57.04349406896259
50.9729677935755
18.001435738353265
24.687578097298243
43.197614835471065
56.7283007299581
63.12815771768726
63.36617690851906
46.5460719134829
55.690218302577605
25.199674756506077
47.8538962068975
26.59767583697218
62.63012842320852
12.831872765474678
5.762025173278843
54.32730290134126
9.263093546684257
32.03022998070682
14.642216172009327
54.92528692558274
33.2846732242003
22.012948320166632
58.02772692605567
57.70995178235126
47.315172410209385
51.605627625099316
7.899780010435734
55.30708946120817
13.369680265488594
4.310071059125384
41.08379683428471
59.773890742253556
27.251254862749967
45.69568456899383
39.442333447873466
34.85634075375488
20.34912431876214
1.2518051443290688
17.21696932309174
10.722661033201561
43.11812943504766
17.051537720070165
49.13913455287678
23.96823433282319
59.80062258885715
48.903020772909784
28.45780347505885
3.9799474146168805
57.06866734947681
28.864288081187997
49.72797447092452
25.23530609139375
32.068516714308295
33.333746710400156
16.199771517562574
5.417589970603807
60.107071180533886
1.9003843015619708
22.628642304621543
4.204896812821325
46.68524145224622
27.963531472023973
10.897935250911615
45.05087728821641
21.503797689609847
36.40529811658198
38.09852111332576
5.534336225995737
13.213532949675159
55.33545299851442
22.40891615137435
31.09837351853607
30.186260545682416
43.92916154113317
4.116365585982464
47.64684843682259
58.058121115958045
54.23596307071959
52.01379200325882
34.91504477140694
43.26513833177203
27.367894728772832
42.141686244859876
19.968870432706904
47.23341121653569
49.2975199330542
57.891410554364846
8.170571214132579
61.0456437980761
34.53207822571388
53.41147410437168
41.44735886177417
46.2751074917251
9.370890997851742
39.081567410277216
47.84595005261991
19.97706917206837
27.109821726404302
58.05883005334239
13.595278790752687
34.98739429137642
13.253484398458163
31.732655223778725
4.110684806469941
18.71640637754463
11.68741025965139
7.452969571963273
45.83229106668161
4.868642788988858
50.22697796240679
63.12309006737015
39.676415750271985
54.327739516153805
61.26293389696579
15.13853617346275
2.936520853279106
30.409100847071716
17.733786116199894
30.027885092982594
18.251777790753223
2.578751923537048
15.364018364811074
7.980704950425427
29.936922350840767
20.491972309482815
30.624040923344243
40.53219917230257
38.0770749967067
25.392289491755182
26.79320309744716
42.1637231386708
18.47494731074025
16.23408949055589
39.883712116563615
38.74777014374429
33.77125833819891
25.01573065457484
31.352732960871656
27.829550093046873
30.073890122796183
18.963285059991552
43.87098982890604
26.434535799599416
39.3526974904512
42.38415592866241
44.40601908137977
50.034816177957765
20.89434819418365
2.432281832671748
48.164682382051744
12.37236843113898
24.217687771030718
40.64685338314778
51.74037498868662
44.52855216268911
19.617222473298472
59.07595668277928
18.2782811870266
47.94906178812628
19.365910193731967
43.10231881800757
20.692385862214987
11.221782174298443
39.07644025654343
0.8796310758016617
25.740564453504078
21.44896120954926
35.78929729330454
5.303867659676648
34.994933211483534
12.916385447036152
32.158844014213486
24.00302899255886
62.2085025991545
7.8336802116438875
37.086404824351696
6.567618267877897
15.110438870475374
61.0455495902106
7.369744055503844
39.89535578368731
53.316899741094325
59.74098760021681
20.527869024743282
15.244754889064033
37.88034111186265
7.688112075869
41.50166769391815
46.08206749420644
44.090805191173416
61.46797659506852
5.461913225131511
18.053722423042107
41.78308597208862
13.059750969497408
28.962639178921165
32.63926557150114
19.549368416405983
47.46050789945328
43.367718693234636
8.47285148296245
62.50742826896611
61.524642998282076
60.15391251263526
2.458079412104915
17.591682267305792
16.162833316194266
54.951854145150875
44.39712094218119
60.034743734162475
26.364700861275388
51.29276887201969
36.08916763364983
18.0829077705044
33.84938574967187
31.087928931428536
45.50288240294937
11.30233363978705
39.162934767264865
50.37041360122797
20.309323009247972
39.63984682967566
46.20599761507714
26.033554842384074
21.42304145381766
63.499209918842325
17.051170423954037
61.25320907497361
42.590428994852914
62.749918233013474
47.80210773919186
36.37498564478138
28.99673317678901
40.277646553532996
21.194929039930962
17.27378815709864
47.222611819267826
63.60882741489641
32.10898397266608
59.58277333613472
59.858898435308575
58.07845024025387
30.957632561490552
57.943380259844716
35.65116520857255
43.640761823810124
63.54622506716534
23.131065586982555
39.142356492853615
52.32512391205592
61.92356428585323
36.30713507393429
63.16847847339783
53.13649586777794
27.509184355607818
21.903626719530187
39.13878793051446
43.83739024833696
20.905373058409904
43.603665561956056
63.48571992548928
4.945641856953266
29.90333168724967
21.65084119175953
26.5960226372491
44.58466448557537
33.40760046924194
30.796924905279994
35.18962633854533
21.200480761465332
58.42672578702748
36.99625186172518
4.58697871221068
50.44490774620774
56.4823030419301
62.525729917057106
43.18364118522683
7.2608762107386795
49.989918678504
37.57780977531318
61.44984471175654
62.75845015925025
19.28502343311389
53.79478683116231
20.14088996598676
28.012108082018916
29.01351585300518
18.84211496140498
22.846415554020606
52.93696654913115
3.887812322125889
46.36097802966943
27.921971394275275
52.240617838704495
49.99785863851998
58.25566831144354
12.487874927222077
52.64021753635569
21.003230085174124
7.32032681854551
1.888416189554043
41.296019345447775
2.624934215593484
19.049807114010687
55.509973904966046
37.82521549636583
32.950094320305965
19.391899923888122
40.98665979170379
54.811507943596105
25.38877089481025
32.25717956391775
30.89296802994366
43.04226906356368
35.383338651565936
43.02003515671904
31.889000706432018
54.58944280167448
42.7821333193896
57.343064696610405
55.47604250474279
13.071011708632142
6.690720391259227
32.68822528104953
21.741517020573838
30.974866281399336
50.73953270672709
28.035229886549594
13.218842506365938
12.135314965101902
61.26643315678682
30.278775871286463
54.79502950694532
23.123095047620126
42.47023117410372
38.22007027263586
16.275971673283316
8.712023496114547
29.665317805355468
9.83023350022681
7.876993753700944
61.729404041527
60.706752879489606
45.56760811780954
3.470705901897759
28.048937578210605
33.33448301267161
22.4906160305095
11.410599385578703
33.776261033356654
49.69899837493961
47.27393788186699
10.630725763283053
59.69782905665502
25.353524335056225
30.67461646269851
57.55135444875095
29.978850845081944
15.566167046808026
39.379012709010915
46.31361914382876
39.81033904907198
4.5244889391740415
41.45924852424724
19.156895354454864
54.06239076202975
43.956671740267026
32.67034542074273
42.269099831721086
31.05341458279836
34.48181121334958
13.467720441514341
41.936660164234965
32.863028554821305
42.45768967500338
11.530222973112767
17.130350471270198
17.81899070976356
54.147350560357424
22.99760200061346
31.96091189216004
34.76968070997839
58.18381162836483
47.00892289145221
20.327741826904035
56.05247185191049
59.51708207667296
28.48216186441642
51.0816612761063
40.466465852516734
57.64019359194307
35.09972887326347
44.508216327134505
51.57122892799423
38.62519533468626
47.7979796140601
29.756811307821042
34.52233594973766
61.476666910201914
55.68174362771417
37.75085987233015
29.096059437281042
46.70731165473818
49.91876448005314
47.42277473196376
4.153380247613143
55.97146705358952
46.179379644778734
3.2716474029771234
56.39819200911947
20.325691127503625
8.417644731634137
40.58339338720337
49.76003681240168
55.28861512554411
16.0884478180978
14.439809092153407
53.279649187416936
13.521617457358396
40.7229786639603
22.123035296429535
45.55645360999323
25.06631424455378
61.090775643645856
27.87739910601234
25.98571724147209
5.234100322565105
24.872151714634462
38.57482783439
27.30436524903822
25.13833775322773
8.457216644908211
35.00649861535157
3.873113529195784
21.96568326997045
46.39833272724493
62.25978160644402
10.761771885037081
36.60987764848596
23.82089794182373
48.887553484694905
5.011858547624961
41.66220278564359
47.19545819449383
35.28393555524135
36.35637477545433
2.859408472298604
18.39484139565678
47.159381559858176
51.77908244829176
21.002314222902065
26.427535637946207
8.548448175968115
32.56702912478013
28.385799465558634
28.00917564368034
8.32283461201957
52.733837840025714
11.823908804155938
31.93578193546218
39.83828850400103
49.07727977684594
48.98195280952983
62.73589922246167
27.437229204758914
21.273322836803047
35.863353891717225
37.09792919558509
3.886727313764311
48.1105703779174
50.403282913820036
10.511586914654185
43.46236557654962
59.20576677712137
40.30300067402247
46.580096476705805
6.3608980927020795
4.030529172295552
22.22873329903759
56.40717950651542
55.518151966946505
29.177968816283524
39.197529310621135
13.537795256008692
34.33669549264349
41.94116614446833
27.168958367947866
53.88440013845645
53.469886583728226
50.224842480275974
3.31979777593191
28.730120921236374
29.829796620888636
15.94598653621366
48.54263442534058
51.488395583696416
41.800226712623086
22.00466563611504
48.40559402574545
51.94442752073574
36.344971860983044
33.235507464896926
32.36238579856423
60.43286571267157
4.970628759281496
16.5446198441084
46.8319283766992
25.437673621027084
6.635949153335233
17.45714176585063
39.975236520749554
52.31968104900329
16.085086584133723
54.314366642583934
42.703176647019234
52.243951473850856
43.79594025605059
30.09433113707363
37.79771702011585
63.10093270025526
11.046946853275724
13.35773013242267
50.70222033731041
35.245762681556236
51.25981294869275
53.229532440330296
57.46568119292668
57.791804700488164
3.767230240327173
48.768156304372006
34.069845112856875
18.906963280464318
5.849809118149992
61.706693368217586
33.41929796820846
50.994653838758964
35.05520636731962
34.93871793068884
36.103478565922074
27.581226281169535
1.1731283416078924
36.7974819431458
33.893678328061114
45.06214361812705
56.69562830412407
40.51537376661533
29.731676040641574
20.428184802541264
23.092495564639542
46.41517649965708
14.907050986106132
44.903430895401605
42.89708812775388
52.340568341120886
1.2863010251559643
5.553394847849653
40.73142085567823
55.635237635794866
7.764436099338653
44.47193787916269
62.356290141638794
34.07811591293307
45.76803334692826
5.999619322495114
46.81243087208066
50.750639865290836
28.47988925744206
42.46095921638718
21.433220708591847
27.388975875235513
22.79065126924737
44.32690397216056
48.82683389243125
26.967846428462572
40.3558969249216
26.69719578257208
59.05498674956424
26.786598394549323
59.46940991393608
52.1655725077961
2.618281018561156
38.72265695826749
58.05191484496817
32.643187687650695
30.032481194968934
26.17592157299805
41.88427734697426
35.269995609818956
55.22482306998735
36.67160366870248
47.51939239830236
36.26930623219695
12.623097781915344
8.75225853048773
33.53393149453843
31.348944550553913
20.227639093581708
44.01397280715578
62.72483059734058
54.618302406544515
50.33469738333578
26.08463794989763
44.23031323638538
7.8424269725663365
13.022991122153996
24.030695618316535
26.356020923883428
63.71787194764288
19.090201844196127
63.45811575899525
37.27621177188299
54.79222960895228
15.824811487046968
33.382810977367406
56.320591171289635
63.83988900690315
32.99801446051018
58.847338771298695
59.13435970736338
57.103996666454904
27.208184412442854
48.13060656210549
46.25898613954103
40.75225518786032
12.07185597831188
42.70338144155061
50.25484842788661
46.72866427575626
25.02480495113884
26.55359602009512
36.497569224936875
46.05960519209886
33.36501669627597
59.52891239719698
39.38469791495135
30.86036279136325
36.527057704226436
23.10806529766307
7.383089732361093
25.954984612561933
4.945016548625048
56.94569012087043
2.6416043125265034
55.56957552482861
39.26269386212538
19.11210173597813
6.6083042240506344
60.269585018455146
14.16476705507758
57.997715173087265
22.24184202330044
0.16707275365471475
57.48721470046673
25.71614255067643
24.10248456147189
17.533800105408016
23.179064111293396
32.424548354836915
13.956036135303624
5.447561674353125
42.85334508389338
47.51100075227701
22.692994920151527
44.73237145780021
22.022366818850703
20.987727784357638
38.67624959836593
9.30176760057671
44.26431823149274
4.717006301522289
6.560293816923995
36.35337814775559
47.96860070716531
28.477231055189314
59.67120185243202
49.99728763143482
11.817999228397856
23.624430184657793
1.4760918126733245
14.623683095121304
62.4383514007576
52.84995577921752
25.754429676300106
43.9822018362052
28.315695825951124
51.605718934899926
46.402441212071494
14.313986841555668
46.55423069082511
58.93694056776225
0.07667447213991352
24.80495307373257
50.331350564583175
29.958750082857833
29.343118945577658
50.530450546103886
23.702845557229477
48.16536224884341
36.31424853782328
2.588966082028925
58.26230714015037
39.23163415300423
21.56135707666107
42.78222778478399
22.716447591657985
63.171994358238344
19.04202343358666
26.494508237512385
44.54138354112903
60.03236338082361
61.1507706373397
25.403347557531138
54.830685042238414
14.150073591791678
15.705443946576132
35.87155632294119
33.4871597853215
39.04814983823315
49.23816982068989
14.279956269221938
33.70292640906742
59.50258949395061
61.771232005749624
55.12994206697208
19.224396784863647
54.45500086738582
62.137052105358535
36.33490592394242
44.69804453331206
31.943387567305756
8.836498395000774
27.216242316747227
45.35261596264699
51.30711783588916
27.28774749980856
13.967836150989392
15.40757500093132
28.730913290879776
43.517889760693585
7.770187711721718
42.1142391253491
14.816560879894212
39.990580229178214
57.14656147630438
61.356249208682414
38.75040472986482
3.0546610248408754
25.86502241577671
33.49919158986444
44.24440100350081
9.360697472429926
12.4416031097911
49.85315980164952
39.202187008371936
48.73304341850556
30.962389016875317
47.258082614591586
34.49009671829848
12.186311244485722
27.71933979493013
14.739784984705633
17.786041469670327
45.31391667409757
10.464068736867084
24.160430845161127
51.67026770788284
54.63079391429435
29.243534034798923
24.41092531043607
24.14487184080722
40.275912092270275
16.364850768969177
22.110167719922394
53.76685298416853
23.793525882181555
50.37734553634328
52.23573522155781
4.913902998019488
33.71728996091309
18.610603376715783
49.20992441584361
41.31954628689675
45.1747354848622
63.16531044282459
48.508280979079544
59.28160144562619
20.862569705886525
17.587971887024178
6.746271855181007
33.08669067714654
44.84422609851652
28.125810216210652
51.37094453364793
33.1541513574397
22.97996435084529
55.38879801378509
52.92518250853806
21.997131746479376
44.18958362010746
32.10551706856897
9.151303261186111
8.604695571368126
32.3404850841884
12.115289609607206
19.304630544499428
59.47403359683107
56.80340775926189
32.77613337091604
45.55531084109773
30.431315740599505
19.158442041608087
43.99521529778293
8.95020511736007
16.95869080284375
42.826091731183915
53.09939292358841
37.97638500321983
0.6228446514328425
61.335914432474624
27.57686111476805
46.66822009709813
52.550306013396025
20.27107316478114
53.75524609487258
0.8453906979457173
55.141728699648525
37.38044447935588
57.433431212633025
51.9543694738592
37.5568762833461
52.78153861061783
55.21092827102389
25.135408231107228
14.16877560639077
46.69562295266257
18.956719955665196
23.792827369185005
2.6448169340038206
42.3405772439667
36.57877956739309
45.6317249359479
21.24600426213188
24.910920559181776
17.236287059979855
15.420302369496092
17.849971976412043
53.76265306995508
28.40283553672186
30.616229388155496
53.65211139942009
2.6220485652371863
60.70636994009257
24.80933511715436
41.82018481531096
16.21058049562018
13.221990666503189
58.792060356726125
7.144587356620022
9.205732520571726
37.45308829188019
17.352889233462864
56.6008506502693
35.46713793735583
7.198383379893407
51.11302550684459
26.333176124577374
60.42381849422157
17.574496016331707
10.026432537170766
27.79128341372776
52.83787646750895
58.4114711831139
25.023376641152844
59.04131269736504
57.51911157880332
44.75614474613442
38.9060278060838
38.51749949154745
32.618927679854544
59.819655258759134
45.354631435667
54.12168863792122
41.01429748799888
39.57022706072975
57.430668204902645
62.904671150297986
14.394998164038832
31.291668802044263
58.883703844800934
43.33406838684327
51.756902491057744
27.947474678790115
23.5279282766988
25.606258119139774
13.695999097523977
47.77033683609718
44.30680576396953
20.50294417299177
41.91087483613161
56.301353045666595
38.66041423238486
25.55266438995177
10.805238292863677
30.008226940089813
18.311148501662874
59.741247378957524
13.533748113054873
21.72534630997011
52.88056793138954
63.173699917981025
62.97949249052744
56.28168295514001
49.08092433976542
48.760805963497916
7.4780824988505685
38.219532351647196
5.725422225434521
27.73766603990687
10.782789257806698
12.182474971068768
62.62499979999299
56.27991340848963
4.036550364625853
47.80745353766161
14.363690569225746
28.5802682953386
19.24481935808339
41.66692375786277
61.02405935281169
52.25468559467505
7.998185146912277
36.10763770597844
0.7758633706960367
25.95660858512992
43.06857266003672
29.1860475482833
1.4161100169799354
31.473768506198653
19.714040197307025
44.204609060084664
16.192533165113254
45.17853905847076
42.45612081991234
34.35415720381813
40.64074502701446
15.622444441231501
20.973714376578293
28.825629109904344
11.946582779276316
33.29650988718125
5.536299284482418
13.89626558930879
49.92801765766581
2.3328209687291874
41.848765850770825
39.49552429979673
35.80079098851917
56.35316731860155
14.755928778342003
4.749940795042576
4.946803014267289
43.33325478628515
24.717528211979356
14.402316665522147
47.39390422833934
37.19968864365473
60.681435295438746
38.74251181762349
7.586246503024185
51.51742342376812
20.778592220012182
12.022399785975566
27.715627023966334
35.249192787580846
50.51091522614095
58.079812160932
0.40580423317590686
5.34047869267777
41.544489165206954
27.09868383338138
44.3891418954431
3.8207453645676424
37.99385072799993
41.99649085679704
15.247872402728703
3.6187278078068985
52.04481917567435
58.99516051337443
31.702198030279398
56.83049715496604
49.32884748603852
49.835164304403406
59.79729255714189
29.770014883155703
51.40939637194634
62.10575751951852
30.9192694808929
7.228879689564636
22.78524165387233
0.42149055469958085
18.00816124896302
32.62798722424762
38.7001023041691
46.153507620486344
37.02339289060675
54.82333566196671
2.0216830393530145
58.44327714102364
3.2815437572363564
25.848787072240672
36.47137356936359
34.54564466851345
57.58144248180783
45.36820148316172
38.755859550376805
57.194234631105786
44.38240910905106
24.088524052988852
28.994806357175776
7.60018965599194
45.402172006502795
1.9544012127945578
49.76877730125258
59.62359761016417
32.97169176038469
27.145018398854823
42.351319375656544
43.65583266363766
44.67772784525722
13.499490370283983
18.282901707482477
0.7403584325543164
43.10193262046291
15.846268779067795
34.19654236795847
7.2662386059019255
58.93684611278141
12.11939634330593
45.74959593150584
1.0207680525776084
3.662008104043103
35.49396169809983
61.534734786742405
26.839669204098865
42.47593445565003
31.747757538108026
36.45186803316724
29.952933230641804
42.99241564906631
27.34743788180458
22.06189062568971
56.491396809525064
37.52249342179429
59.5784344196981
28.54900309890604
37.384415006224025
11.824593865833261
38.7380587275649
21.970286073920196
26.72942651516758
21.84658303639868
28.00862821499357
3.8146112994164625
52.01064742238529
46.903426154401544
40.0936079115346
39.46672347098901
16.081947792297136
48.60784430900408
37.590219035480544
42.15703136943034
53.78851243417285
39.34551219906897
62.28582934088306
10.280930810919884
34.51744578367057
33.34930362763312
12.258212201021696
49.54226981316195
24.32557801730729
42.69063455817906
48.05128394507251
45.61607712613181
3.1321475469922433
55.94498234182174
28.207153418778898
61.531171331034116
47.56575947796912
31.143142492726085
38.615333642959946
0.2816782101297193
23.911207520350377
14.57120320734397
15.479602388703995
56.713998830779786
36.18939905857116
41.3216464562215
48.5405455226622
54.126651076430306
59.31375496396039
22.905845305208263
17.646100725714682
58.301343084616136
20.91681764780567
25.11089859929182
41.18133971653063
45.944909712245455
22.479565831416526
32.993634855268326
55.40426562578532
53.529563051172474
45.3179540945499
22.783721543409964
6.34122641157677
42.901922303197225
43.8654194429633
53.41517276653703
40.497507747189935
63.560655350466604
35.55425484322352
53.17691756275771
40.62168532159713
16.20974767360505
50.54616927519325
37.5108984495227
7.063414853392501
0.38625305632798757
11.830424436798388
29.0022429660412
27.49342348433386
0.6266352873829675
31.49621454321111
42.37585089813241
27.73794611906346
11.094342304767132
39.97868543282537
30.438748248297614
62.98068130044919
10.1631001968669
36.42971740004088
24.878821783996404
26.27767865725775
14.518537513983215
40.36842361078862
37.532933758930774
32.787132140899374
58.268803808969984
36.568467274420186
23.726538910318354
56.35210294773514
41.75671646479582
39.79852223126622
24.066522949581188
5.186682201378069
60.606582334210174
16.57376128210924
45.747955596096006
32.60457239768242
16.62794874369472
46.418182904003615
52.245402252351646
46.24060999838698
43.923680495084234
40.21949552987955
31.800939506225887
39.972151486182824
33.60324599541593
15.416239787654092
24.006527748807603
8.633064734220323
43.0261373156607
23.56940990952107
1.4461301481292423
53.21327820712081
34.639696488784594
10.158046444803738
17.007251494659503
53.47343921734313
5.6666448166924965
34.858518207795704
14.12206285009973
37.9165058365951
24.89487861404698
32.353964278354624
58.68043806009368
51.28143212489782
57.688526330517846
27.18757441634191
38.02348062863877
59.41934998649131
24.037067676433956
41.496567557609325
56.83586390932234
32.13771064263939
34.06603768544058
2.3653822042909667
42.22730674897237
29.043238961903782
36.5079678197474
58.277251566445
16.475622082299225
53.04575090246393
13.677745045247118
59.35250986880439
45.106651493944874
27.239809092485956
54.7567282002052
39.03812150156658
33.13034218627749
28.884551921095863
36.199176964938054
40.6138907201918
12.146324237431074
59.49144747207259
11.814513507416585
4.808507856040528
13.334494936739123
43.96154673856075
20.80846353532267
19.23710462837032
40.14587893983959
31.6611700600816
30.33546763465315
45.89787808333405
7.452988687149691
60.944685378072634
32.932560628750295
30.335964286203243
51.619296456343136
40.73880428643592
43.55556981034688
52.77165922910402
39.18876213296127
54.636473595732525
17.784943936114285
17.013815005226192
37.561341428945
41.12406912907452
52.970585213541604
1.3923397535929851
46.75391086506324
0.3294425332753761
47.47630929407554
55.72344014087168
17.95896786257684
23.784021342615063
10.494524543285511
43.46851710408834
46.168353947077144
62.53270788177513
54.72085334855505
45.17067889276247
37.197706029461116
17.400053483465165
14.892558951873465
56.81341940846758
28.63737382600801
10.358563948392224
57.11359136671149
51.66118890726196
59.802471353670285
48.858290898774676
49.994481243543206
7.248854959948481
53.982610444430726
15.761186360566143
15.958458931801484
55.66556233686094
36.07055029160793
5.424568660202382
15.606203173563468
59.22760097721408
37.25454674131895
63.52397998029495
7.697211999671843
43.129948358706386
30.299902342215194
2.172946317352576
21.213286124632905
24.6932412254733
24.12085123723086
29.01369283758686
37.92796379300506
61.476116899714015
34.01995193244558
58.524797645557584
4.509453585768597
19.739030217274575
41.267352211320805
50.72871282539241
32.95742798150602
16.903786274065464
34.225321999865876
1.3169324921817065
30.872713657985834
57.16783864124215
54.23430371699572
27.401069929744587
3.4375960940160653
60.429609397173564
23.41016537553765
55.81116639377934
30.176712689717306
47.169292234878654
31.189455685307465
58.58355180061018
23.118441412661497
7.8235091668726895
3.5726337506292154
59.09221128137601
61.84222466162342
61.63201442654315
2.411342133423368
17.65588987840152
10.77106925973274
34.7019630935433
63.93345433596716
31.16391029651162
33.77959251282996
25.46189577140559
0.5400850182647616
49.47641183460107
11.786806585121962
32.85744027255122
59.77451172930614
15.916969623774815
47.26557600264155
36.02109846178929
23.188951818068713
52.77178753410422
8.741223369046345
27.710417103122104
46.56218486265741
28.35225821567114
22.14905455465395
39.32982649124082
52.205551344348066
43.50130797038594
25.137440313846533
14.045535960936142
21.07726940973658
52.822524465374016
15.590743793748562
57.92608455344178
56.78086719117057
21.06335951271287
58.131824824707174
37.033886677586864
40.49626924370509
44.18098255249049
62.60785980144885
4.122299698800866
17.859147232247164
9.333411024160409
50.417619281115506
44.21649111152523
59.71101919289063
45.21103361178774
10.88013017177667
4.1070950353127245
7.202118765806958
30.137274086629148
14.239800827835293
58.782205251980734
12.353882762458692
0.09881631894300824
53.70530803882407
60.88777088141062
54.372059888452014
34.28400098663348
15.325579166123582
34.99874345916051
30.492505823008884
46.23606782403684
53.79684198361694
11.62828150846412
13.678565277418425
60.04808852410645
16.82585409793803
34.28034873611027
56.74735405659733
9.432074521722637
10.018694487414457
19.238854061975918
3.7832197333470106
27.30407292496308
31.235290865944442
7.028879168241161
30.910139635761013
62.905572560247144
48.17242534537411
24.095695715718755
5.623498263495023
5.669580408204119
50.60649401177501
18.498049168486027
30.044417968916797
55.60211586090644
31.280897905369223
61.957764966938385
22.29224379767592
32.022094185010644
13.326148684598643
24.649586997566875
42.83144227000956
