0.98697330609867
0.9560373409972267
0.624371207457722
0.6561606236260209
0.6905349966022784
1.1137666054813002
0.7552485288517963
0.9953005677388849
1.0403225120376116
0.5735750719046039
0.8926249101637983
0.9271457839522527
1.0450910778332279
0.7316511485035243
0.6986452552930609
0.6164863341533406
0.8243390708755463
0.9481942311687159
0.7312270880807478
0.9073583144301527
0.7385057334768486
1.2831849718926502
0.813765749847656
0.9485200119110677
0.8410595138520749
0.9163164069244359
0.8510943678566292
0.8442186684530286
0.8979730473648321
0.8972481496819259
1.1200229296600552
0.6915619389397454
1.0479245020037646
0.7197917598913007
0.7740620010701208
0.6362502846034287
1.0211684557891187
0.7670708500560588
0.9164214010842024
0.9572488961243844
0.5837593608908573
0.6921804733752781
0.9305888378901715
0.7800289966502698
0.6937054019164306
0.8636412774418016
0.9403987852179473
0.947284322254554
0.9659597237555987
0.5939993323628863
0.4442588166277474
1.2198522061201258
0.6862172681293786
0.9952951093619364
1.014652141343352
0.8645113371927555
0.6289877857937607
0.9515803978782349
0.5537875049297434
1.04785334345495
0.8331570604830858
0.5288216592079651
0.9579451595051409
0.9278371725721972
0.8767092871595793
0.8661583175425536
0.9436254875653565
0.6991455789890857
0.9585586127489537
0.7043249702628699
0.7956422587672374
0.9093280858827779
0.6337409600568904
0.6237348339675839
0.922488210980007
0.8744576551856748
0.8108120176777941
0.712816120119146
1.1528792308474678
0.8413665247958448
0.7737603370674694
1.0139286111526709
0.90841493210856
0.7634191222309546
0.6282417018269453
1.0117496679361604
0.9593050253708691
0.8244691287844301
0.7754722206017028
0.7186079952084438
0.7836278115703136
1.0467182046364787
0.9936300208242694
1.1516424769014932
0.9622125197670977
1.0055558174030776
0.6232638717652896
1.039449078738038
0.8081991588405055
0.7054694032070628
0.8260285193705691
0.6216740890397224
0.6250590618866154
0.9613900809490576
0.8958991284054445
0.9797407290550249
0.7037518923568864
0.7152456193853844
0.8291213399537302
1.145429151571587
0.8216527906214572
1.0705685680953667
0.6872144537808054
0.5459183491165248
0.9395367092582729
0.6679189703933721
0.8444751995471995
0.8301941430391182
0.9669354184279152
0.8155456112323058
0.9379084186471798
0.9885531270593999
0.898423863139768
0.7123001532875993
1.0678278689067984
0.8131343543138965
0.6708384781192072
0.7075813488493494
1.0230828656811464
0.7863871792822297
0.8271651374156632
1.1487998312073122
1.0365666421910191
0.8010544839174347
1.1041162046543982
0.7979820412102437
0.8979599794574481
0.545171425739329
0.8979611511970474
0.691993654065132
0.8365532445685477
0.6199059202432899
0.7339012989180255
1.068863895566557
0.8824124654857255
0.7236896662728886
0.7527232465894304
0.9439172070987487
0.6952045324458567
0.7727841419036985
0.7341043653371788
0.9650448820577658
0.9662843752966136
0.6757490979011103
0.9264394713154481
0.6627598574786754
0.7625387066317609
0.5611869121271631
0.9194306615258897
0.886841203167632
1.2515093655399316
0.8990739165617052
0.9607049779339936
0.6969462593255588
0.6525454278158653
0.6931205158386031
0.8016557844431345
0.7815866213592072
1.112426810975689
0.5776960782237265
0.7844999832549155
0.9918696888055072
0.7909380395165782
0.9804497760949126
0.9651045108875316
0.6404161199048337
0.9559896733699165
0.7244820337380904
0.8765780560901963
1.2023631903669505
1.152621385318883
0.8292301612848398
0.5803346485681389
0.4171130884255578
0.936992838226662
1.026657168278641
0.9129585130560159
0.8454709405943478
0.8152534060953772
0.8050299154141796
0.8314671371363899
0.9560010637207009
0.49918995000214295
0.7822876479133061
0.9024544668176735
0.6170417347942591
0.6940588971827043
0.5999235833453227
0.6366614748748847
0.791891032670232
0.8488688594734202
0.9956520207270001
0.7574003905940411
0.8268075114008884
0.7197755437082591
0.9751149238145354
0.6124033940872662
0.697467288953148
1.0308855230114018
0.9002285040735606
0.7882932785272069
0.7796746798906745
1.0175665992977128
0.521003321408662
0.8879388576188136
0.925818245618061
0.7782006787866045
0.9358175242730215
0.8764327498440238
0.8552326939712928
0.6285587646860858
0.8416566131762557
0.9254773407085807
0.6357058927627368
0.8739281475298317
0.8975175675402978
0.9543745391543487
1.0396910409141011
0.829696039065077
0.8979221710836836
1.103330975328318
0.821133778498641
0.7419705615334531
1.068918715190174
1.0081084913616531
0.9793292221072507
0.8024801315082478
0.672957539591278
1.0581088881646485
0.5754435804912341
0.7706112790115814
0.6798571742876999
0.9748422837232462
1.1092071399126955
0.8458824912568269
0.8201570640991569
0.5481740121161622
0.9973907272699889
0.9413896060439502
0.9483304266790622
0.59378231672845
0.8017009173324798
0.8159024311078377
0.94340185463495
0.720811875073612
0.6793532318194406
0.9921456150507678
0.7783646960357561
0.6725680458813084
0.6880120779359908
0.8386013296250516
1.018811845841964
0.9879338487383789
0.5510233563377018
0.6908444959722421
0.7613755903479114
0.6995314936578853
0.6335386307139019
1.0763684525276227
0.8211033137165474
0.8362757006175454
0.6381227629182726
0.6548115563590295
1.1270549067621842
0.7414292311774282
0.7569335812041049
1.1829065439433177
0.8054797534104019
0.8668669715959367
0.7560835874257397
0.808705606096484
0.5878425188991075
0.7130356076923869
0.8634835380023472
0.9928880398558764
0.8007468169541521
0.9235363348869627
0.9260694070319637
0.6390276721008598
0.5536725818672512
0.948030657849122
0.8959451187426288
0.9066185665389372
0.8792226255576076
0.9385136472528419
0.9786602495435642
0.8106661210909032
0.8149562703220072
0.6216751467895916
0.846721646300528
0.7377876868750869
0.8133918962589087
0.9204923000542218
0.7894859317641785
1.0406399719696304
1.0940118495418538
1.0401909474393463
0.8060563212233481
0.6808254679248198
0.9406989725240109
0.976734601495646
1.045624143991522
0.9766081779753981
1.025625662696954
0.7141885024637112
0.589908066685946
0.7250922281357313
0.7842890094782322
0.6140765501773682
0.7041900644244521
0.9843750133174332
0.7892739227002356
0.9406736178787736
0.5963451644498056
0.7791667782904149
0.6890660065912769
0.6371171923699737
0.8770546778495985
0.5727325179205811
0.9418879703588939
0.9424961908422004
0.8622763586030313
0.7467041097651299
0.6327367052676554
0.8355148040086137
0.5334322311023778
1.2648055768382707
0.584877084343777
0.8763036436770599
0.5104284182944558
1.2542161212860288
0.7853864059092263
0.4291590120093522
0.8672036643780242
0.6833032454113718
0.8740457094085985
0.7542685981013073
0.7637652824153753
1.1060968221092455
1.007652801249384
0.9034476401756527
0.9200400620418447
0.8433866956920079
0.7352108382189506
0.8760132176248812
1.0907559344045137
0.8140460713413891
0.8888043974480465
0.8821912424409764
0.8533845522973494
0.6941371869301776
0.8113371528912701
0.5699544869080633
1.0390998651143857
0.9718525927365302
0.7857793094434162
1.171056467690832
0.5601892813127178
0.9923353660660749
0.9999796817461628
0.6488035450466352
0.7462793260790942
0.7419161288571732
0.7629612130397856
0.8842587164241564
0.9777651809749883
0.9708242588954588
1.0487748362979243
0.9826413984034646
0.4842478985709414
0.9644809750887976
0.5642014416141248
0.8021988428292084
0.8489868381593745
0.7331783289926228
0.9047971468929161
1.0355009416207166
1.02545519039132
0.7202788211550126
1.0341699145758083
0.951104395125036
0.19612016460961912
0.7900401351584649
0.7062262823694706
1.0337038265176497
0.9550799794687612
1.0643899464541424
1.0644531169285583
0.9031613845904273
0.5662984106691129
0.8113831584712756
0.9180402959822453
0.833670106472818
0.9502994986227888
1.0046646670412127
0.5587849524959053
1.030050189044147
0.7992157443074233
0.7654380640587102
1.1196506535476307
0.5834273495875819
0.8896427810698991
0.9006033521417447
0.6541384195995551
0.9484945056568889
0.8733709511415974
0.7673165483421586
1.1921974299345837
0.9328386741216852
0.8627317359562477
0.5880311312552211
0.8772426248461215
0.9514275394728671
0.8276027616872411
0.5694899042610866
1.14303865875114
0.5705715184531712
0.8545852463434324
0.7288350691779453
0.7495342470102184
0.8060456873554065
0.6750306775060547
0.9546990936686828
0.7541535475186374
0.7976683778032319
0.8851700459563836
1.1166196444499539
0.9878060161558453
0.8608096176256455
0.6816366263180357
0.8823607350360703
0.7964048745603253
0.7954878665467991
0.9508177887995141
0.6792903369118006
0.96466242688939
1.031871487972426
1.110692727236505
0.5257872926961179
1.226674178738792
0.7656278055775998
0.9202939297201682
1.0878294675178368
0.9055910325603209
0.9472941564796721
0.9286343850996652
0.8332628794992437
0.7608616525486654
1.0430823467141466
0.9825096134851818
0.8207213214938279
1.0686332145545183
0.9156907401568554
0.9001995074467015
0.8734417373018333
0.9120045685205949
0.9621182993475317
0.7521615682687086
0.9510727256283529
0.5121835520947662
0.6234989392547075
0.9872395077007513
1.0842898552850861
0.7055160236052921
0.8397139579335616
0.63257155360971
1.132154839703488
0.8719369232799891
0.9146193490271577
0.8962034387015423
0.8923515749131345
0.9633559393056665
0.7947318878474765
0.8944097379336048
0.9627138662078312
0.45643656108101527
0.8615870924559907
0.981684947556496
0.6900330326724593
0.966394780460958
0.9873421201979974
0.6315752041086675
1.0286788987193667
0.8464827105329904
0.9668966044465354
0.7495402567619055
0.8203747379183576
0.9867071108274159
1.0642797764954401
0.7413300338442096
1.0038496352165456
0.694951153702712
0.5449956627609529
0.6563216507871642
1.0886510700744516
0.6420572956709107
1.1459435526940016
1.0300791400021847
0.9337317636937439
1.0237292700725051
0.4115214422334222
1.0694388479200614
0.7587241529823219
0.8527168523845278
0.7181614049537653
0.7626825388328303
0.5098037113001108
1.046537396612208
0.6217345458953546
0.43840215178210223
0.876783139447579
0.9018029869007675
0.6484953904101562
1.0796104131903168
0.7636433178189079
0.7488224838841651
0.7310983862462095
0.9207807948414962
0.865947274248386
0.9812133801917763
0.867962595727377
0.769917264124529
0.6090731790110608
1.0648008406037932
0.9432398346318068
0.6695440313855644
0.9597744681909982
1.0032014556048536
1.2615877818977699
0.5740124332595925
0.8905283834598615
0.8063792806724857
0.8464860019462558
0.6694802031991439
1.0033448634589919
0.8560142409780251
0.5726848727759546
0.8400206157251859
0.8351283505612874
0.9366932664696828
0.818480123432817
0.9541976475394518
1.089034856805621
1.0732456081118957
0.9476577050006969
0.6880237070594813
0.7050315439584558
0.5612822462474968
0.9106196829501512
0.7378077729106384
0.6691019028895515
0.8815421697319915
0.7111579078333411
0.5365675947630102
0.9319357454582173
0.8482527852357262
0.8422425626479294
0.476714383648765
1.207207730319084
0.9021471772320862
0.8563336522595338
0.5616318921497798
0.9355812133139618
1.0363702543229183
0.8496473883472191
0.5607813967521418
0.9867290138699583
0.678354377712819
1.0073669589787895
0.6313094560438424
0.9903975221565784
0.6758870672114423
0.9787047169316722
0.8669108298588372
0.6964067445470543
0.7586009998830875
0.9314317176097188
0.8771235731007061
1.0131469454188624
0.7025755418640153
0.8519666129070959
0.7787926319427416
0.7407895403552253
1.0393264856101243
1.1240731614598012
1.0424422333881258
1.2210420043689783
0.8144861235939547
1.0292689347726833
0.9229879659008046
0.8661826851543477
0.6475282921525353
0.7448627641831164
0.7695944854060854
0.411581689129169
0.7594544156100151
1.0128030721671966
0.7806156567118614
0.9085933430524912
0.7821312994848015
0.6189634606196257
0.7014567924382122
0.8069955800411163
0.8607368381888462
0.8296628212395937
0.9394889877178715
0.8501491069936791
0.9364262054935248
0.7610311277533577
0.868054297250101
0.5899442404365953
0.9422017063430399
0.8477738182935297
0.6980979804505054
0.9481523421548618
0.7617782546134424
0.82580999875844
1.263155304461508
0.7273601987841688
0.7406122460072687
1.002975232279247
0.9211399075876086
1.1328044448101806
0.7222510656109375
1.214055258416554
0.8573632180251517
0.6538741027934525
0.7757951760454819
0.90836060152078
0.6163028311434497
0.8043494016679658
1.02802714599374
0.6686773555642963
0.7885637600151324
1.0409067404119832
0.8402413069876954
0.8163931409588231
1.0207592966392616
0.9738735222326107
0.6588244950658498
0.8310138483080508
0.9160544557040158
0.7097193218727769
0.7070091211994287
1.0431824298544927
0.881263637893401
1.244514126939169
0.6395634366705014
0.8363985744264842
0.4441353133066061
1.0661611891205278
0.9838767500278224
0.6555632768298273
0.6175925507968479
0.8054839537713623
0.881574261666267
0.9794079312623527
0.6355601425053098
0.6524315987188917
0.9707140910057172
0.9685253187556914
0.9119976094543543
1.1304429021363858
0.6887936518646649
0.9219200670830415
0.9865742002771349
1.0255093876934658
0.9022487336368414
0.9127432332880829
1.0884190610836095
0.8650568891010526
0.8896109109196547
0.7131472108218064
0.8726424076749736
0.9524551061424653
0.8238020172291837
1.0189644719726059
0.8730026505793584
0.6699917938127387
0.7194796780001379
1.1137493261834635
0.6044164305779383
0.6685959295248719
0.9288517888075742
1.0703413304147866
0.6231489957922286
0.6890553420922951
0.8284966561272155
0.77094167779841
0.784848583921444
0.863591147174978
0.9119606167607002
0.6931440730834688
1.0743458184775865
0.9676243996710991
0.8126452635529415
0.8126379181304492
0.6637504222319593
0.9707269901786711
0.5694561607251081
0.6147203816964841
0.9627880776125401
0.6277697605389589
1.3927858358411276
0.7656468032260404
0.870192806945417
0.7286239150070284
0.8976773009845888
0.8956696718416979
0.8877560902539025
0.8400848275093763
0.9930149414012162
0.8776757458634746
0.42508947257966373
0.7943184947054674
0.989539710419216
0.8884257563183341
0.8926142144501135
0.8242116831760573
0.6581940837504849
0.6458291828528432
0.670319793096906
0.8869383042253588
0.7418320029366705
0.7778819505401856
0.933538075322959
0.8012612224638703
0.9578647255749952
1.158270347905515
0.6369323648247474
0.9023285358146909
0.977751862646642
1.043780621297429
1.2024986649985934
0.8856977300076121
0.7973554458972678
1.028681525813836
0.9523993824988928
0.784770137328819
0.7997117777625711
0.8675173056455087
0.6668741133486138
0.8401452629500423
0.962468555323791
0.8066191906689815
0.8781273631820593
0.7274542454738415
1.1458060999095874
0.6874121252816607
0.9995385258721992
1.167018509069798
0.8805373874922275
0.890909202497952
0.6519553565064174
0.7800085704349385
0.8195717611614228
0.828196647458947
0.8665237294897803
0.9298368162833035
0.6839588579053857
1.2120986518221608
0.8790770296835845
0.7379618201127641
0.7624269343965215
0.7881223554630652
1.0821048942498759
0.6917941770464607
0.8440936597013107
0.6997502671897237
0.691528729196253
0.7284514215231042
1.0158451102768673
0.8645243543791767
0.7151408800167537
0.8986798735619719
0.8883992835520753
0.6220726633014899
0.9672748873352875
0.8745196584670983
1.2016320885988567
0.6814438976183432
0.7122384906551499
0.7078643806993274
0.8047297530252829
0.8358264413387803
0.8685532157347349
0.994624173185213
0.6955840061908274
0.827799811607764
0.8647227013241013
1.2119823306633681
1.108926910420208
0.9703883766599898
0.814255713695231
1.0032763593410867
0.6402098796199012
0.8834263762291413
0.6373535697819928
0.9613138957334575
0.6592915137610621
0.7677175192883131
0.5895681210843873
0.6801610576858231
0.7929792420451031
0.7228679122245405
0.6770557744145935
0.8531326077609241
0.8684499244364198
0.9902969834617248
0.865537984883956
0.7628099297283131
0.9122362517170606
0.6305197716231933
1.0421622273246558
0.9589101444032371
0.9039891090358639
0.652288843303767
1.0808527122110199
0.8423783667301614
0.6832708900883189
0.7662149904238622
1.1715429479075048
0.6414661471424887
0.5992804445734522
0.6026516821861392
0.6459757954219416
0.5251612841446496
0.4056542290513412
0.8674984794650162
0.7937541234423001
1.1680764400852117
0.9086332689988059
0.7248339245239547
0.7311132676043943
0.8772159120841208
0.8933133909472235
0.6588660703151582
0.8997097960042223
1.070726300631334
0.7352731732751683
0.8558552961062553
0.8352009759841695
0.8614265128517943
0.8861866710958561
1.046667700566124
1.0256486659510267
1.08511160109176
0.9393202321018217
0.7265508521657024
0.8152943123984178
0.6799322489890085
1.0421617412322102
0.6411968253308109
0.9868060646816742
0.843577088332348
1.120964160445082
1.0837547144641353
0.6971682613734212
0.45502077775416494
0.5960645300250698
0.44758481758594976
1.0132628215316166
0.974785038517493
0.714001756800876
0.7745033781824618
0.9104412125210659
1.2350737091206088
1.1351092055981873
0.8687237432674302
0.8119377155509462
0.8862677077890436
0.6778225836128577
0.9368845574091685
0.6386583694137375
0.7355331446430089
0.8879272197162968
0.9028976544560973
0.6703661855221329
0.7524854181150551
0.7754018956480908
1.1880189117167514
0.6038310524869236
0.4752920572814735
0.8910004218835097
0.9457170431528914
0.8278695925683006
0.8151167153812346
0.8609050586905841
1.0511185533812848
1.1792429690295274
0.9947016754391256
0.7192636045038359
1.1870804356322524
0.906223778712344
0.6693295204192293
0.8701256681666056
0.8287165170489441
0.7112038503837844
0.9169385030634816
1.122749092876373
0.8682154627528499
1.085546986561714
0.8745738679974032
1.0372869792829338
0.7511687005615353
0.8597352032692301
0.438833016947434
0.9366284115808092
0.5809189514211185
0.7091696765088717
1.049506479147468
0.7112081649644593
0.7768854850544834
0.9407280999817329
1.0257462344797248
0.7783901712514315
0.8873440233727108
0.786775278334717
1.0244724018827542
0.9167826866345845
0.9274742804003606
1.3318207394756758
1.2003486581256158
0.9108679348787415
0.40460183674943956
0.6641562827302488
0.8107096540139697
0.8522910562808466
0.922175883911379
1.0205509577175877
0.7049668902252728
0.8740911671515665
1.0759223624240937
0.896962605313928
1.0854385312488417
0.9791305532578869
1.0322923797604266
1.1373110034320948
1.1029262539304714
0.8054690845928765
0.7834801761072923
0.6675872128069007
0.9279393145766301
0.9081121227512055
0.8579946395445542
0.582437415838501
1.1399356680695536
0.9934366862736634
0.6723175589450296
0.9542646530489367
1.1255855949032765
0.5728278860227519
0.7758780495351116
0.9412720079628807
1.1011082138174175
0.6992498820401631
0.8858068746693631
0.7402449562171737
1.038019709343665
0.7661160333206555
0.7664801853581056
0.6332247989380619
1.0112786294114557
0.9466707338742257
0.9410535802640578
0.7098757413388268
0.7093168425939972
0.8213110511073867
0.588171704357271
0.9771482784644332
1.0548071459950839
0.7926577894868976
0.45622745830904804
0.6568203724113011
0.5934850368824772
0.884964917503458
0.9983922802188305
0.8813247586942612
0.8465934847009827
1.160034163014647
0.7030603756140252
0.8712974113126436
0.9912102668691257
0.8871636821042084
0.9692745110202661
1.1311333578276492
0.8722291276728779
0.813550216240026
0.7184139139123565
1.0222291362234686
0.9146276458386575
0.8289100367063315
0.7173650868844634
0.6460662028510854
0.8394995328110418
1.1588505398065967
0.5060865780095762
0.7485951811809368
0.971676649305525
0.9119612821522374
0.605772285622962
0.7284150634270055
1.041382558140593
0.6227876901201306
0.6813688223040029
0.7493170948018203
0.7682851277358155
0.8434323349199256
0.7787948864828923
0.7383632753858265
0.8652705519624098
0.9748888126775693
0.6604378790711041
0.8953447127473098
0.7097792004552538
0.6489617929706701
1.0272772970578687
0.7223452646388717
1.0195800369723544
1.0199440916991245
0.7139772632728704
0.5190527296674852
0.6306580189506262
0.6749258057593563
1.3368624959386564
0.7453346116036226
1.1964741839104207
0.8585359259511663
0.9143266550727438
0.9352679516941146
0.9223929139504168
0.9571275376914816
0.7174079071844481
1.122469410316462
0.7979007662672226
0.8829656771604548
1.1212154411350395
0.7526135335015925
0.8203697583575923
0.9945149161194108
0.9315512404407154
0.9302462330706663
0.8066823581338132
0.8354695807664388
1.2442178540804898
0.8760556024915598
0.9178398277850432
0.9215592062846185
1.1384785130870838
0.9023589622688181
0.843002661370025
0.8176809820123073
0.641591320089778
0.7235940733959323
0.678625404127067
0.7812054911679046
0.7084380574829392
0.9542370880010598
0.9826215111413089
0.6753898607162766
0.670962655429533
0.9568256914355973
0.5053352733921392
0.881098029609088
0.9557843962325436
0.8180865888086213
0.5472410881738347
0.6959817094607879
0.7022862604518699
0.8202040401237756
0.9762165261022766
0.7237859729362345
1.0091898518521905
0.9555069233263894
0.7339658567786048
0.5954026187714342
0.8827715949392911
0.7003745457607908
1.181448321392716
1.1809387621246374
1.031071633756059
0.7690001445527666
1.005971540200136
0.9523956435444492
0.9028292532951896
1.0891220187724868
0.8581770016000632
0.9517988674463517
1.1605624619413977
0.5466543735006748
0.8930816736286972
0.4523980330513154
1.0584445048367588
1.0406444702703952
0.9959121198690887
0.8860617548911932
0.805028499822607
1.0263269005051072
1.056656395506983
1.0666464595234628
1.014846510627535
0.7974968522113892
0.6226798834751348
0.9795931506061144
0.8153727544356681
1.1079561881874465
0.8123759481646369
0.7407377976362186
0.9702058266646656
1.0674400151964154
0.9093464105848115
1.1206857981849068
0.9531084375885879
0.9730175245933907
0.7484426527975994
0.6396092958595904
0.8226604668823425
0.7189125504793266
0.5811441683829541
0.5890228830493736
0.9239693342217247
0.7642178568748222
1.0225260654238584
0.7924040618018429
1.2174774101290982
0.9981276418460239
0.6469184433911145
0.9408241761142345
0.9278768033305134
1.009833569564295
0.8631675486513634
1.0067134089723415
0.981796142405061
0.6931158389152116
0.6599223892240043
0.649907333111087
0.936970300868674
0.8159360495401542
1.0650376507737132
0.6554959722398896
0.7267226583457582
0.8847765416894041
0.5698760847088851
0.7244765863057747
0.9494702456474995
0.8679068343886487
0.8470440759761139
0.8158571588107782
0.7759570770479961
0.8160252028681236
0.8626111438718078
0.9198622058683197
0.6803199497687924
0.9050214848777374
0.7711162866653141
1.0614538275932976
0.8474837408007169
0.8537111836352688
0.9257594677056644
0.7302073718340729
0.4399573575871923
0.9784599005935132
0.516736612777889
0.8217084365827618
0.8015522043010078
0.5076597339326138
0.9839252118180506
0.4931080897842184
0.9582484546725107
0.9675311434453857
0.5697891427974542
1.042001156776609
0.9458675759882798
1.134714125424908
0.9080759357133215
0.9232432171841861
0.7287930119045705
0.7925521579825877
1.0548553125765778
0.6900670923814416
0.9002530584030058
0.8699120504059917
0.8896561305218169
0.8542738571477885
0.5077093548468069
1.0485882688705934
0.8262782772679759
0.8749620726060631
1.0621848180088775
0.7441427776791825
0.8437598238982711
1.1665979970693057
0.8956992107188304
0.977144439328243
1.1085309573635724
0.7946776981351963
0.6248232604851335
0.5858307629958728
0.7471309072697174
0.7637781507510097
0.626116928647803
0.8730219798594987
0.4758885347777331
0.8316494314788103
0.6733283852807261
0.7605942989771854
0.5274870087192974
0.9574842789191944
1.002526552100733
0.9080911690939464
0.7239434422080843
0.9510765466490845
0.71519913774447
0.985389269537392
0.963787751049658
0.928221172275197
1.0086352658373676
1.2242156218994653
1.0466186909235886
0.8296342939117559
0.7121376765299675
0.32903349822079553
0.8782158352992686
1.0785109764256569
1.037882702947819
0.8780772330031824
0.580242477700617
0.8510494893104494
0.7777068586500406
0.913994427344424
0.9162899192417038
0.8992291429916254
0.9223715790303164
0.45078834966551623
0.6826998031526743
0.9786792309403476
0.7829461479513795
0.7636524556074232
0.951185086055455
0.7295857683861886
0.8195714505652427
1.1724800472187757
0.7498284630890345
0.7003457383528178
0.9350126257570016
0.6125560516698922
1.0340420194905577
0.8269847177059718
1.26562408288337
0.7405379402982146
1.1294202846805206
0.9496151951501682
0.8536124251089657
0.7944922406962746
0.8745344690312951
1.0549199744763778
0.9297934420332709
0.7107281282978688
0.9652979460912157
0.807763404397303
0.9558983805358064
1.1250189542944762
0.7766431396738893
0.9120620495330994
0.8956485898829796
0.8273836774442888
0.6309393372823351
1.0168994844716037
0.7171972728980187
0.7829841857206968
0.5440827396436005
0.8714666066512398
0.7360814539535736
0.9612550311358464
1.0138278555249927
0.8721179084565533
0.5857407714739498
1.0584707489610257
0.8780987242334153
0.9446009509970171
0.6560072470894229
0.34553876169730274
1.1206784985358396
0.7558471556744195
0.9628811682752545
0.6997776348524339
0.9134601376533116
0.7274911015021117
0.8382158499600146
0.8353854122785679
0.8131264120094264
0.7392308985587195
0.9301276273590949
0.7303540151698985
0.8870155970884305
0.7160514791038876
0.6876847239092154
0.7915013154231482
0.6068602774489025
0.7354139128349501
0.9289858939113492
1.0722699406876264
0.8393849783919058
0.9891804140913764
1.0249678110538336
1.0480280040736276
0.2945071089008632
0.7739660064422921
0.866033867308984
0.7000975320362677
0.9243259239455153
1.018249052727856
1.099799998423904
0.7392831605154733
1.1164772419538553
0.8015401453778053
0.5014264000900945
0.6839147093923363
0.9962113396535504
0.5114934382969246
0.6179147171112309
0.9766674927519727
0.8497180780327311
0.9485223832746122
0.90308656598717
0.7713117880054123
0.45004236282308996
0.6311768545855929
0.863484865646759
0.9294924202386121
0.776097596985475
0.8753052054108219
0.8726220018088283
0.9736782248386269
0.9179238795733409
0.9114354502991417
0.88665769455189
1.2382083044848828
1.0128467117010902
0.769308364328298
0.8077586128620028
0.7350120267783907
0.9980187472063641
0.4221459323416062
0.8525314134504666
0.7515195124012214
0.9639489975081806
0.9154322005604795
0.7137547088573462
0.7207069710078832
0.7545610987724588
0.714010101268343
0.824587833118196
0.8275783737938761
0.9820978747214826
0.9987385540552125
0.8448826128882158
0.9583925780656447
0.8379697142128592
0.914634361829606
1.0970912733479234
1.0454207996661535
1.2549062816629926
0.6659528426302139
0.9743019353839687
0.622734008345482
0.7085298090772407
0.7937150013069248
0.996430315022037
0.8191425647824586
0.6040615738541271
0.7649000383860888
0.9277646786932903
0.7748794902295705
1.0061989527347153
0.8714968489855845
0.8018653428325474
1.1381705057743927
0.8774866536515031
0.6898068127676157
0.6707386809408975
0.7257051187033868
1.0640690724029778
0.6876117084784623
0.8113639808104657
0.8849991948804851
0.7106786955420079
0.8103974840213392
0.44996160805681656
0.9777797435409027
0.7827247774788965
0.7716543783189495
0.9666878090075166
1.0616318189109415
0.9370244219955673
1.1427152608549038
1.0255626948364194
0.5356100236425461
0.8050981143284935
1.1485937714898236
0.8279959579503289
0.6973000328843427
0.7912123644348302
0.8913832024290665
0.8479480246784568
0.625695546928979
0.5843734156257725
0.590065115578918
1.1064735206142484
0.8371457808855421
0.9495688688276013
0.8262852130194646
1.0665001535854353
0.7145915149567669
1.0925261468119036
0.6142718280146835
1.0489072271888524
1.1407370444689942
0.8405735688594542
1.0087307106004408
0.5909940395536648
0.9568032892228578
0.7939089755479726
0.6469810938723584
0.7974107868963556
0.69158746547953
0.7953930772612398
0.6607854873173
0.7599014389483367
1.146665641256244
0.8029034255008419
0.7175084224876193
0.9480757181352657
0.9153146650232339
1.2952470775483214
1.1349167522678307
0.7507564474495741
0.8445808040258828
0.9392112501490495
0.6149037270740831
0.8933634970931406
1.0775885360215316
0.4085406601811307
0.6804076859981866
0.7151175171717381
0.9219477744907106
1.0928685488143015
0.7801108589426502
1.1093954709054572
0.9971389353812167
0.789008591668121
1.024491733801344
0.7151143259562824
1.0421643637014817
0.6257265241828415
0.9104011345629237
1.0324498580879022
1.1580905907396712
0.755310406590286
0.9481313330503542
0.5476041647862614
0.8660151931783671
0.6573715051706781
0.9654930271204492
0.5508375676050488
0.7711702895535321
0.7109308099911054
1.059359601804092
0.9390871808543155
0.7948957603919592
1.2333238446269097
0.9652830144348564
0.8186909735675206
0.9635281231117896
0.7290473631009138
0.8287791357634412
0.9456919934168454
0.48698679034924675
0.9514793691663804
0.8346871746156755
0.7086232497379836
0.47321079075819156
0.6972743744230296
0.6501361360760222
0.7216887894873454
1.1259642110530315
0.6876825357768778
0.8271608267507405
0.949578936698575
1.033711343568743
0.3748919035032707
0.4628176393282357
1.049645339869568
0.9099361085480018
0.7289434443616885
0.8572526185733613
0.9396175496269957
0.6872239603794741
0.9987359075240343
1.001494728546877
0.8681351481593198
0.6946330730511906
0.5456862224527768
0.7597014560858408
0.8094856792610129
0.8774981413157236
0.9508103179228351
0.9447684597017592
0.7801766095635877
0.5770983147867492
0.8899040230652043
0.6862140897221034
0.8783391551253561
0.8223021738764006
0.9100330313306004
0.9312158569465763
0.9425479055199311
0.8068538495473511
0.7654490372538598
0.6752802257201691
0.773558850499317
0.6460990623631208
1.0231324212185429
0.8782538764759561
0.6359568313362923
0.5975086206707951
0.8781462409057194
1.0553609295830344
0.9000436724142779
0.6819657559647376
0.7973399147281122
0.8457076160951376
0.7394354290783558
0.7543865686621111
0.7341916965212569
0.9503010929613338
0.9470289790775639
0.987064081337819
0.8405761124521246
0.9141918752854226
0.8922360199321447
0.798237338939108
0.8357264590085209
0.9087207400058196
0.8740210877673269
0.6343593698106162
0.7164497988818959
0.7790475219070758
0.8843018981050227
0.8793197975655558
0.9143112335762729
1.0009354620590878
0.4950753139569765
0.9983477288136594
1.1672868975621997
1.1633455817618863
1.0113553215640994
0.8685796485267824
0.8337376290686203
0.9048689751933704
0.9114636669390996
0.7338346280602925
0.5645507641898249
1.013112508149143
0.8783669109520944
0.7718137047451247
0.8041068897726337
1.0274971373014348
1.0120682065947006
0.6099481096819209
0.9711427210381612
0.7613949249105649
1.2669723663367987
1.1040519668949842
1.005647737448366
1.351467756640304
0.48816153997690304
0.7368228593988491
0.8526835544169611
0.5898108945551205
0.849492600796251
1.1411385754500574
0.8004873480564632
0.908052989346868
1.0932060099287453
0.5134253628929589
0.6605779431203935
0.46482773773660274
1.0006321552551354
0.8693255681148526
0.9130612834357896
0.9361441482946584
1.183507025349594
0.786229129038433
1.1368089534489083
0.811719992491155
0.9160501303932773
0.8114911844100217
1.2076376977297725
0.7079022507006784
0.5819781565021077
0.976795218214674
0.8520308478742209
1.0945796858581323
0.8574770225618115
0.7863087997691479
0.5607628112053791
0.8168864556555311
0.8936899694193555
0.4699080216354406
0.994408800419832
0.7973286316378235
1.0062341263887487
0.7622262638354805
1.172943487775718
0.6224349737096171
0.6108507135863563
0.7189015710811312
0.6680151255283837
0.896107157066449
0.7628399567291326
0.8667957190406849
0.8551094827033651
0.8617985098213605
0.7937175536625851
0.7207264871540294
0.9039353854713172
0.915537702538238
0.7691524182532016
0.5683523232972829
0.9399538112446642
0.8042314151661352
0.5940083225911323
0.9222079172073693
0.5043296607466669
0.7854574763210347
0.8459067132436742
0.6996102084257526
0.608621447485011
0.9631058097205595
0.7909836669326009
1.0589981142605498
0.639563255264717
0.7174725102112722
0.6922335510270818
0.7486889302169657
1.05848364508574
1.1300849011670384
0.7519696857680352
1.0839598810441053
1.130210562969764
0.8607998570553107
1.054213067593492
0.933253924950471
0.8502067512115572
0.5008341532659182
0.878582830945382
0.8182670972805572
0.8976932847303432
1.0316826904436598
0.9992507083679114
0.7015369388686318
0.8701132929419476
0.7640353983553958
0.8717963168410903
0.7587981912081753
1.15178824765755
0.9060345902200715
1.0529328103238487
0.6762736434729999
0.8942118924283392
0.989822144357877
0.7196692830874326
0.8808525930511224
0.8257391263282288
0.9896545438344027
0.8220979249971285
0.8454571116683566
1.3312376292408106
0.7683255854303689
0.7667593584408736
0.7410070168354134
1.0070879209957344
0.74011054165688
0.6637922105204188
1.1232930219732375
0.9064696443932037
0.7029672139231584
0.7263742574942772
0.9201358875108453
1.2819863490410217
1.1499827798424735
0.6920077783593624
0.8294697175138976
0.9219871008877489
0.8879847275113686
1.011210626437225
0.9221410532090653
0.7106748855343517
0.9463094504621818
0.8883119668876791
0.7806429582068426
0.8527039065005982
0.6185516759837132
0.6662632211642874
0.9562507839604757
0.8579512732370509
0.35595391643235713
0.6235024864911878
1.0311301748147224
0.6858063739743901
0.8667769096659489
1.0685000813293783
0.6084752401619693
0.9752008244424606
1.0255060121448079
0.6841727245655561
0.8828863140687815
1.369423668856472
0.572392773110463
1.092239111169783
0.4169032033237472
0.3576735754778275
0.8519988221563471
0.9106033453080337
0.7883734559673791
0.8695420407699119
0.7744976888828542
0.8050451827231446
0.8656377669026944
0.9318867453602664
0.5048546423588642
0.6050958252991137
0.8560313508114978
0.49476473744272137
0.9532910114693952
1.0234348077538853
0.7145564028196988
1.1257802300351127
0.9868329684786259
0.6677570334064691
0.8519352717850184
1.1122177202497527
0.7027678655817438
0.7237518534038242
0.8966609764778941
0.5012366799412085
0.8573688878395522
0.8320341066198377
0.8946525008565442
1.0114366850574457
1.0001819069021232
1.132391379010898
0.5653309260938545
0.8759598774090355
0.808055402875647
0.8131669681916709
0.6693846919314989
0.6136711804677477
1.1685585099476277
0.7960408102992583
1.053091661483896
0.8250810487539857
1.0638971650588294
0.933387934764802
0.8391115131151653
0.9543412302291353
0.8945317788252328
0.7403533784494754
0.7771583474804479
0.8143357906049896
0.7954069436530399
0.7866225243324373
0.7370672064917134
0.9340197481863953
0.954771067199842
0.7405048717499568
0.8543713250053967
1.0893156067505472
0.5109164523629017
0.8203909358430861
0.8284327708724892
1.0674098299589598
1.1159552245884234
1.1147731792516926
0.9643562208460401
0.5621759701077902
0.8874411704437054
0.9394352036511162
0.9469893324310896
