0.7688091112536374
0.8459561852066894
0.909471440157423
0.39695464503934713
0.9695646059375722
0.8435022191209438
0.8523422658935825
0.7255960725017523
0.7820543160087667
0.8978214281864344
0.6195418578300447
0.7943085357945093
0.783201675782001
0.7176139756105114
1.1261340252317655
0.740184037671604
0.6956776482164274
0.9888475404778417
0.6049151787459665
0.675630680654682
0.8831854502678821
0.7235909089391734
0.6425618919595633
1.00139596826794
0.5923260153455013
1.203924204988791
0.7159347701872216
1.1730788631208051
0.8540185373084436
1.018344960407994
0.699711459963382
0.7871268626510619
0.7212589553750514
0.7034709119742827
0.8009713361241136
0.8735936056858525
0.9137792637071087
1.0348450174433625
0.9357212636495542
1.127212448673341
0.9052903749231113
0.6678218164614824
0.9702528180955188
0.7509136277874457
0.8019429450648399
0.7658928513046718
1.0029330699177603
0.8108803713144969
0.6591156376026643
0.9002941319430071
0.6604533512452828
0.8770866448103517
0.8225668603694162
0.5757871362940594
0.9527401689590954
0.9471088425117986
0.9670248070566675
0.7305578895440468
0.8225177936505302
0.8082523246137127
1.0932987233929334
0.9343756980317499
0.9344064053765169
0.7658775513203715
0.8016846331179308
1.0615280609911577
0.794894269420928
1.11198277989594
1.1581403806918464
0.5674360910852003
0.7620751764329247
0.7493129701376283
0.6353542723628802
0.7254609461749288
0.8259617505878106
0.7150458758967806
0.834304223654296
0.9433698633794657
0.9157990096811004
1.0536638033814854
0.687687332521603
0.863648985325285
0.5299749832754634
0.6126331292063847
0.8044040443728501
0.8314308057363031
0.49640350296542224
1.0418154436630291
0.6897339539551659
1.0569645766640243
0.738571991220757
0.8790819554015767
0.8018626821092298
0.9793045395486464
0.9429645351782313
0.9517623887610813
0.7831108564991762
0.9216564855429683
0.5862661393136444
0.8596639169291675
0.7863998264383887
0.7207054023730346
0.9207159864994687
0.8306910358727776
0.7654007687934632
0.5388192911241293
0.7573651058996932
0.7364368183048917
0.8939907506857306
1.027238339202977
0.8261197956163531
1.0477360117484094
0.9046081093694247
0.8393657306628965
1.1293240148121235
0.769723183137301
0.6555796623518682
0.4923665987255471
0.6751569983924552
0.5019324315459937
1.0356209462396575
0.6559016495806089
0.6370926734255505
0.806684216029583
1.078267929290264
0.9412337984051348
0.5076070914562373
0.8835417514177332
0.9446062338131256
0.6645891276044915
0.7234100079703252
0.7939670773744822
0.8232517203733987
0.7910741044117752
0.9057891937370276
0.8336115806015553
0.9597922382326003
0.8341686483222626
0.9027559087313287
0.7443491437920458
1.0091603447587194
0.9398653816474933
0.6911211357229046
1.0367141948101937
0.485330908501375
0.612419614756708
0.8138322874738044
0.7887493059611566
0.5836598948475351
1.0042337783874178
0.6149156032387677
0.6360387642208541
0.6491504627168452
0.7329564859104253
0.8865804154149485
0.5651616444715558
1.099280216250897
0.7906580131183008
0.7959200966582465
0.9283973739740127
0.8268699190093642
0.7266550207447745
0.870322631977851
0.7753683494939343
0.8686450981193309
0.8450551089678543
1.0572898883181638
0.9268717481545259
0.9669501569242686
1.1095158649523562
0.9856569062813461
0.5807838991580633
0.8436935758126927
0.7763049721793764
1.0469182992841788
0.7641222157945663
1.1088992027312154
0.8503703875964688
0.9569867399041645
0.8965987182395325
0.9004774042461651
0.7992166385444429
0.7996303852886663
0.8798923500155251
0.8060034532977339
0.8486414364010225
0.5049706748534688
0.7038832184691554
0.7643133897838669
0.71639997345851
1.0282117726921511
0.9169646228528975
0.9770431893562699
0.9093774788097774
0.8399437981526491
0.9003828983151426
0.7948011259329694
0.9090210928106995
1.2224170894164932
0.6763198654545115
0.834442863540439
0.6375303789075256
0.7405323177494236
0.8435568232086851
1.2882774794646754
0.6802399865908629
0.9198837799144947
0.6412949099220049
0.6539670669378301
0.92378095888039
0.8162480377098046
0.8165558023194953
1.2343649979116438
1.0988398737672278
1.0345107122478139
0.6733531879818501
0.7924821954465469
0.6397509586039591
0.9507861874201793
1.0142853808287058
0.9488131374601565
0.7198743677301775
0.8360428205337527
0.8005671055335855
1.0205644758813799
1.1087034643315008
1.1354989073397044
0.8816152735581961
0.7954056083717774
0.8607844029570572
0.8963163497657247
0.7617584042601826
0.9246567376245436
0.7399076873578987
0.6614518198843775
1.0100299582297538
0.93840677191772
1.103956974365829
0.7323727363176836
0.8806856979928154
0.952630593574137
0.961118076143192
1.032890629956768
0.7831190469001789
0.5494581823510325
0.9910133464704661
1.0180359577163212
1.1244886534501406
0.9537497217809723
0.6982416210573016
0.6774705358914737
0.9434584744545262
0.705254680222895
0.8514871736584936
0.7680960861198978
0.42690904526082357
0.6553545671892768
0.5627760047333872
1.011436737123737
0.7157780735579053
0.8933366920913594
0.4103092675206693
0.6860271309571283
0.8466748055848868
1.0193242083589098
0.8195079467136771
0.7777239494196933
0.7809558360414902
0.9809182015019994
0.9735640820815604
0.7768367281874212
0.9026266451685389
0.9069729970542186
0.9858764154512962
0.8465138675172361
0.799617503133113
0.7559059590556154
0.9133408774361694
0.6235674397087718
0.826131984231119
0.946719499826475
0.7985939341163633
0.536936400701191
0.7224664932786456
1.2167893071033493
0.7657266836897684
0.7929732731348795
0.6863835698781422
0.6075339579883247
0.786603620773806
0.6381811962480373
0.9783845459627534
0.7312827133434696
0.6845982724696413
1.0151263714337428
0.8081331307656382
1.3172561029969563
0.6156506242693025
0.858670040482209
0.7455378287969993
0.7138467578209248
0.6682154710645788
0.7880829462935887
0.5790750759310237
0.7480374796690504
0.7544679312711983
0.8166202022699177
1.0063930394587752
1.0047957658720996
0.9651359473220245
0.9362119222003764
0.9326470073491583
0.9420908212079661
0.7885123581649014
0.8219166226770404
0.8111502417880865
1.0302823049016934
0.6461758924570987
0.6687329753859937
1.1041045893099009
0.735967557814954
0.805463161991088
0.8155201648094944
0.6920758522447894
0.9455421813100602
0.906003445079536
1.0602259000428054
0.6778801351609494
0.9227564366748842
0.9682231993506607
0.8816966864236658
0.8969700627648914
1.0014103997840755
0.8999540008512267
1.0566415925974544
1.2142995020659437
0.9632304125273866
0.8571945206477541
0.6024006336431287
0.8798398844973384
0.7563486135533739
0.7735628623079054
0.7137743035811632
1.1099875767304113
0.904010063989278
0.8299727552226975
1.0892475612982877
0.8161406383254027
0.8034432989628839
0.8212507362803646
1.1493778241276449
0.8916607452004279
0.7669756836400095
0.8809909794711522
0.8579658223264499
0.8239445531981551
0.8112828415879247
0.9471595100682829
0.8115007873592364
0.9669392366754223
0.9533303575515314
0.7618683335643741
0.8991152511290761
1.0640018142166714
0.5587726519330347
0.7483188727854378
0.6223933963638564
0.7358258704279779
0.4328435140424474
0.7204702350718701
0.7450855954035009
0.8324707488382755
0.9978808846813679
0.7252737215795492
0.8510886052137909
1.1401595085363527
0.8945046206023693
1.0258280001098823
0.8187889507495865
1.0731667541067313
0.5011274661312519
0.951016598014805
0.7561061412139307
1.0241519489698165
0.7359545923954338
0.976784462101995
1.1026947489076453
1.028764783763902
1.070988592450072
0.9643422061354119
0.8607698029014298
0.6986180186216037
0.6920578923610863
0.9019062099291445
0.8219189275360456
0.8692950581174481
0.8240498451522095
0.8562745131529054
0.6811627084185873
0.8076202520169252
1.0047417475987757
0.6097868656701
1.073029964183511
0.717590458220124
1.0190981228841698
0.7356847733364992
0.8685158603214629
0.7457436850528095
0.6957980831815893
0.7798626309110951
0.7702254966208715
0.5955474350413624
0.7636879269683184
1.0158541004798545
0.5494263487580924
0.8137360139103553
1.1402119983346706
0.8413037531480989
0.8980806285732018
0.4780225233265916
0.992282362537807
0.8464055501202957
0.9504815776651805
0.7921260934046324
1.0528176980472108
0.9459602162560182
1.174151748226301
0.996832233660554
0.8678291005328598
0.5022057903259419
0.719393119785085
0.7438123406146623
0.6218887829793367
0.6458002422629245
0.8368314360926814
0.7943815335850497
0.932377949325514
1.1110510423301063
0.8690336728313803
0.6482149999376521
0.7787912927374808
0.8549079146529746
0.8650610552369176
0.789500838753305
0.9244643757218001
1.089493446547485
0.8812719987575698
0.8100188294220945
0.937198821034505
0.8987138679085952
0.9679366182759453
0.9591834026745846
0.5641782830359314
0.8886600894735659
0.6340137132355034
0.9746749500338123
0.9774599669990133
0.9425441005439192
0.8257799700924855
0.7325665237315309
0.9897096349404426
0.8912582789237186
0.6812977473010946
0.8252099673368458
0.7956623607583996
0.8628199165149643
1.090491528428734
0.5276249321979697
0.7506559866017277
0.9783550496922161
0.9595087325957599
0.8334080960625351
0.5526617423292819
1.0410558209001342
0.8468176647375172
0.8792076545941274
0.8632623730249551
0.8083343723647086
0.5473808092026743
1.0059813745146569
0.9227242365106082
0.8087311109133254
0.6347805925686619
0.7624583814642396
0.791053983018486
0.729311378573448
1.0124079716863643
0.536064398079184
0.9264129875952828
0.9583059488496581
0.8895510132431758
0.8200162354382503
0.7417941549922389
0.7644378326638698
0.6337411627248408
0.9192222284443715
0.8028611322774399
0.8773626854142997
0.7611696841988119
0.6859443318047136
0.9872282790527541
0.8355478004952859
0.9873968377518353
0.9102603507542606
0.8882277323886648
0.8839064010339861
0.5620550319417273
0.800087514837154
0.9231489831277047
0.8579990536439179
0.8261937838406608
0.8870767764619909
0.7293033285039277
0.9963714955444882
1.0051458911889395
0.48118395104112355
1.0603861468725129
0.5959840935443526
1.3992156980863302
0.9372324416391842
1.0394951355323963
0.7033949917312448
0.7849070687004488
0.7448630586216382
1.0204572172906494
0.7945539828229369
0.9661243089435934
0.5217849863010733
0.749193034267986
0.7495172787056384
0.6404608871585499
0.7231802718982208
0.7734022250801889
1.052338528883189
1.0999112570723215
0.5914341490217765
0.6634731775329091
0.873211826277667
1.0544643116643553
0.7202949037758397
0.6074571224079597
0.6811028495157341
0.9515469501949397
0.7028193306596447
0.5235019956315542
1.0295230131344222
0.9906791711685805
0.7450478124779139
0.6951174139674327
0.8525603786363951
0.8657172989984091
0.9195128233467132
1.26443464786336
1.0923970375298615
0.7789652623660879
1.0148295765815374
0.589982547814478
0.6603126894280774
0.6862812070938789
0.8862018983580966
1.050334658094066
0.7996329439065487
0.9945457891866346
0.6048348809390095
0.9798765703975285
0.7670185584764732
0.6632466174495939
1.0551099214703168
0.6071611342332063
1.0333186434851485
0.8826444704544854
0.4565407216116139
0.8807411495980968
0.6704969718342069
0.7375767393488081
0.9663206972558476
0.8951880048392612
1.1129432960676544
1.1101793569640375
0.8436597445597418
0.7260094590940528
0.6871729579236943
0.7228501632546047
0.5700868206162146
1.0364172561615939
0.7094028843672485
0.988003790448991
0.877495333410207
1.02056618042005
1.0781147675328022
0.971576031109358
1.1162836578886788
0.5604599309278397
0.9805314636047306
0.8354235224036326
0.995971115085281
1.0203134117621802
0.7627070452387225
0.9147221827438158
0.9934147516109998
0.8239716067870104
0.9438483832855443
0.9678382939574269
0.6280072701619785
1.252365888251855
1.1480520883827192
1.1058323294364498
0.4315228699165766
0.9175804171564743
0.5135806165147201
0.7364461562601696
0.9982913124545265
0.5621124704339144
0.7893640882873175
1.1827190136446757
0.8513590432684299
0.8001773566154671
1.1522082085777734
0.7403905816033911
0.9614358068430279
0.7266870514059509
0.9281125863111113
1.049235757570493
0.7999992685187429
0.7994450654749008
0.6555685197146564
1.006366369280629
0.4554962180433547
1.1243650531653182
0.7887577325863052
1.0282467708824605
1.000340836994151
0.6362637051406349
1.0205167827387203
0.8091556831205995
0.8692452268403844
0.9194647937108965
0.7241246466301118
0.8104028400481356
0.9898563497231647
0.8927763325866495
0.9737569309334794
1.1596773386389834
0.8920785848559698
1.0376120487810168
0.8111578302904019
0.6962507186384082
0.9163171511711274
0.6849603749264466
0.8427965675031743
0.7406793022569589
0.6671017177170118
1.1026058912914982
0.5514307357176899
0.663494953096732
0.8409834697529861
0.9990214565385139
0.6969926877699794
0.8461015872613671
0.8524953760487551
0.986296180366951
0.8776217355053249
0.9236176057129739
0.6404531209449383
0.9754213010680441
0.8084762353154736
0.6528148019397914
0.662154600772906
0.8692718706269921
1.055274408478594
1.1048751639428924
0.9928431395942494
0.6456331410143009
0.9641362268014327
1.1394419842751276
0.9432567005559835
1.1467713021467023
1.0047712982240378
0.7625718583770569
0.778359066922297
0.9325441039389656
0.794935504768933
0.889434673023933
0.7056522305735591
0.7903734210793789
0.7334321754119939
0.7494950849088415
0.8941927941897657
0.93678117091118
0.9119094809503053
0.9365389078798326
0.6942435406042152
0.6177211842687758
1.3846810212539702
0.8328410320838785
0.97791555354275
1.1012628572342726
1.0739400814695748
0.6994969217293733
0.6179249018486487
0.5766800203691078
0.699076117506205
0.6923308278520879
0.7268318518063822
0.8630250046815475
0.9953792229119514
0.9135636227514364
0.8602082857798725
0.8452378686180727
0.8439210121834212
0.749711134340166
1.1048477721920156
0.8586845905000965
1.255621323760331
0.8488968900795985
0.8576080486386973
0.8583279242976671
0.9903122755410679
0.7696114501503518
0.7390447104015592
0.8481416777229737
0.580413452164127
0.8555167148815265
1.0577302406962485
0.8656110730146186
0.7523980829213069
1.2402672911751094
0.9681250661218566
0.7275018446743022
1.0985258684161758
0.6712494295992282
0.8126814169439515
0.6616584566847856
0.7471830399833836
0.5889212480071224
0.8727686523179449
0.538890715261667
0.9348822803142478
0.8693182144267722
0.9827351563334188
0.7296105001824792
0.8318014991616897
1.0990944147423005
0.6645681001909903
1.024665012418821
0.9625828339201344
0.6608663286641445
0.9297839167604592
1.0515469379528157
1.2082976584615268
0.8448039234479982
0.7458067265344523
1.239356727609031
1.0284418319485407
0.7676746838164676
0.8052523846342012
0.9739262750879241
0.7056190016278294
0.6101188006287095
0.4256087937188041
0.8694502017778739
1.1714032893399455
1.2588351229335277
0.7949622435700476
0.8526446967805512
0.906056472241772
0.8646407796695146
0.8750618718200087
0.51389113240503
0.7317189993986902
1.0396222342142258
0.7468854952522734
0.995619569143926
1.0548879807625522
0.9068772561399849
0.705193214401407
0.8597918221716846
0.5056684796432945
0.9440132422705245
0.7094012119903499
0.7313125007102883
0.7231798481781022
0.6635682992953009
0.9419123985803165
0.5440545517909205
0.9715042901123268
1.0568659170867745
1.0722605735479669
0.737056471447799
0.8409556040166036
1.167125825516851
0.806151666994233
0.8581067363414203
0.8747573253135194
1.1048753059697605
0.8637313197473091
0.6173591336891721
0.7716641136216553
0.8658536980267338
1.1024717630323124
1.0164946391925695
0.9163333268503893
0.5827500540213771
1.2719669887958622
0.8420529774311989
0.8996428303393466
0.6667280868521415
0.708545894729133
0.742770804674439
0.627551404950846
0.9852661889982463
0.6054323093581928
1.1055425384028927
0.8005493577003374
0.7467808640257296
1.0330905758936124
0.9805757082660398
0.6948588999402427
0.618054888423627
1.006854724970135
1.006707316226025
1.0613952566640545
1.0509789844264625
0.9117517727814519
0.8392697456952113
0.8400418497333929
1.0470136967576034
0.7950817749897878
0.9680865180133037
0.8898095493695635
0.6905148704382821
0.8497971914562201
1.1958909363865082
1.0746188345757817
0.5083899699789696
0.9819048096975864
0.8732591180345219
0.7889136198838016
1.0912641739212812
0.8609052919180943
0.6658109560433538
0.7373365241749491
1.0368870578479195
0.8977177345555123
0.9862802581870571
0.9182176989655757
0.7736785224008133
1.1561713684466588
0.8822956253799609
0.9381851096358952
0.7504269725651198
0.7146655750276423
1.0486645289457714
0.5224906831854559
0.6250993618869396
0.8295796974205241
0.6098367636576002
0.814670507878447
0.8402996292916534
0.27484047521388444
1.124840385962538
0.9528680521041258
0.864403127602235
0.8150816998242472
0.5474596379656561
0.8011138709953658
1.020825740339022
0.834835442488744
1.0805531181328512
0.6985085317922362
0.9154788006232039
0.8904766243943152
0.8847528829035978
0.7728813201177857
1.0948434366087283
0.9874420703075002
0.8234478888288457
1.0613576012783057
1.108936432306295
0.874361668904231
0.9587858292671945
1.148645965044389
0.8590634104348729
0.8348463588550964
0.524150973341799
0.8870167517684237
0.782274659810273
0.8686638816357722
0.6322929909333489
1.0543491616167566
0.5788329211430175
0.7531777836498303
0.7385321392005716
1.0772732547729875
0.8839379828130017
0.6224117110511784
0.9514006416586647
0.6386197850131226
1.01885107049467
0.6360979376991663
0.9392361784897446
0.7574982672734925
0.7307472164238803
1.0294419290584844
1.0732853343407043
0.8859744048987782
0.6943975824445504
0.9488229366178392
0.98367119198757
0.9666996082901796
0.6687832746400737
0.721543629601776
0.5611820262395076
0.9620193729159665
0.6971101679753927
1.032059442046739
0.8260571691001382
0.8617513910900895
0.6864513692322088
0.5382178443196475
0.9607295141670399
0.8447791375489768
0.6273659906505573
1.090966772039894
0.8113053072486809
0.7942727474803102
0.658081739880686
0.7259488474399496
1.333388684858853
0.7806920516606763
0.5914095460729343
0.8019686662972237
0.7497090233429378
0.7761066546341229
0.8748399810434662
0.8416534269724929
0.6728353328279345
0.9493188482961733
0.8956071980017418
0.9948688524453799
0.8711659917747249
0.6606188845044922
1.1036768573186928
0.5466201759498758
0.8967875383975199
0.8465102923499305
1.1387748518966274
0.8822533122050129
0.8571830754852646
0.5135692085516808
0.7267124599635868
1.1524633521753018
1.0092428647824077
0.9127903878642679
0.7136490824414948
0.9111769020651705
0.9577478671820077
0.7763917746436634
1.0010021745806434
0.8525593927359162
0.969733748330974
0.8573777459039081
0.9764241704492634
0.7804633174169371
0.930189844765364
0.945093127999288
0.8128344828486003
1.0627575928686497
1.0193402596929035
0.9356519549716495
0.648658350832718
0.793778871227756
0.9599632078216517
0.8659889015261008
0.6846717349442974
0.6890423049389465
0.842602895793689
1.0792122295009579
0.7433862251448744
0.6658848037793261
0.9150332613579159
0.6242541962520809
0.9075471310840254
0.7031885438135757
0.9986753974664092
1.0181922751971877
0.8108380562333494
0.8638528148801397
0.9920767792444329
0.7957146755024708
0.6315892226903597
0.4576871228243856
0.9858707854284828
0.8880404013865364
1.019963455209211
0.9127609502012086
0.319744760223
1.0235782622867828
0.8377059747186406
0.8323854653050224
0.7127834597821444
0.8269218792705442
0.7911694470169004
0.8301772074941745
0.9095574124320353
0.6837516365796107
0.7969837941579747
1.0425373626066188
0.8474053942262103
0.6254688026708353
0.9453773740645456
0.7035340385755862
1.1978152276283032
0.8589766470163297
0.4251522666029642
0.7706981828203813
0.7194934107755341
0.8982501764458689
0.8299782494708499
0.7529641804572189
0.9208948513140889
0.7134156485266145
0.6549381728883379
0.8028495393678813
0.8161956363308596
0.7317845493992752
0.8908655562702721
0.4707730948823693
0.9800867335841781
0.6649688708839311
0.857875194980679
0.7816359924673139
0.7406453269895708
0.8924559641555287
0.8045551837864237
1.4013747245761725
0.9459262076010826
0.8066048611745555
0.7659968920803761
0.6709807523381529
0.8295556363186426
0.9950681487008243
1.1026550109130513
0.7512809932008961
0.8826160898741598
0.6042506837626527
1.0277596939467224
0.9479009827584894
0.6787769186115631
1.0670499984348578
1.0551941854446876
0.8263772003512703
0.9164820576297793
0.7801858574037588
0.7408898566794263
0.646483254395168
0.6681808767506485
0.7546354056444066
0.9672897157226337
0.6923596862432138
0.962712709294877
0.8894144719242979
1.190142214086285
0.7518399825085563
0.905312319697975
0.7197085767477709
0.919683833177113
0.7864470392572062
0.7012922118258559
0.7914928159930344
0.6676845158456476
0.6603329871761687
0.990436401268193
1.3063779085552687
0.8032843806417432
0.44284156295658095
0.9465532814789851
1.029336655814193
0.6487401158654461
0.5877231357825108
0.7631686462892114
0.71251377026423
1.0638505895479864
0.3836133021885115
0.9974884574108036
0.8019680911463071
0.7283098002149799
0.6807812872668471
0.6770605057983508
0.5970072068669706
0.48015359278905223
0.9491559846180273
0.5630413805995457
0.8403314442090433
0.8486702683476718
0.7430414113969673
1.0397804179807086
0.7145116476898333
0.8086587506975922
0.7667735864554153
0.9273259382152224
0.6239073295882933
0.8206798756576444
1.0078394479354456
0.6215765717099098
1.1237585166521815
0.6319697733079894
0.9446538342464967
0.8883494988639689
0.8926304143921737
1.147222078193196
0.7442354310090937
0.8221865764672736
0.6655026534089452
0.924739157292886
0.6688978969139743
0.9298442964306248
0.9718333405542052
0.9455199615573833
0.7855093327405029
0.6559858520947129
0.3877047848851122
1.0087138621104454
0.6132738255734425
0.7468106826494701
0.8462845504575935
0.6957578431467604
0.7493082782404374
0.672361403137524
1.040990808761671
0.8490552399308946
0.6455761895972187
1.0927127354408177
0.980310437926759
0.6701914482880525
0.9997591468830178
0.7168532159143391
0.713592771954367
1.2103161270541114
0.5250069430270002
0.6328519211280698
0.8219162775837696
1.0629060392623981
0.9158967589186758
0.9676375340844526
0.8411753974714189
0.8765952484061367
0.9692345411216914
0.7749256116036103
1.2445874292227408
0.8701794622661788
0.9517280029421018
0.8868059230520379
0.5480182073431767
0.8385968113549619
0.763053756750124
1.005108325696995
0.8452338868904273
0.8660270228261752
0.8097405008731766
1.0986252952212194
0.9887980084561613
0.8542055535533499
1.0164904307181137
0.6066706103913031
0.7695726270903449
1.2383139197151105
0.8092873768492392
0.45693930509715946
1.1305062109918267
0.951888788372452
0.9047340748618464
1.074615669992668
0.8913106951300079
0.8718394665897831
0.7691681768586554
1.2202761594257
0.9602559322323557
0.7530853415562108
0.894718650194963
0.5403436713268082
0.9745881182216576
0.6089153527777851
0.7109714523966967
0.9426495522117565
0.806878854804596
0.8878201410754955
1.060669217064653
0.7668469116638802
0.8911857741631616
0.6128742693116037
1.064231059456673
0.8785776603387752
0.6333324495618414
0.3586570210334686
0.7883225204417328
0.6718591335549045
0.9663653123558147
0.8791034451337292
0.6618773623632837
0.7958716627216664
0.9511670990149887
0.9128957767698607
0.5822559940404185
0.947486647588456
1.0286589368072718
0.9579283043126329
0.5948360390471561
0.8395765142051913
0.6477939253763485
0.9990663616887561
0.9135574101993483
0.6308457977988935
1.00997382587949
0.7994961269702147
0.9333545129997044
0.9274754266209101
0.8123031383821852
1.1336564825142774
0.7085870276052351
1.250850965210883
0.9787295222445509
1.1256878960165715
0.5092141391473087
0.8771598626989127
1.2028184513879179
0.860744736248932
0.822372220739935
0.7840368099143066
0.6254752242231056
0.7874955886756381
0.8578686468323464
0.8993797493958571
1.0570512620084844
0.8141430402795448
0.627453822830406
0.7523461422995487
0.7673855470685325
0.9065960777811305
0.8768558516565259
1.0751284964911156
0.8160312820127912
1.0610931082298443
0.9059390314080278
0.6253818263489742
0.7698050741808291
0.9888052594605126
0.8321317706958086
1.0301940524549575
0.79388700795699
0.7923466888257777
0.9556269162451437
1.0981973207453184
0.8923291426443103
0.9052352807401836
1.0193434612585461
0.8666311394346015
0.7890535893455539
0.8010850526045229
0.9767143356359465
0.9049053208569324
1.0295743200673926
0.7407559538150661
0.7643266093123838
0.6156671377591758
0.9579585001254617
1.3217942078463958
0.8434019141128813
1.05335848926771
0.5821137514965746
0.9543250787808805
0.9677690207439127
0.9549177591920273
0.9882846586144446
0.8954866222766411
0.7914640408414587
1.173160257844827
0.7031815746347105
0.9153481011034124
0.8836895278530504
0.8782663331851046
1.1044954964335985
1.00184765128798
1.0464805981279843
0.7446323968340536
0.6440829090807307
0.4823509636326668
0.9989359733209706
1.0231643554120187
1.0570072219935178
1.0304155423193544
0.6057940778399609
0.9628845308986852
0.7569471764575713
1.150088910544577
0.6219777124681188
0.835203771428401
0.9377843246616612
0.6074406769858882
0.7250978164108076
1.0143530411886208
0.9257492988705882
0.7943229584077864
0.9181553664054901
0.832368786162806
0.9085239054434233
0.9450255091045876
0.7910806273961388
1.183077390938625
1.001923764708856
0.9940188036549628
0.6223673689721088
0.7910922878661302
0.9195277562094384
0.6447401665900772
0.5992696017161936
0.7324595664987401
0.8455227468243462
0.8877798776723429
0.8622574519077276
1.0848109466057156
0.9543291005099637
0.7299841014079064
1.0316815460131208
1.0143548971548226
0.985102845186195
0.636129353844373
0.7313759335579426
0.6843675127962792
0.6390218362485371
0.7198365852329566
0.9248984981533501
0.9573938641896846
0.9006240570311931
0.728110234800194
1.1872074326559439
1.2267132139783936
0.9067411914212791
0.9323625689181202
0.8369109304760117
0.9039833839519936
0.8336996396531625
0.9093214550765716
0.8778383567013458
1.0065749961968398
0.6310187465762018
0.7950806108242664
0.7822113741158145
1.246528614745097
0.5444715846788568
0.9476085985070537
0.7950194687148451
0.4078338590498748
1.1381906836240523
1.1281412671465767
0.702796274907272
1.0429842882402882
0.9091039055452802
0.8454589128726478
1.0063505836000266
0.8607292403315079
0.8571659061339308
0.8812758520119175
0.878391781353559
0.7554936139205797
1.068469415810211
0.6162039804879976
0.9089225318525204
0.8991947223490488
1.1468854597964673
0.9586995193813552
1.0783662727793155
1.0647920880978805
0.8522283403035158
0.719646041354357
0.9030004208704057
0.71370546411678
1.0719733171603167
0.821550866068187
1.1248499374824346
0.6972334888103806
0.9289448396328577
0.8869807836220512
1.0599540435558281
0.8501690091302055
1.0186253406212906
0.948316638085025
0.551208743163444
0.9259931992137457
0.9492168575922165
1.0657854618984595
1.1190302410518527
0.9278907043239506
0.9200197160075706
0.48146856527114806
0.9229298284020246
0.7367157327028674
0.7218919580577701
0.7311055314841599
0.7012335752698924
0.8743580503809557
0.9361673106310616
0.8784836918771348
0.8648492635483417
0.6928577492978132
0.9186109643009054
0.7977100995302819
0.7386530158817015
0.948669693420858
0.9409307001675656
0.7570932525408501
0.55662651467866
0.7527706687366594
0.7378565876469817
0.8351018194960058
0.7704115262857001
1.099721620864413
0.7742669702939858
1.1238868412785594
0.7916021921413321
0.9944681181707234
0.9499488356321435
0.8003553690337336
0.7044946853261564
0.9458624530814617
1.0607277699939306
0.9297410971382732
0.7201175670825422
0.9137099111211765
0.7507706767746222
0.9407902545501907
0.8661849311190172
0.8038724715505984
1.0030841123235088
1.2108707433538446
0.8988571293891114
0.8084348714717473
0.710964545381051
0.888726692352483
0.8871573133435156
0.47873836261627306
0.7161263517276915
0.8801531052872652
0.7031253244247315
0.9999379296321079
0.7380875180578039
0.7644292693972756
1.0088818490061309
0.6679734830722379
0.9335284617794083
0.7574426177201554
0.7793402479478313
0.8379952765433661
0.7426478031498578
0.8358158699511492
0.6870300686397623
0.6402776595526336
0.614021960289714
0.8626327522670173
0.8181833239846656
0.7631710986101913
0.8684620014324593
0.8378735347333658
0.8547759384041089
0.514085079325809
0.8862489751422634
0.9081072372437061
0.7754277622623575
0.9621633681526257
0.983359297121487
0.8977576467091538
0.8590197790237262
0.798634301288543
0.8876542489353296
0.7792363359472878
1.152494334676846
0.8609568765924718
1.018145248987151
0.7781324790103177
0.8141386009715484
0.7820063063186443
1.2062280232945888
0.6097091432499966
0.9613885906297022
1.1640653209000242
0.9522553639308312
0.5241963424661626
0.8540757906701653
0.6774432998666484
0.8460412784746743
0.9288849231351851
1.165401259401169
0.6918593903789623
0.9327392637630811
0.9769625263129176
1.1135554931423366
0.9959235932654512
0.855413227034078
0.8632372639974525
0.9168462922532004
0.7616230724132089
0.9431390310884352
0.93141168469519
0.8144631154094606
0.8608310099312683
0.8047969562893608
0.8940432844277848
1.188744925055781
0.7130548220298855
0.7811225866490434
1.1912441204084454
0.9987956218571978
0.8689772928252448
1.0733808849798687
1.0167437380455417
0.6670536581229678
1.0477209280243183
0.7951679931196167
0.9594795400240459
0.9217677370559808
1.3962698345532143
0.6206985533136538
0.755647540145438
0.8853460217756124
1.0573371769366178
0.6591267073685775
0.8102050246834547
0.8609325204271513
0.88574321941868
0.9319074711119796
1.1196467152752196
0.8910336331576059
0.8011189139661734
0.6157614453349116
0.6696397211534557
0.8506883852961518
0.7960374952147113
0.675839001419196
0.8025203617264088
0.709816343340644
0.7209476205108151
0.5553260369900842
0.8425732356655672
0.6216830571936092
1.012889055471417
0.9091113416063252
0.8896476631075741
0.7347060843326442
0.8963512253016104
0.9459613784768497
0.7857074356263456
1.1378374319614604
0.9528531838394948
0.5736253820966397
1.0779715583921141
0.9254611311088449
0.9660119327486539
0.4580012751219276
1.0867355415827782
0.5170558507350783
1.0264876541191872
1.0405988347733874
1.0341285290421012
0.7447538025470606
0.7417474410999522
0.7942087131148471
0.9379425176576389
0.6764768671385792
0.6272825975943292
0.9843946260578431
0.6430054831241182
0.9639197143247502
0.943372898433006
0.5115107253028881
0.6646907979187875
0.845370134537499
0.7240521761090289
1.1474174909496393
0.7803672360267486
0.9342189669402361
0.848109160283677
1.06744416278354
0.7613827150459558
0.876157375054608
0.7821706745927313
0.8204829170667542
0.6767454634226098
0.5001703241785798
1.1478086143545547
1.0044192200155222
0.8882412267800452
0.8397521748867579
0.8254841907939159
0.7088474878334263
0.9445611212405276
0.9653457212752201
0.7834488480792543
0.9714149501426418
0.6197173910349053
0.8331998056912996
0.9917919131118265
0.7309925243812024
0.89631159492937
1.0270248505729103
0.7957606992027996
0.7630614508392604
0.731417291589158
0.7732054356010076
0.9598727852580087
0.9197688464583906
0.8538781591579581
0.9957939936847751
1.0641337630799135
0.805467480567926
0.9021669889959244
0.7868434890433357
1.1188877003015238
0.5660364640427098
0.725214936824267
0.7030442054715464
0.7666162564239475
0.5435840068528603
0.7301231931407467
0.8985606809446887
0.8066153218845272
0.7105974758367741
0.7059780946348302
0.9730501747571796
1.0155124876792194
0.581873329947042
0.8951623516181156
0.7047817087767816
0.8202396066393235
0.5906460058944809
0.8659816654960565
1.0436703728498444
0.9823887928969522
0.5042291594468806
0.7889290560691828
0.5653744941168113
0.8969989438279762
1.1664151005571821
0.6921149660574155
0.7678860949038347
0.9196993982616615
0.8656887677652282
0.9486278157113192
0.6573623472482673
0.8148874247364012
0.7367134426817594
1.076833755710763
0.8155170152774154
0.8699120266078648
0.8718273305333383
0.7704979129473716
0.6792238655809573
1.0782255613484102
0.8244060901819822
0.8922525983213048
0.8886364521370457
0.9566638550463263
1.0592466306568142
0.4916571159934302
1.0801916418252049
0.6913454511056769
0.9088260887967379
1.2594519432355298
1.1198108733770258
0.9715283607228613
0.8433998888722035
0.8186097887452422
0.817979416479142
0.6361319879440006
0.8845069235573308
0.7769828749307716
1.1075490402511166
0.9338132914848641
0.9655291906745735
0.8433979355008691
0.8874076024496579
0.818623333861012
1.160732608487433
0.7832821312031996
0.8750072765370402
0.5573701115769374
0.9456459627934751
0.7622500748671022
0.8404545574217879
0.7559478019310605
1.0830727750266889
0.5726814730344121
1.1873098377531344
0.9059072588160355
0.6241014786428274
0.6149924929262778
1.0329775430632204
0.8849398946868992
0.8785627967837901
0.874390230761743
0.8333197993252753
0.8307913212182325
0.7700535387157161
0.7536235414875727
0.9469471883459126
0.8458420090268509
0.9945688905704376
0.4578709959978866
0.6285738883100604
0.8363194750488379
0.5759712216949379
0.7915980973692726
0.8819328896929743
0.7721909599393777
0.7258865036341886
0.9324043573280572
0.8803043792776274
0.5799139602932513
0.7411316695038489
0.8812965504651938
0.8047581263448396
0.6520206365300387
0.8123915581919763
0.9735635294473598
1.1193711392573367
1.0640424829889916
1.0682955743776141
0.6832745462006377
1.143472026271363
0.8324586774416468
0.7850227924930357
0.9418589321607678
1.1820040259730957
0.9473526724744333
0.980360867274378
0.9172806018789006
1.1090981076126603
1.0422741973262126
0.8404807393712938
0.9535630307179425
0.7821306288771711
0.845193399350163
0.549683936806991
0.9436614433867164
0.6310798440240575
0.8802912536120373
0.6650066220209128
0.8586662168825906
0.90856641548354
0.7018605297339785
0.8834599971459282
0.9622067540995964
0.7443076720572059
1.0118395307448045
1.1453954419522607
0.6622881902863947
0.6282049873051947
0.8171238074605479
0.5376862109463354
0.8651214218236033
0.916380654739164
0.8061948809000696
0.8502224984685405
1.037218844991007
1.187559852383593
1.1540407493261358
0.7725423054391387
0.7499961158202293
1.1506532430520446
1.1241880062464384
0.9450226562998008
0.8463637623641429
0.8829938611128019
0.7215865329357491
0.9662198345627453
0.8437422703838622
0.998876857262402
0.8338073419836628
0.670368293666228
0.5810286179182497
0.7812547899894646
0.6007346702722582
0.8461860469368421
1.0075443741389003
0.9955190633747693
0.5495312257698383
0.6947062240114736
0.802406443928488
0.7873591525094277
0.8265812816737992
0.7804643364727278
0.8311700894840311
0.9305642628564585
0.7752943617260134
0.8581211426848662
0.7945291936203248
0.8161879869358528
0.88075333250807
0.7878079134361059
0.6680573681521996
0.6027359827882269
