1.1225945040392817
0.9234865062681209
0.9944395320300295
0.7261089300047227
0.9709790357515888
0.808495051003192
0.6535348036213524
0.7792021606201236
1.0397337755299882
0.9270013756015151
0.9664678731802198
1.2018295146352584
0.7875275144184911
0.6853745140188164
0.6340240915024167
1.0617492422194101
0.985199671764724
0.6474267237408831
0.7543798361088024
0.8655209232337217
1.0854189756786143
0.6235852368509477
0.9835181400072965
1.0510291592155185
0.9909304815104427
1.0401079636078487
0.7702718869409497
0.5089314338271331
1.055593532341259
1.052512552003522
0.7176879385536838
0.8224130191197843
0.8619398078000606
0.7608497286724648
0.7813438732049796
1.0230013027503049
0.9673370523191845
0.9685090383404993
0.6970208962329763
1.1054416080592682
1.0958493802849099
1.0804677128523048
0.8637864048822088
0.691437015976059
1.0440811202561497
0.679457326722855
0.9997914070114753
0.7507223058079034
1.0290703522708229
1.0773310973007337
0.8246071098601447
0.6448167657322754
0.7669431674946308
0.5152355707299789
0.7157122917846536
0.8649225878064783
0.995522827914892
0.8536983404362822
0.8208997771563142
0.7191166142426482
0.5307167417146104
0.962288244281362
1.2305723508576725
0.6845800506876654
0.7910835933034458
1.2183983610040912
0.7314035688453744
0.8079978353372466
0.5697720536138583
0.707013531170313
0.6958801905199071
0.6936377338556569
0.806210607256041
0.8477173453288898
1.0251937463395926
0.9109099761257577
0.9432846950048032
0.8970806040275388
0.8903249735005827
0.9363045510333485
0.7417511515792986
0.6821860999129636
0.8046942971236813
0.9272160162116643
1.1215796463291534
0.9953339102854676
1.0316955598100932
0.59321456640072
0.9790183390263045
0.9253135434914643
0.8557290752372528
1.0348949647877885
0.8505720974928495
0.519561509883644
0.7586915697703902
0.7909878486604816
0.5596782417574957
0.9531911655950017
0.9102441346692149
0.8361123025581726
1.0066532810180544
0.7664775828200496
0.9200402961494528
0.5494182492473116
1.226140918795254
1.2853406232603377
1.0123288603975167
0.5828120399207564
0.6709330759861123
0.7861614908623693
0.8097252954263773
1.1290877288597132
0.6969445963662226
0.5464834701920029
0.7456335588530666
0.8257321766768246
0.9859067975418877
1.049237159565772
1.0237774110607898
0.5418349422869699
0.7173112148068903
0.8679069702183688
0.9059554498538103
1.119310011565032
0.9794738523620113
0.7367682601919299
0.9306275961802658
0.8503910582866165
0.6266855109927583
0.7439147540306619
1.0570685688085704
0.6611516841662821
0.8413762403334702
0.6860755829101753
0.6307414012205559
0.6753294057918353
0.8619691601166853
0.8549255208737261
0.8318778223733844
1.0286177913475323
0.9925155235501599
0.8478348011252532
1.0446630311320366
0.7496805409076095
0.8587022603428204
0.7038983195128026
0.8918024952050407
0.9149146311530516
1.0806351707428026
0.7956087940678068
0.8625823855206997
0.6972222196785137
0.8758411326869182
0.6998551606446056
0.8371177190884971
0.8572851682406467
0.9608488635938239
0.8615633909274867
0.4689995180768329
1.2560593787482552
1.183230616592982
0.7882815281597798
0.7213252233163704
0.830086978414742
0.817627798041984
0.7017248549706352
0.8221010810060725
0.7457632392456609
0.7747376569174752
0.7421170910081212
0.7042854155977595
0.7109132285432755
0.8750389706775684
0.6650599227743922
0.729474487557962
1.0048093238123035
0.6508362151159673
0.8387009932306755
0.6917817521272139
0.953809523269088
0.5941898710118937
0.9614488567551177
0.8770997615038535
0.7640988926941201
1.1402609905305023
0.7343832617358231
0.7101293955593078
0.8745187462788213
0.9446215675015632
0.7574762289893309
1.0991705619875631
0.7612300004138631
1.1217422552174
0.7981884257502443
0.6074034331299386
0.901987330802159
0.8802440574463518
0.9211004598766027
0.7701097314620899
1.1367675624072142
0.8680293171617874
0.7812198836128835
0.9850795582555705
0.5703338787112939
0.8442483788076673
0.8226046127302499
0.8009771897351464
0.8575336661094941
0.7495224130256654
0.6661750782421347
1.1611216827690478
1.0582519303202838
0.7937110243123877
1.0833354623456632
1.0650244989858773
0.7924671747455293
0.977016225235201
0.9760065515898895
1.1889229173750715
0.7352160513602428
0.6702775150724906
0.504363837257817
0.7749664089920903
0.8283781895343882
0.7412486858779155
1.0863828582501933
0.6323115062844982
0.8919933897052029
1.0215439529387758
0.9102415262185491
1.082610116477164
0.9879134047556374
0.5961776019466194
0.8799569858252804
0.7670965723022138
0.8514640421854968
1.1365441862822345
0.6869502522557231
1.0544226173068103
0.6146042230956397
0.6178767663944845
1.0236373488759272
0.8126878049465956
0.7146483977298452
0.916429351732498
0.88641709792749
0.7590723535776512
1.0199267897762392
1.0387557080149987
0.8180267953611424
1.0221805073005557
0.9083047604738201
0.6079182796753027
0.7462903588396947
0.6420560934642034
0.7376901986863305
1.141177155445745
0.8298173804079387
0.8558362545803248
0.7939528011312191
0.9648577603464393
1.006952943706566
1.0883345148354835
0.7335395628833958
0.6226054327192216
1.0179635739312993
0.8377095416253363
0.9955430916135432
0.6241355074104685
0.8003491349536512
0.8486523240934511
0.9207031380369336
0.7997629870148172
0.6904059821397927
0.8785473325261505
0.7484365265243977
0.9419997663534716
0.3853141868992237
0.5819367935489825
0.9519943587536174
0.7128039408352681
1.054617853389625
1.0851552324453646
0.5731822234528539
1.0200284240650102
0.7839710234231609
0.6541213563133881
0.8760948901176526
0.9527348770722585
0.9378332702963104
1.0554084490171542
0.7903753341400868
0.7072475428689523
0.8868758108371914
0.9878764997808175
0.7617998372224031
0.8854397072072618
0.7663260314072101
0.7088550423756265
0.8937585648224016
0.6612523510682047
0.6759460774695294
1.250451483831924
0.7194916201618947
0.8306657110560246
0.8545713688961207
1.059383545604051
0.7810543774134602
1.111274456419504
0.6959395439607226
0.7989637570902256
0.8277852375806152
0.71088170185985
0.5926942200677543
0.9067757231828057
0.9684320025009332
0.3425159027547141
0.6474319390652535
0.7541363101052196
0.8499181386234766
0.7119139455899087
1.0971691584674867
0.9093521809760865
0.9268751880198643
0.8348042418100846
0.7768443824098223
1.0221727771245368
0.7447904405301032
0.6659170503161127
0.6383507748157813
0.5749566544329209
0.6437626855240052
0.7510362350932802
0.9353845103043935
0.9422419356572006
1.1964158595534347
0.8072971163056845
1.077292303248981
0.5469446163157409
0.7669431354616252
0.7467491150917507
0.5562277198622473
0.9657041037149541
1.1780404651309082
1.0359609493571313
0.8217632199999848
1.13288679858837
0.49658235823749836
0.8741636202518297
0.9261096589730884
1.203911756327552
0.9400285095281656
0.8436402256153734
0.7430661955050778
0.6990411041404225
0.9219942366590784
0.9233852046967809
0.8517411216462242
0.9564491036919875
1.1285461148390794
0.8732827789851796
1.0671279929457935
0.61612674902067
0.8430125675018152
0.8818537598316888
0.9032401592654175
0.6349048601558382
0.750583987594999
0.9932381086506952
0.726767670456711
0.997824170196796
1.1058759724847855
1.0749303981849425
1.012702977709562
0.8105080480102077
0.6689680241343872
1.0597219693127926
0.8224292783811896
0.8949749321392005
0.8898063903241817
1.006984674328723
1.3865047474682082
0.8008619455607124
0.652394311887123
0.8774846007313184
0.9498699548211569
0.9379603121442747
1.0816282012677176
0.7820099430622622
0.963915182600079
0.9024812491038855
1.02162622375003
0.8849113684570482
0.9646256398479702
0.9829189514061847
0.878915457387993
0.6900279586705165
1.0978898564998003
0.7433790639511753
0.732764262456522
1.0814074956577453
0.933689443711481
0.7607386034385054
0.8405522418152312
0.760729128437127
0.7171299492120932
0.6585192773490541
0.9142392801713088
0.989746113675942
0.9079155986893463
1.0026721852071963
0.8560482135354982
0.8394037244978865
1.050985224893983
0.7075178969443003
1.0104912621441247
1.0867610434894006
0.8623472384545943
1.1186578576204536
0.9173966530052288
0.7910269143370794
0.9383394270298162
0.8863883107429007
0.9281001172356128
1.003572783853523
0.7197103759940142
0.8367436001934347
0.8397028871691802
0.770903700764569
1.0900839686834531
1.0288304858157256
0.6781965704943814
0.8930248434503498
0.9128307150546353
0.7547294315964455
1.1324925241220232
0.7092712174342388
0.8970518322923169
0.7949456216460844
0.6994546872283962
1.2505714713812097
0.8169340534055061
1.0169986890872973
0.5972998779391233
0.6616962027785365
0.8606947729389262
0.6891264585672521
0.6143573496231058
0.6049635666778937
0.9354506279859646
0.965487151356446
0.9079264755707376
0.5817030650389317
0.7274937736478788
0.9838008041280577
0.9558941864269682
0.7921738632697793
0.9240090959591563
0.9123946859869267
1.1060482862361876
0.8591194129591776
0.9060301948229768
0.8036414170461277
0.9369777376094831
0.6825233657559473
1.1206109769438843
0.9730366781489684
0.7852459464676876
0.8269586096328068
0.714474963191214
0.5174153807537091
0.8339264256273521
0.7830886222547613
1.0555675475574355
0.6111155399962365
0.5921976759939258
0.684352041350975
0.8000179915767013
0.8671518538374358
0.40479480500867293
0.8893352676794672
0.6409628608610497
0.9809051859590526
0.5975293622149156
0.9107322902696495
0.9498888540310042
1.1009082001206587
0.9175071459254683
0.981475542269447
0.9987853310790329
0.9583852018800434
0.6947458471445503
0.9639885374622027
1.0523852200330008
0.832860977013558
0.8859051608360293
0.947843504221996
0.7673123973887346
0.530633407535293
0.8644210690213191
0.6191683867785132
1.1098440044210338
0.9491989513831336
0.7706089789963526
0.9755334732484477
0.9717697511905921
0.7286388255282846
0.6210853775511737
0.8966598087834354
0.9861335777793694
0.6006078911374061
0.513769464776284
0.9925800016292041
0.9227071939287037
0.8698941792707509
0.5756629170682848
1.1254330263907293
0.5964894907448997
0.679964006353976
0.7476888447310545
0.756694405411222
1.003078061479981
0.5982581007200843
1.1209393804267793
0.7397986581956358
0.7761804536489717
0.9207745451585343
0.844373196663743
1.222945466284692
1.0748786873492544
0.6688337890205998
1.0784590272536363
0.672227079409273
0.9227085606118042
0.7738821140460085
0.9559444604392027
0.7194908198219075
0.5744754803271617
0.9264054926685228
0.9889539382563256
0.8406348699520066
0.7996017005271946
0.9419755089541592
0.689892320032245
0.67201338842159
0.6821460519238358
0.7256895202625832
0.8979217375689557
0.8966499938462866
0.8617607408000462
0.951655884313229
1.037574777730492
0.6861326449506733
0.5666298187547598
0.9290360526406444
0.653588299165832
0.9668010517302061
0.9593307035862478
0.5781054651630879
1.2244411391663386
0.824332042694891
1.0898579424356971
0.9602570954819144
0.7684475091582433
0.4996774514822345
0.9591934800064164
0.9472338692998911
0.821686721598229
0.8889978985126116
0.75118642039956
0.5369354073655224
1.0971318865777935
0.7448074445737425
0.6670250888332563
0.940515826088175
0.7671549627907971
1.1158101449301776
0.9040884439282231
1.0031251984913698
1.0642512077608077
1.1076155083036427
0.9341158434697424
0.4754134210093913
1.0821899039614427
0.89934798622993
0.8171008850751067
0.919684956203821
0.7238999938229657
1.0166914216893024
0.890595321196503
0.8961039339632463
0.961338801200853
0.933305891819592
0.4964733425624563
0.9170651974612646
0.8746399163646054
0.9664078369779143
0.8464814646564607
0.6265615979437347
0.5687648229955569
1.068376930659012
1.0505391442796348
1.179907678877455
0.7820488346612515
0.7410365350285445
1.1702510652900762
0.8709286337730381
0.8940803359398353
0.8511088915307259
0.7033098602211383
0.7270633689301911
0.8120799193996886
0.5572620863964097
0.7888890781474222
0.8715075652368777
0.8414386709935889
0.5651337791637381
0.9120009960929829
0.7215184211911594
0.7496012609447057
0.8701721703269636
0.8348552123988507
0.9711882682390595
0.7616504521839076
1.0383103337863298
0.8262037996747469
0.7208485417149935
0.759838747121098
0.6578820410809274
0.9578026650065229
0.9118858175004653
1.1267738182088087
1.0045238129520657
1.0399536220567291
0.3336931122052694
0.45909990748882773
0.8414844916983703
1.1017736682261767
0.7920204019930257
1.133671233660836
0.7821981835864559
1.0261078428737027
0.6853438627068567
0.8150363449583468
0.8224333321610416
1.0100776470525408
0.7525477396982628
0.9242053157049459
0.5889213922688612
0.8232916539584748
0.7211025182444959
1.1462136129413372
0.4507458766713943
0.9826755115548634
0.7841910987594924
0.8309909589116069
0.9351490396529604
0.9046979434589403
0.7461924800532809
0.5956422264651802
1.0527777841129962
0.7216249403329675
1.0267080095983747
0.9518553979130372
1.004314185890469
0.8158223479740362
0.8785247474196034
0.7416574777467214
1.037167547060765
0.8614619933764551
0.9545210311170195
0.760272701365899
0.7385500921722487
1.0989801893949436
1.1173039044062634
0.6376703671887134
1.3275699583514573
0.904814930369898
0.720026372277019
0.8342488106849482
0.7106177060856708
1.1154830794965118
0.8901188605586191
0.6038546464067513
0.7682481679343385
0.577861065432909
0.6764736283326711
1.2271953059883278
0.5152913045258821
0.9582424881615916
1.083968281960348
0.8058230049461638
0.9035514539997629
0.8375947265030121
0.9255202636172324
0.8165109235788982
0.9402890891771052
0.6534891876099429
0.5168735156802541
1.1385078153056476
1.1231634843757066
0.8440286535092378
0.7531181265026403
0.736996710565849
0.786629156691709
1.0896977554877982
0.9192695905022135
0.7693026811481297
1.0542738736517818
0.7289717009927
0.7515295216550916
0.36279809771023225
0.5083541385124546
0.8515695028578292
0.737369506787528
0.9223848119913448
1.179974033949968
0.5297150761753265
0.8829553263957571
0.8582583051514265
0.6392745661508347
0.9001034275229781
0.9397883340492821
0.6600436867544998
0.7266333854026402
0.9013457971807003
0.7744150587726368
0.8593023977382855
0.8682314340843807
0.9577620324836544
1.0583558680022844
0.33667845385561657
0.8931959336065879
0.9295643875452163
0.6508854066505595
0.8748210684877608
1.2313432084611624
1.0431155160776084
0.5408956941281169
0.45267949739135954
1.1404296662715439
0.7796085532889026
0.849932512611731
0.6761658941176911
0.7918469902855044
1.032377631718566
0.7853136784423687
1.000800801981024
0.5643676276692331
0.8922949840062989
0.8737921376672517
0.9594408368602263
0.9304191141100017
1.1238798787692237
0.9523779747162431
0.7150112616203148
0.9738104668877917
1.1686307952316
0.8872774114058062
0.7928763823766491
1.0102957761051679
0.9510526441727796
0.8466024741352265
0.6827248965817141
0.9609276132968122
0.7386516714061154
0.7999489122256711
0.7465823554199263
0.9276623497872893
0.7959363931747406
0.5620248577141793
1.0000347695243212
1.094213753665271
0.931404828585624
0.9077851052651069
0.48506573168228584
0.9382324647763003
0.6986668028991028
0.6263989587359755
0.780919148995887
0.7932887538207789
0.7559133652435379
0.88353442669486
0.8718997443422486
0.8732538759125421
0.9728007346497712
0.7752086038514138
0.9100562184200028
0.9371276462271042
0.5558053761030184
1.1749699143098666
0.6688697317724364
0.7316259314802949
0.8552038670011356
0.762597038850456
0.5266756973845879
1.068855550983614
0.9283799362070014
0.8140706243577263
0.9474816110774809
0.9436464444790232
0.8200784993158051
0.8251679580557979
0.6439174722220653
0.8928589729998411
1.1567799890484018
0.6621702366318726
0.7652631778334144
1.138849795353377
0.8892301005146209
0.9875406467233084
1.1765363644213638
0.9101038528026324
0.9228563973782942
0.857212001830542
0.8246505596680085
0.8995785340311362
1.0370964611637952
0.8290787604710759
1.0126843089570392
0.9186176124252636
0.7785178600572662
0.87099264927203
0.5837474874970772
0.8607094893151779
0.743504587122998
0.9335998063632193
0.763217042661487
0.8067373385796248
0.7193382030539596
1.268381225748187
0.7946527363423463
0.8070956533118256
0.8734408287684411
0.7751377863592742
0.7075754192224801
0.8837867630340227
0.5769837943673368
0.6383296398115768
0.9803674656951369
0.7856357686309979
0.519611482286757
0.776493985745544
0.6314651181566995
0.5749257259009395
1.01784293215051
0.7039319092074259
1.0317465194533366
0.5589416137787759
0.8541751727667091
0.8374186868116893
0.9984982938011038
0.8811467147144625
0.5114756523078464
0.9897294991853125
1.018486008325865
0.9827022722949643
0.561909876144087
0.9993189253736994
0.6203977746422726
0.8590723018927799
0.8572650041049249
0.6407004774211364
0.7839615457933051
0.9521650538409392
0.7655974059659176
0.617111144053756
0.8647257000594263
0.7718420617900781
0.9934680256854809
0.7242160596522574
0.637654688028062
1.1348275880958518
0.5904279690755818
0.6865773020283712
0.7646661865156953
0.7485052151771336
0.7573712169227822
0.603158961828423
0.7813517563027617
0.9982658684746144
0.9806058222306389
1.1117363726522513
0.6361379244914297
1.129766907714834
0.6371252496030246
1.0224332945512113
0.7526570704164948
0.5359739835493943
0.8514964460134548
0.7041121413843414
0.8574527218113805
1.1124252727807742
0.8140021574952309
0.6229845764634513
1.1068686496741753
0.7980720609296273
0.7197217689294417
0.730864648572708
0.6885222546145711
0.5804256184907906
0.8626641441550056
1.0462609711995092
0.6095753047628041
0.8981936213570695
0.8210551257781292
1.0741085372417682
0.8758434254182127
1.0226386767198679
0.7878808341379184
0.8053913160349968
0.7542713050852806
0.9932735680724143
0.9890765543320008
0.9269569485053624
0.7705307893850721
0.6864295771182344
0.7900608801572658
0.8474622253903071
0.9115553594753538
0.9167578307790861
0.630775126882784
1.0399065976316735
0.9194921496420035
0.8946795391312237
1.0132962693232803
0.6388747681073309
0.6148491640104026
0.9403755048343219
0.7479737040164868
0.6815938529937016
0.5658326928008496
0.5915462560938223
1.051046773866946
0.5567280671575041
0.8171539829447168
0.7906684600809615
0.650203907172332
0.983095487739956
1.2174640450809162
0.9210920639050307
0.8800448391221662
0.7671997446041
0.8837113423304692
0.7472122431104324
0.9122792577053427
1.0520524257042643
0.6884970983055884
0.9775903053846919
0.7516956935614966
1.1220739850778116
0.9691380766960114
0.7152188862364366
0.5714530116712203
0.8196490781761849
0.8505290012358269
0.5812056541308996
0.7638921384238286
1.075322005890973
0.9189816075777313
0.9203358116679615
0.4636416114329831
1.2381602303139447
0.8044728623511619
0.8620691838372938
0.7901044135479702
0.9155833166406844
0.757709291504388
0.9636545447181036
0.819762469515247
0.8382489331758788
0.7664593367254872
1.1274620760227323
0.8233941397568366
0.9659569246660655
0.7249099259912983
0.921928622199769
0.673845553937869
1.1150904272139068
0.9575908607511491
0.5008462040470479
1.1115087627029183
0.8372776672995161
0.5518193736074807
0.7122227058128636
0.701944257267781
0.9224549726863868
0.9567269068133404
0.7434979433144825
0.8676999349381366
1.0206578106384792
0.8693474420413073
0.7725895129243441
0.7218709772350077
0.7834434320175095
1.1262106657037374
0.8557929085609666
1.1135884756100034
0.8615317932442667
0.4156137428990648
0.9414995745628296
0.7431824959889468
0.7226962631817447
0.6582985260683225
0.6707606418232436
0.9270338526686196
0.8453385911886608
1.0118352484629525
0.9547361539678635
0.9797401656292125
1.0229883944118727
0.8056383182827849
0.8269724355777688
0.8989239104804407
0.8487845116370403
0.6733371226863866
0.9326328179081581
0.8165958199548524
0.8257592859565748
0.8567367340843272
0.8586594970627444
0.8070749993852726
0.8138494434939498
0.3418246029866707
0.6025800649752996
1.016562406128192
0.854103954250148
1.2069500913330358
0.8718083163760071
0.8834773343188771
0.8868071123241764
0.7735595832562105
0.5929411556208308
0.796333992097699
1.0526920192410438
0.9358588238584735
0.9143651527252924
0.90454898299176
0.8485269689331164
0.9092783273117921
0.8332771638390175
0.7428584399844229
1.086331797609422
1.145007156727198
0.6149636345918787
0.8915611897302438
0.9597309247251573
0.8573360487327014
0.6505906403096686
0.8731068271907549
0.7222711128132273
0.6935245137451924
1.0959042379362196
0.9382306687016654
0.8620226260642041
0.9772950540032853
0.8443861797848244
0.9701970411805975
1.350510263914403
0.7266097339221615
0.9435223227937146
0.9246563939048391
0.8249610878375883
0.8760323546594883
0.789540986459229
0.8769998060552966
0.7243808482706262
0.7356763064307297
0.6540709152486285
1.1390233044623228
0.681884642496779
0.8143455054975829
0.45530706649865604
0.7853484890433883
0.44868733457190546
0.8525154837300378
0.673530715052467
0.7851808484587666
0.9627308840689991
0.6482647744584303
1.0694719484585875
0.7288061884118392
0.7014451577176578
0.6038535347492602
0.9121650109937308
1.2174446251872344
1.2884241476830287
0.9081471944030041
0.6724091591831639
0.8738817893708548
0.5827451838897623
1.115026816632316
0.9270191049202955
0.8224056196074755
0.6713080026319037
0.904868585307057
1.0904906585423262
0.7767281234908964
0.4622015613134084
0.890600278262232
0.9912971730489761
1.0070352382781314
0.9029271592425889
0.9228799974971055
0.7889877884607317
0.6225593884607021
0.8900692167173839
0.8646219306967335
1.0460689754952732
1.1316413599522324
0.9382892814937407
1.102105108732715
1.07815701395427
0.783544062353432
0.8241471846088556
0.6836603867061721
0.8959505443925702
0.7183754673537248
0.8062812933003176
0.7472565399736558
0.597229197150271
1.0470033030984514
0.9287962017125148
0.9084205474198149
0.697368393327944
0.9549023122068508
0.8757351422811392
1.1832489379868196
1.080465398481267
1.1173657232291623
0.6867493340021956
0.8076776927711823
0.8275024717507135
0.975104075780013
0.7050482571514536
0.836247833556491
0.7761895619994067
0.6860522323786858
0.7223196041203259
0.778879341046327
0.9576503421399272
0.8566804960739673
0.9837555444706174
0.8519574259335301
0.6797883050701914
0.8414164072393414
0.9689631386362451
0.8196464028546159
0.9429310345970647
0.8314844566217715
0.9384666524604108
0.8927040190343213
0.8308639629727304
1.049163202092076
0.8757065460776354
0.8489796886341208
0.6591744355811495
0.8802375338779901
0.9179190823592879
1.030947918371817
0.8209402925025843
1.0802488579544516
0.865265492902927
0.946877170386624
0.7455315901587438
1.0549283428330323
0.7934299401230904
0.8689049401869036
0.7839656281653804
1.0039203427707726
0.6806467011817765
0.6023559369527862
0.9372385468766673
0.8498896804728939
0.6473307148101731
0.8304239532046195
0.7245270037119333
0.7084673968004435
0.6897937013922392
0.6586626047502949
1.1283380477988043
1.0946628149710247
1.0545230442130493
0.626284334331412
0.701036586201294
0.5300773424645416
0.6736138345436748
0.40482148606979973
1.0551304046419885
1.1719971325194019
0.7866564115327275
0.6219232090067622
0.9405427571599867
0.9054658371701017
0.9262542312923626
0.9574681437883705
0.7502676367000234
0.88898885053002
0.5350340565032025
0.6385377704827089
0.8737780503415836
1.2094043057763528
0.6270961371043189
0.578960947296537
0.750797137779268
0.6166970036082396
0.8497049601399402
1.0019094057159554
1.1692296657907726
1.1284498986126135
0.986411019458867
0.935891199697954
0.5546250556920886
1.1386038383995802
0.5057017637513175
0.8373801203872793
0.7237023010689856
0.9562115179333865
0.9013088610233719
0.7499262118903562
0.9400693919673871
0.9800971128413872
0.7728654643936917
0.9683193095660868
0.6280407138994271
0.8136060537515881
0.5918674279750196
0.9169452069650267
0.9840303011082501
0.66311465476299
0.767595878170669
0.895325663169571
0.9159165123758588
0.6694514272658796
0.9900137357828669
0.9677872195665199
1.006731268194284
0.918060405790781
0.7332370579003276
0.9536185649298031
0.9721023279927181
0.7448555318830629
0.9598467005623816
0.7870631775640116
0.7752938942146315
0.6568946581724306
0.8563605186602434
0.7920851487813375
0.7959709198913509
0.8943112806534639
0.7280063689145592
0.8239368527270002
0.6780608786173224
0.905462154884011
0.8234426258229849
0.9967771015968336
0.631188256193917
0.8495351375120811
0.8612059100890241
1.120610101101577
0.6912963312555745
1.018607116411996
0.6954080292235298
0.816718055889545
0.6454577926670975
0.4914071211288337
0.9945256851918319
0.6401143222813681
0.8705871574420212
0.8395183127578533
0.7928090325476669
1.2804316427031632
0.7805220807767038
0.7787859394224842
0.9321882471294636
0.8234430202098102
0.8147429614242261
0.8270015586888255
1.0289677837831206
0.7993112856060288
1.0632998420293702
0.7947665918120539
1.1402481263708022
0.790583973663327
1.0325433529204167
0.623392984800178
0.7426953030945206
0.7567178858549283
0.8910700073576938
0.9740886147780699
0.8012896172410983
0.8044121656657602
0.7988044176768107
1.0454637047307906
0.8735715094159925
1.0236752290603732
0.8656073475382398
0.8439419556715563
0.7273559168982026
0.7712585755016095
0.6840873797318594
0.9260302539262537
0.8216807006897786
1.0782958207578983
0.7661206595131971
0.966786473528988
0.8190717386898391
0.9672099490659528
0.9077049604526493
0.7049197888493689
0.7239032618802931
0.723465969855733
0.7799460331771263
0.5916711194820645
1.0470490596378381
0.9182855513522151
0.6789487469165424
0.8964966081606152
0.6537432065084172
0.772214362990057
0.8918159209684084
1.0319409074854686
0.9470771634583178
0.6674027931377198
0.4897460907998877
0.9200426041971729
0.9670407295645331
1.0968739495593234
0.6626800548393532
0.8160523461439871
0.7371856082832507
0.854855007866571
1.0388547587364207
0.9265643649666482
0.8992789772193521
0.9815572083213358
0.8516852391570611
0.8237295327348257
0.8575753536575593
0.5753456678695132
0.9082936327753894
0.8092845342253439
0.758520669802699
0.6217716301017647
0.7388511636676341
0.9942716955704269
0.9305980931993283
0.7843817732436791
1.0495701017819472
1.0401246905444472
0.8812207631728829
0.9849580368849937
0.7466997025475642
0.8240468413717437
0.6784441411183628
0.7795034162439778
0.7814970345731846
0.858091499591578
0.8569373636124936
0.6263714241621553
1.1482064689478828
0.8215123902576645
1.1359651016542607
0.6438704555945866
0.7825370571301886
0.9132268115439284
0.8619602045149874
0.9623099239847823
1.0335928853718794
0.7099846992261033
0.701576036670879
0.5642172578636993
1.064137840444001
0.6561244910425597
0.7908300029706036
0.8896035467070147
1.0779418174366906
0.8611987555230699
0.4222641406727096
0.5791517050805559
0.7209551754994189
1.0762047241922545
1.1370662852390978
0.695438289283258
0.8302951601605869
0.9304307555914492
1.0453921969480162
1.026284801944744
0.8582245059882783
0.8473531968347997
0.6302183092548591
0.6990966961855876
0.8809382800876353
0.702001563347041
0.8119802651094455
0.5757873660402641
0.8585633146217616
0.8485181122221054
0.7012267689928495
1.0792315147665081
0.7131672176119646
0.9187526705002463
0.7009874489916538
1.174823764688433
0.922491778166643
1.0409970648417644
0.693085633871047
1.0058862896969114
0.8718564807543955
0.6993536006677905
0.8696596093851965
0.7570410787839593
1.0710777332119845
0.837722923133087
0.6865409377880567
1.2249093144188037
0.6436949594028333
0.7528131784339036
0.9242953294307329
1.1180377461084272
0.9500260034452048
0.6878024875010142
0.7515212127656369
0.6065626570846692
0.7148883825182719
0.8377222121655814
0.7897456696889699
1.193417030791661
0.6354492627032036
1.0701481288831514
0.6273965936033807
1.0017898830946539
0.9582694947886501
0.7252562494938759
0.8840457871597808
0.8562309756317354
1.0375633919046643
0.9394600441301948
0.9388075711196553
0.7970015440347572
0.9809008337971272
0.955172654475279
0.78170750292991
0.5785571553737228
0.9702932675594205
0.7676976992918773
0.7941081729443664
0.9348371508172284
0.8584597250334406
0.9251617355183211
1.0447822796708137
0.8119744110318675
0.9207367452077387
1.1097616004484143
1.0398972181350117
0.7037848565223669
0.5897684089460056
0.35109754115037306
0.7628633963799579
1.1207754475186626
1.0243014593072464
0.8997403205488912
0.864549354080703
1.2177372594993954
0.5582171630993196
0.8927171676871593
0.6051951452565478
0.8426278950571687
0.5826592981285571
0.8310716491808343
0.5642364891274145
1.0158348118982694
0.676704362408992
0.7350091207205167
1.0111290279255714
1.1654925255554784
0.6918163541953022
0.6468897339493604
1.0284150944346442
0.7227960072156793
0.6237363505318981
1.0667412055892536
1.014910647737156
0.5930063769915647
0.8364259221909739
0.782665437080019
0.7209337219555568
0.8160120803968471
0.7073010335487181
0.8013889701156116
0.6078609355493645
1.1399975321051252
0.7998600646021522
0.9734250502319639
1.0649224131795512
0.7233411731372356
0.9656229788505521
0.7586373176477684
0.9706487271452834
0.773523347615893
0.8980481908535147
1.0294040443418637
0.8538628769661117
0.7440919394627334
0.767149798638986
0.9017483922413786
0.8008898713120306
1.0082955662818218
0.8873215499614864
0.7201534006806339
0.672977180062005
0.9033660386303319
1.0483068749250966
0.42434122918596506
0.6899588546500923
0.7755864138112705
0.6445737897945205
0.7397427601372155
1.075581652904352
0.7517234070433678
0.7101017312961818
0.7754031281266289
0.9774825953147545
1.0690864007576497
0.953652444565541
0.8728510978845186
0.8406053019999644
0.649093971621745
0.8626656374065639
0.7228599393114347
0.7037176271990792
0.88642978277228
0.8788263785227242
0.6180978128486049
0.7524126428592265
0.96986123378474
1.005702558720157
0.6196227284432738
0.7401429207804379
1.1052379524581522
0.6263182347425349
0.8775064942108011
0.9819363043330693
0.9489251960118111
0.9159651242158026
0.8185116744445284
0.8429614001429576
1.1002671951307788
0.7300778817569288
0.9199059968239789
0.8582433115012914
1.0164540532885686
0.742458951966026
0.7323548977332683
0.7912897785739332
1.0057554020585913
0.6878301081622643
0.8125463859566645
0.7653259765039524
0.771022947002083
0.6987037118142393
0.7942116078031886
0.716544270634351
0.8792552676828707
0.804658007755413
0.906530265629436
0.8143258469392223
0.5388013491919946
0.5689046561419604
0.8530774568785611
0.7276909935118248
0.9757885183351848
0.7935122230354023
0.8353827720709289
0.8952473193335149
0.7333363295368499
0.9414160706393593
0.5014980367771547
0.7395734563193296
0.4709265498093414
1.0041811398273708
0.6221683762923911
0.8034632772874861
0.593222758463103
0.7308760457043513
1.1646884813514085
1.1634744423071974
1.0626873651601938
0.8129348031985147
0.7833527009761428
0.8723766347377988
0.6508608167915106
0.40538481569844037
0.9571896617762333
0.974362836549126
0.7492233962291042
1.0330632180148136
1.0658718067028792
0.898237867709858
1.0270526545934318
0.5885635984693005
0.8891856630371495
0.7359508593515063
1.1688127504700527
1.0368731454397107
1.0489090084015835
0.905373743640387
0.6924540920049588
0.9551997918086009
0.5392907964909612
0.6438471441328031
0.7345416572923406
0.6438970897024783
0.8076002377965263
0.9607065522532647
0.577223228764506
0.8674732364376543
0.9549799399473841
0.8384215614829674
1.156018371504453
0.611081102045798
0.7106422051789101
0.5805992782541194
0.8001098452257174
0.717388109792042
0.8526475420032239
0.719436037752462
1.0657519279793801
1.0400842090223243
0.8873628096981834
0.7659275523536516
0.9679078137838361
1.3200492958785865
0.8485790319395102
1.075122238674118
0.7638140646519956
0.8216435639641188
0.761692410309358
0.5082284539003958
1.0545505319564032
1.1581064456283183
0.5973784312415891
0.9812036850336454
0.7599529025757079
0.7010020114052027
0.7873760073785588
0.6877909512443543
1.063191142242934
0.9619592829319203
0.8355719767677288
0.48305125580617275
0.7673516183701796
0.8613890141949044
0.6733283650079662
1.0218381984421236
0.9724126528133152
0.7329905108698327
0.9759744310909358
0.989726502453946
0.9792771380415369
0.9507044251793864
0.6756526889990155
0.7692259172726841
0.8165096073360298
1.1191143006670494
0.80603668048658
1.0519263792435245
1.000329132325459
0.9026575080076737
0.8042227478945041
0.7651561374688236
1.0639616893247859
0.9600209917851475
0.8523491068552583
0.8409925303054537
0.9330961919788797
0.6965413840255177
0.7740327920472364
0.926528815305887
0.9003359266657865
0.9508524982523616
0.7165364095141211
1.0671998034041923
0.7891727007655077
1.0880982863293471
0.6423422811680183
0.6638529271217158
0.9159768697486466
0.9733478861200597
0.7259333470409794
0.7431271143841616
0.7323056544758857
0.9544957985139373
0.6646848762673935
0.7454277788293596
0.46482329833561736
0.7524052184852569
0.969551849128238
0.9706543576644276
1.0582282902500046
0.7586718499071812
0.9433403077359531
0.6346033793036121
0.41140435201716674
0.8715316357955708
0.8468138334203156
0.816784062634555
0.9145127316268646
0.568557497759983
0.907140253271856
1.088747625649275
0.7558912152379613
0.9033345893108993
0.7941591412482295
0.5116109307600507
0.7632341190518536
0.994110976202903
0.8086128959931029
1.0622495320345529
0.8340534754653163
0.954506029108788
0.7283166918422311
0.6475883597575294
0.6403163794613411
0.7760975182745131
0.829309520292873
0.7528223043479091
0.9836070053732099
0.9181302401571555
1.0840870875708906
0.9340617207544994
1.0149041314659633
1.0159961017159795
0.7134342990347515
0.6265458229822487
1.0808747665690817
0.6763590477836297
0.9638851242018075
0.9307281263088458
0.9958103385601916
0.9248617145463698
0.9128002346843741
0.7137128614431605
0.8909005937861888
1.2437672647302147
0.7386803641465335
0.7510679946713021
0.7932868470216656
0.8121277513861408
0.7800730603106556
0.8096650047341168
0.7467508202876105
0.7823093363891193
0.768418187349099
1.0569790381788093
0.6409565472998149
1.3117407607629334
0.8049418463585721
0.9757523319025636
0.8494017410171704
1.1476384313535135
1.0940305355657345
1.0814047663192354
0.6731173367641853
0.68970849497084
1.398002231331984
0.8384777320336929
1.002188753193363
1.0067740536783938
1.0098076238319174
0.6534090387445526
0.7885865315235088
0.6171432536174352
0.7785757939265812
0.8831043389466475
1.2817999108960458
1.007899561174145
0.8160826755006627
0.8520126830712493
0.8674850533709929
0.7297228318833119
0.9044078624470578
0.8556195695588106
0.831581064189665
0.848036091237439
0.9072871048348642
0.8610827681023431
1.065453872325139
0.7344916605622097
1.1163008779468864
0.815187508200761
0.8570755847120596
0.5606355781193477
0.8495306058839138
0.862215519716124
0.7854881502761856
0.8667217631655106
1.0664427851490113
0.5620856745600995
0.8852641920923663
