0.9007712016682463
0.7404426465480419
0.9591183217850194
0.7861779040440662
1.1119941341792483
0.8120415946818217
0.7461683902899416
0.5831475591273387
0.6896040813122336
0.8251988015232966
0.39274576451880405
0.8997146565918184
0.976456600292909
0.9516796100240748
0.9696820452709247
0.6959769529294336
0.7420873527826678
0.6399953381290514
0.7045010175337016
0.8492376829726085
1.0263728869003024
0.9031647618987111
0.8064308277472444
0.9330990444978875
0.8927395910609586
1.0715966606395944
0.7023946787896134
0.8228827786703335
0.7493329073342516
0.9843541931715301
0.5869487631838536
0.9105536828102676
0.8743884598500152
0.900257388617868
0.8591207601738802
0.7236317064336103
0.7370829022628607
0.7386655077022805
0.975733660733335
0.9022005522492583
0.9978753430217171
1.0814607719310447
0.9337034918439112
0.5182522920166789
0.512595542150538
0.9659695905185477
0.7491010873404274
0.7401429847706397
0.5194801370507521
0.7942165812751467
0.5829472671961248
0.738602430095102
0.7470769891964719
0.8756061716489834
0.9834627804422411
0.6810200844310743
0.829140911731937
1.0463122441185648
0.8530015754940199
0.731547548281857
0.7985268057192819
0.546496650308573
0.6015638275383113
0.8682112728261164
1.1441515133992566
0.771370514320946
0.8824823924880927
0.7335019494807493
0.6079070048528055
0.602429478489235
0.7031708238691942
0.7390456569274895
0.9315887571353445
0.9467232846791954
0.39273832128163144
0.5992689862957563
1.106277106263666
0.7317098343358472
0.8783346104587496
0.7843496664178121
0.6605076833871202
0.6480814047342427
0.8753549226411554
1.1485206478152659
0.6725076112248913
0.5587603514742894
0.7477955690054244
0.8011496989130242
0.7688099503497525
0.707135272899632
0.8972805950045035
0.7772420432862072
0.8308572640302463
0.8168581044698566
0.6791721362395897
0.883897127087464
0.578630238711713
0.8834387670998776
0.6775789654662475
0.7566210303563587
0.7302646059135339
1.118190995641339
1.0549448748555665
0.7720569685520421
0.930200965015887
0.6755167536876978
0.8002354103533158
1.0347823469173207
0.9545568733477976
0.9746498539282709
0.5280224897626453
1.2826465996630847
0.7275518181291012
0.9589264351445801
1.0838910463164761
0.8353153658510325
0.9116652843284807
0.935582695409248
1.2638564797516119
0.9040516100982485
0.8514534937490255
0.7365468796779122
0.8028533816666671
0.7949340256992748
0.8908635757089501
1.113157151134898
0.9012380017606516
0.8036240584582971
0.8575175864370231
0.28460700761025626
1.0400231593934814
0.9178627064515907
0.6383362597967001
0.7733518524998937
0.7170723138081158
0.877393141023613
0.651192779057594
1.0444586961003508
0.8646974418418973
0.8615212670210175
1.2573801150205268
0.8194551310891389
0.9866541717425403
0.8991713380174304
0.7407246139507541
0.8264221751887559
0.7805111601715684
0.73340433692404
0.666788169186068
0.7836925098881861
0.7826378773416112
0.6778729083649861
1.1561876577162558
0.8518996400869703
0.7244480330744685
0.8525695284222645
0.9138726289531477
1.0816948601340863
0.7345058976755219
1.3704506319937182
0.7033663612746042
0.781156040850612
0.7923386199857554
0.7621941761623511
0.8731798807948129
0.9447724588565207
0.9795076054984789
0.8126954765480773
0.9119358645582514
0.661357550102665
1.031432261563671
0.83512217453772
0.7869298515261894
0.8696503965757109
0.8001445249198125
0.8428455769739729
0.7076589949291427
0.9357281499314527
0.6555923824498251
0.9172421993680671
0.9661059640227828
1.0607504742425606
0.889500539284752
1.1800242013946145
0.7235358223755235
0.8838837208427085
0.743357373744917
0.5928532671145413
0.7250429033115364
1.0671432554855103
0.9444921783045815
0.976832029722182
0.86053244898136
0.5252210936150465
0.8499506327015502
0.9355735397629401
0.9826450189055098
0.6364711819834741
0.985758080753813
0.9217555472582024
0.7888808500553011
0.7866303374283823
0.9361187356430527
1.1059596485053365
0.8372491528735823
0.7651020781164912
0.9409585345316868
0.6439551686935825
0.618416398832019
1.1882707925865366
0.7257761009216412
0.7182836050137443
0.7445009960049442
1.130453272252213
0.9453129597571797
0.69772546582011
0.9283086046931824
1.0107125034391335
0.9403817850893708
0.9980763874691545
0.6630233780972613
0.9543582475360889
0.8816685200184006
0.7231292802198103
1.013226744591699
0.8867884652760315
0.981832654909306
0.5675427792668293
1.1053921583128712
0.7432343172265576
1.0059732968007258
0.7591792379491488
0.8781523585392254
1.100986954417226
0.6515963990159693
0.7028478238601613
0.7553738016902464
0.906246918294981
0.814436227637808
0.9618540124618322
0.6205475414506748
1.0037065454768448
0.711272145369964
0.9180724479114233
0.850952183309201
0.9364399084230355
1.0126688860054636
0.7998159879744939
0.6752750262801263
1.0964323390522628
1.0687541822696063
0.7480413989641204
1.131373661034735
1.0048228674803268
0.6520940824460573
0.8367386043287706
0.9283639387782124
0.8490046623134578
0.8560512707405407
0.8361865643271943
0.8417684657143566
1.00608343713296
0.8798181346963883
0.7383612695061017
0.950934179757756
0.7438220080827379
0.8733202227878064
0.7956856458820196
0.8554838104141133
1.0539369079384264
0.956968752250063
0.5303604348718638
0.8826111996499564
0.6593371731665824
0.7684095447754046
0.8098580629560297
0.841595112336492
1.1605081460707427
0.6187772243421736
0.8384178799114341
0.8438724137717382
1.2139168228033665
0.8970505865112743
0.8350155997789973
0.9243018857957361
0.7990435904484252
0.7932363991656769
1.0252428767288104
0.8855387703556026
0.8013425593696324
1.006950677801556
0.6013087159676378
0.7132837302845576
1.097189806280351
0.9835216545917003
0.9536619627794654
0.7211967938955016
1.2135548359300765
0.8766917594365475
0.9423090326710502
0.8975674864322691
0.7623101677477543
1.0235004948396105
0.9630902175249765
0.8735988818633117
0.6277308488696293
0.9995488489181057
0.7160108109010418
0.6323631454284712
0.832417912542992
0.7805581129155295
0.7919902771736663
0.6870141731910306
0.8751972627439142
0.991171935404123
0.8931947305976317
1.0272585141185873
1.0380993543329724
0.950893384068037
0.8322203168209706
0.6723929920755767
0.7464658053802734
0.9160426024564559
0.5477197314018096
1.3119252192117319
0.8757615872374996
0.9937427283218851
0.9131993165672119
0.7117364931090108
0.6459440528875567
0.833316808852311
1.0018792884095113
0.9027521341188384
0.8946657854346244
0.9006593525928193
1.0983105073474073
0.7514845030430901
1.0153838982251084
0.7466332255216924
0.83119701319155
0.7439663756581669
0.8141095796165818
0.6200479071385596
1.10298903797246
1.0652840451845325
0.7040851814250481
1.1014556333752457
0.9111685940922128
1.113654971848148
0.8155098855255725
0.8976400359821101
0.7389717751622955
0.801785498900879
0.7625029935735262
1.0309430585761805
0.7884477441427278
0.8541342749426131
0.8413186061784808
0.47765627856816056
0.7606509787444031
0.9070943985520312
0.6562884402519001
0.8327829587730327
1.1225457166208677
0.771594020892747
0.9698471954042589
0.8677577632760208
0.9052428187243484
0.6506761000456587
0.8142865488648677
0.5544942047109735
0.7906244682510281
0.8014770227624074
0.7485762371163265
0.6619306020057545
0.947180559246497
0.8202006591543824
1.1139935710677988
0.7609999088277095
1.019723085383759
0.7537964406620663
0.6215539665085924
0.9363204052427498
0.7214615086617092
0.9458291229444236
0.669435595186062
0.9065597323431547
0.949446878533697
0.6607492452267427
0.8168657797374572
0.9217798473104499
0.6721952660220343
0.9351017983102085
0.7591683344209194
1.0186148070540644
0.84465781255683
1.0249315748558676
0.9508302661970744
0.8926120480349473
0.8247770015701255
0.5466532821706065
0.6094250659778151
0.5301661939364204
0.7917257646227984
1.0641288848023298
1.2264259624732279
1.0459127752697146
0.8211594500695347
0.9678360086620917
0.7908708492886717
1.2012726768123279
0.7750900632017022
0.7879620806143613
0.8909453100206166
0.8402652633663414
1.064900564664666
0.7828728712712212
1.173098365743628
1.0017031812230908
0.714913963350953
0.8601144413408013
0.6492657724686154
0.8339200847670901
0.8816438987367708
0.8322121026010962
0.7170909593522354
1.1575078747765595
0.9208259429810155
0.7217703711802177
0.3844926349006065
0.899465792653369
0.6389682371576217
0.6698032730282623
0.9252168205357486
0.7793524177630174
1.0559441031860923
0.7120262872774087
0.8991063018702593
0.9024391345112693
0.8830514418867749
0.7233527593763724
0.8121124581331403
0.9835409333319494
0.9045412191254211
0.3661790810539525
1.0508854654073174
0.757047769527262
0.8956369215789473
0.6734152991757583
0.8125288675778052
0.8087037409977852
0.7785184459717955
0.6605131861020497
0.6727022410284714
1.1149171439388876
0.8734388731286528
0.735524840552619
0.9746508015604077
1.4064861372739084
0.9732067708814856
0.666186572016499
0.6578573081887815
1.1166211908084382
1.0071335198979074
0.7669788422817171
0.8700880128330443
0.5752384408295494
0.9641473936595083
0.8669541966910549
0.8510477618747956
0.5696212368507576
0.7990954647630315
0.8709710669826313
0.828692620565555
0.7378731479860295
0.7263463746949562
0.6042844096128448
1.0363997531727742
1.0445380692910975
0.9812701038015696
1.0106892438082413
0.7435234185692225
0.7361985815529659
0.9148264466981707
0.690335047965591
0.9581554171863332
1.059845454676149
0.6370359745786626
0.9118707374415921
0.9653375799011814
0.7840971300393551
0.7322483566160916
0.9558137217282769
0.7809399983376428
0.7418425064290466
0.666291927138221
0.4647125779137942
0.4897242980446888
0.9189926729671614
0.5855930910281317
0.8279540018480177
1.0293046293950847
0.7526858176748388
0.6195953011335178
0.7867057073300427
0.8258765298822547
0.7859155319019043
1.0684416237188095
0.6180198833136406
1.023538415650044
0.6966441930143745
1.0491721578696784
0.8746979478870103
0.8338514622027435
1.0060078447674687
0.9542242747305174
0.8056075865697228
0.799592299690504
0.9104815082077744
1.1034068730382285
0.7195399935088067
0.9933450960302227
0.6586861463641206
0.6931019597658052
0.9031512701157077
0.7591540622868355
0.6682218790941893
0.698605015449802
0.8352340429052383
0.5728542552417775
0.885414084414074
0.9535591841370878
0.6477454079422982
0.819651772478572
0.8259960945573608
0.685075186770888
1.1581770694975249
1.18039100150546
0.919890975023014
0.7763972837545111
0.878992035498264
1.0803427100878005
0.6131920715840495
0.8234825065783443
1.125338338667532
1.0118550467648317
0.8977199256806487
0.9267192025848136
0.9177463004741023
0.8994870110839129
0.8323831960992187
0.9558653793435908
1.008308277440768
1.0400446749171495
1.049385021131965
0.9111132532192528
1.026329423692816
1.1528754005998907
0.9503717870936392
0.5540385638554108
0.6535620151962694
0.7138947058728498
1.0215275254845828
0.9417278431781816
1.0786005212719545
0.8421549534792423
0.7486101665340106
1.0736684411294444
0.8692607566466224
0.7364556467629603
0.3662830790752537
0.8613479382202168
0.9259259757416703
0.9831077591853621
0.7123910916148655
0.8283269699864039
0.5260276429164792
1.0424413754197064
1.090323707253936
0.5737158538695001
0.8950395317385809
0.9071905495333552
1.0831281233147925
0.683690868022221
0.8640688859367688
1.0171026421865998
0.7870325057948725
0.7302977259327681
0.4864126061489292
0.8935898168906978
0.5831271996472527
0.6577490820644597
0.8118582532688106
0.8331485168090864
0.5396694774733221
0.7475517266608924
0.8721515127281239
0.7892896888008452
0.4591149140263176
0.6603414520779153
0.3965032065848098
0.844156402731035
0.9777719111150805
0.9639212543889517
0.8158971355595719
0.5840883130259893
1.0605470324665824
0.8415874034845331
1.087023134493148
0.9756974058029719
0.6522924781440829
1.0083117462509261
0.7491484478731042
0.757348193175928
1.1346727633632177
1.0645566621543314
0.6924512371282643
0.6553846889905761
0.8847730191342147
0.8867362807038801
0.7553262545053243
0.8989080365784331
0.6257000480572967
1.2882392724148244
0.8249458997459265
0.869057939948294
0.6461720999686845
0.8488968262473258
0.8629727876850019
1.1491764879300153
0.7705331292570454
0.9679376173967156
0.7450661167125849
0.7107756832903291
0.8063921529506268
1.1096114989498786
0.6190872439928037
0.8523769290484585
1.0011744163958354
0.7288031004529576
0.909408268432261
0.667801638121704
0.71485769044531
0.8936475224026145
0.6101484929094803
0.8887153453824
0.9245351879863649
0.7691215463022939
1.0043877745943786
1.0209680517651079
0.9220605469469674
0.9974458956220775
1.1072476334075536
0.7886113019872515
0.963041078542276
0.9726387460233682
0.9615418765151849
0.950628688252009
0.803837302007313
0.9632251890699377
0.8879976845759847
0.8369669875190358
0.8174935069747324
0.6471532181645745
0.5609238325573853
1.2495373331090216
0.9570039408986182
0.9555981241962508
0.7712334813682183
0.5094568928410352
0.6013673070859595
0.934536953980046
0.9138284889359384
0.9999713709233949
0.6760237732315597
1.1802464965421027
0.9572260321217803
0.6986519047565927
0.7600845609099864
0.9525076169578807
0.9595069660404068
1.0324653287517984
0.9309642878818933
0.7238357863086319
1.0436254255932973
1.0033982083911712
1.0384198532334619
0.9783560653004971
0.9610204209612763
0.6851123469409073
1.1685011969484067
0.9878207699742718
0.985936900992455
0.947926440525639
0.8518952694046948
0.8683315592943699
0.9281730148662537
0.856106056904915
0.8181043891560207
0.6393907042068244
0.7283445153734921
0.6164496926011256
0.7252087298804953
0.6803639426013945
0.6749443822637362
0.9682356289364041
0.8648144480381514
1.0105720745478823
0.6047726867789749
0.6941048856656394
1.1519320777026993
0.8709625986906274
0.7250595852056433
1.060840765366374
0.9521048303000803
0.9294200792068331
1.0249557181500528
0.8414609136788662
0.7684325325719945
1.0298083287988906
0.9664329212786928
0.9759335421275748
0.768584882466123
0.8071105977359182
1.0635165731740095
1.0193112296131632
0.8962648866110949
0.8871097217608571
0.8411063400522677
0.9321232645033122
0.7793193232177529
0.8278596135640558
0.6161405982314725
0.8667845598682401
0.9010563799971918
0.5738346990301351
1.0585399951055747
0.7416722508683372
0.9674543809174221
0.768066344830972
1.1373444097275516
0.8774386790358508
0.6877886807460749
0.8330928355968192
0.8812897339577626
0.8719189950587499
1.299198164506258
0.9627026281594697
0.7991642443591641
0.692876755368537
0.9205894172848779
0.7803813687333165
0.9297899619686789
0.6868873676275584
0.6178034628621899
0.6699948897555036
0.9719741180418625
0.9349897067297915
1.040898352940684
0.6021335381550316
0.8436397959203461
0.836051955736207
0.8942470574192204
1.15180025570968
1.0130384494881206
0.5827009548699831
0.9991031240510408
0.583807822072824
0.892477997788182
1.091695457007206
0.9510264972774705
0.7990195320017929
1.2178839454117274
0.8808336971854458
0.5347048103905148
0.7149577353040929
0.5969006983932574
0.9788762810074342
0.8107514921103287
0.7209260963175664
1.0094697942809971
0.9719361022803249
1.108551021953316
0.9910769368501968
0.903509464077403
0.991008317735049
0.7387186707494876
0.7867565488416859
0.8561189528028202
0.5461962598044683
0.7790469438075374
0.8680373908651036
0.7576822310503739
0.80735354254502
0.930091199842276
1.0087756857014432
0.8255669432758752
0.9503549680209074
0.8556570913702792
0.8233210932838348
0.8818354317622213
0.8156218328240132
0.7903004582844015
0.9733942885955799
0.5299699165350591
0.8083116413911668
0.7918543551303563
0.6319022355759585
0.9290853927600525
0.8522866918148201
1.0498629462321958
0.5519268375771078
0.7251446173670923
0.8150082473131209
0.9313355323764861
0.5668851975714495
0.8736973710356501
0.9487521684986496
0.8700623714348856
0.9522588938501755
0.701204202829727
0.7605572619125309
0.9790123045319594
0.8566877797708007
0.8549610575306291
0.8295336448045489
1.1049367683553417
0.7670791126265608
0.6734123022138282
0.9673617878221813
1.0579379479637763
0.9020844032550356
0.9622972136041967
0.816425609708967
0.7491497689199637
0.6957916394882738
0.9685531191527398
0.5528387677427598
0.924857244378419
0.6507499118803823
0.7848788176055799
1.0441996100091582
0.8378109793342401
0.8410655020187422
0.8482230997551874
0.7012326092390316
1.0912205752193471
1.0393846142883665
0.16280351298725737
0.6431759009229996
0.7895176842799553
0.790528640280557
1.056498453205047
1.0938719965033379
0.7647545787385288
0.8278348517085887
0.7745155391618614
0.9254595446569871
0.7910750266415605
0.7588687195946414
0.5670366012403478
1.0253892765767227
0.9402725034235745
0.583867567231876
0.7992562424321654
0.6745792575206282
0.947491268052301
1.0433144074953915
0.9708315559268025
0.8621589577350238
0.8750532497611908
0.7237380077432357
0.9003104745344543
0.7801739920502364
0.5714086197655365
0.7129245806361286
0.8708057444905252
1.0256774576631071
0.9977883137796056
0.6410801865071158
0.7511159122909018
0.9241632569913808
0.7743168495605091
0.6581649666129914
0.8815871389183473
1.057839448898319
0.6471224479243799
0.7660421074788023
1.3120426707257855
0.8008689174213431
0.658295455863082
0.6892226038058019
0.9295020511155058
0.7375037642085532
0.992240237197988
0.7891180609839147
0.8234995233891103
0.8993063067621863
0.6816289513109537
0.9950209957882075
0.7181571237367832
1.1203164092740074
0.8788533380223257
0.5556037402629406
1.1593538598162691
1.0556452989119374
0.5607660112662081
0.7943622593523054
0.6639685543256741
0.854730765798015
1.0051018261944455
0.9974104881583514
0.7798434676672503
0.8567740522747789
0.7205629138379369
0.7996496551217973
0.8727851103430468
0.7057683896172621
0.908898106876342
1.1155304720654096
0.8466055481916459
1.0160060227686798
0.9522478603871295
0.8830626207336982
0.8474580324422558
0.8103969777516798
0.7900393955744454
1.0436035991621702
0.6024895625685429
0.9555197384407688
0.5446476817728692
0.9158332713069922
0.977599772679404
0.8953160153648488
0.6818797354900832
0.8749159828450068
1.1764163068772768
0.8325141289318889
0.814372900306232
0.9968406471515976
0.7180762520838747
0.8683840087794408
0.852798929196794
0.8702719178774277
0.9324557491323902
1.0860924723510776
1.0240770231657514
0.9481834659805495
0.5778847399734184
1.2668329335644788
0.9865627787771919
0.8448316720460667
0.8511596756215573
0.6945372962377221
0.7260148138150722
1.0696451547484314
0.9315183650594292
0.8544694222850856
1.101260647880489
1.0778232160008914
0.8672001267775922
0.8908411937716801
0.6009506939294862
0.921078678463551
0.8858723379247093
1.0453616830172765
0.5477324990159522
0.7136294708540043
0.7022680234164803
0.7680747463429054
0.9162325100343013
0.8752979061810108
0.8676272719693272
0.8481095304561982
1.085597345895
0.9081930985025594
0.7225540798536673
0.8986244995751315
1.0379061078253418
0.36257962603465005
1.1092838804958935
1.1413122961223734
0.9476154472839727
0.9496768031221717
0.6510572832737583
0.8427000186082313
1.0265529872734571
0.7385783229783036
0.720581389708486
0.958516397268349
1.1360494627732618
0.8089871160076767
1.1223464964374614
0.9795168608241989
1.0393100163062383
0.8069062727110434
0.9525701628843002
0.9078039533522718
0.8395351302972054
0.9622351456717634
0.7273363144326094
0.7238680681247226
0.7483830723070943
0.7846394245901748
1.1585899199515337
0.8563113896929873
0.8046507754706311
0.6816519425824171
0.7630953303839189
0.8801800193613104
0.708163226136989
0.7318978760325753
0.6488833576459685
0.8393845619996922
0.5992894631983737
1.1575824373117396
1.1322345784506795
0.6465968005406424
1.31722387984557
0.8690487442050788
0.7407073992856122
1.0124284507113062
0.7624292531810715
0.5959365474958656
0.9950971804598151
0.9350130243648953
0.9434750352649983
0.7097517806711926
0.990599592611603
0.6457403522663305
0.7519380410260426
1.104202341084898
0.9069234303151037
0.9852889222767907
1.2138030866234222
0.9783845551068345
0.7218225398740933
0.8918557823207828
0.9203448342258327
0.9075080245004822
0.942630480675751
0.9198796080622761
1.118512130580626
0.47479369267818183
0.7706068051268244
1.0384484273288743
0.5598891697863937
0.865796857690071
0.7570765767338735
1.0349253714617517
0.974647934429704
0.75252434559931
0.5390220204097059
0.7471437871696847
0.9136109917552241
0.7326121496872748
0.5051479160463423
0.9037085938281194
0.7302579058447128
0.5525645097421363
0.6773145585640359
0.8497746760751154
0.8484912050934159
1.1062976926128627
0.7839074681840824
0.5884022221153151
0.888897440530595
0.8352982309908875
0.9137119090891136
0.6859877538914679
1.1484314801975923
1.1077319663246468
0.7762234605452133
1.050749099440894
0.7576884143991086
0.8089890432127005
0.9050403183665543
0.9854274149899996
1.1528762492338687
0.5158932980631655
0.8833671187824925
0.8473580004200166
0.7189395712198121
1.0352644540089277
0.8019764064741491
0.7596440743377687
0.696175903685101
0.6603290233191951
0.6738272053081036
0.7490539089745556
0.7956999398077438
0.600796343726314
0.4591431316618032
1.2298046367899964
0.7685151702929003
1.0635034440044522
0.7833728058385132
0.8604702356509082
1.1491897495687156
0.9617898563088865
1.0989834452005458
0.9854886110796087
0.7523074014853506
0.7327107597749974
0.6274192589643699
1.1544341467052948
0.9876871080466805
0.5644287293386838
0.9011599995880343
1.0484354586657045
0.728033237220763
0.90557149052542
0.685594989743372
0.7684221851434874
0.7413276071449104
0.8482472454649255
0.5983588931043178
0.5706785705392854
0.7282072432504989
1.0667604819915226
0.7945340209587815
0.8772766398541655
0.6518244841451601
0.8099315125635972
0.9969105657952103
0.825508046943954
0.5655485964518172
0.9159864556824092
0.9037958215673747
1.014088364270787
0.9588458942634528
0.7818002949227678
1.0450556929273749
0.6452921192935073
0.6151604435987232
1.119941135481139
0.8566110459760854
0.6761615146506947
0.6470585380244464
0.9219594367031313
0.7153341429953513
0.8196780442019469
1.2321646423537502
0.8610624063214914
0.8703333276167611
0.5161842761376646
0.8179370076815148
0.806089840668986
0.7862022998396242
0.9837539263680005
0.7992795634206535
0.8461897700957973
0.9757775781031361
0.919153040732364
0.6774874094616948
0.9475857520442745
0.6605418786525634
0.8937125600456837
1.0878557216215006
0.954953713518057
1.0195175697080432
0.7465267769356709
0.6704049930216016
0.8299289705697677
0.789521546842727
0.9944679588260454
0.7708992849167327
0.8687210385231816
0.7023492086316383
0.7609091851976856
0.8166661628589552
0.6937381785374035
1.1501073705155016
0.9171843590504396
0.8184637242026958
0.8683967506682057
0.9791874274312081
1.1338186368461745
0.8111920487932777
0.8676104341563857
0.6156061411591165
0.6576500515409931
0.8690854471218001
0.8102973821596378
0.5490599275206043
0.7492474164209455
0.9240509101865695
0.9961473399995707
0.7358371080902021
0.8061989742410383
0.8958083971457165
0.5747107312608866
0.6958637918432214
0.7581225240006604
1.027590506257716
0.9824673818241242
0.9164001304067807
0.9051870658056037
0.7367647381688318
0.6679187606044807
0.7454273383117189
0.7434977990678898
0.7847969234135459
0.748326902924302
0.5967319097724068
0.8866283843340483
1.0409682881503364
0.8834307675040108
0.9005096677679747
1.0078855158073357
0.915892487997031
0.5699729659674243
0.9071896464642949
0.7365609624460767
0.7229303382706337
0.8187546104794114
0.7323696338337087
0.838517336162302
1.1664397746046284
0.6644396229846335
0.8088733845162928
1.0453907162057765
0.6293280785649473
0.86493292524509
0.6787104500987289
0.8787620964804936
1.020464476130152
1.1426142475552026
1.1205724543415976
1.0151290840097413
0.9298794858818502
0.9409147198478296
0.6791556351722002
0.9866366577099221
0.6125680663317278
0.6167507445941145
0.9644285652408915
0.9612336032504804
0.8748908612447466
1.1252121413949112
0.9092532654269345
1.1219994757391365
0.9406273809217306
0.9824426612312328
0.8287088031777721
0.9330725428980355
0.8557677795428295
0.5172785837342708
1.002177576727985
0.9472820104357647
0.662550223936575
0.8211583025016833
0.6904036728770899
0.7191164805335767
0.7764788756258367
1.0907549361257285
0.9538667006465711
0.7453529346753914
0.5935909709936209
0.7405426077078756
0.7888999154444161
1.0315327064693052
0.7111965021592621
0.7482248906103428
0.6583485072628422
0.5648525797452296
0.8660857685235636
0.49169281217457383
0.8233246297662747
0.8125551402815167
0.7775668148885027
0.702454991072483
0.8648180494411317
0.9656050715642841
0.7617296059457883
0.5950333796335053
0.92105282056039
0.7874494938529808
0.5846085668910952
0.7949323053889101
0.6646812351222938
1.039544585654935
0.7782946590632138
0.46036437318771023
0.8245877604384878
0.9471354083800406
0.9620470143218458
0.6392501338995916
0.7211592760604899
0.9723799647906706
0.9100132823630536
0.9322406772532024
0.7502776808372995
0.916225796581315
0.7681981210131192
0.8964464705661459
0.9114621222022797
0.9278679559224062
0.8457555685781541
0.6670901109162762
0.6147308126137048
1.0737294699842221
0.5348146583828315
0.85831528329005
0.5864026347092284
0.7785729177340079
1.1825326162220253
0.7889911117378064
0.6133001115915153
0.9932580130987164
0.8342271759135204
0.7406304734118485
0.8745428290239033
0.7910123866747002
1.0286858908674255
0.6851872767217186
0.9090586846279888
0.8408615876278307
0.67877574807506
0.6227999209497064
1.0110105268192364
0.5549175949439715
1.2418202630129829
0.4785804279897366
0.7592325716212522
0.671682255661342
1.0904442010011683
0.8725238788722119
0.9378505497516587
0.6250525613317962
0.8150900372550571
1.0172061149133342
0.7209540578100502
1.0235530037654654
1.3072946018950775
0.9290822329343551
0.4672663235326078
0.7291323682816667
0.7354257747863896
0.8655371255629462
0.6467924203350557
0.7097472781326915
0.7103512867441029
0.6494825967943788
0.7527754390285772
0.6222610841583944
1.1626227428850544
0.8745886316304406
0.5343821079058615
1.0531421828165015
1.1069044532721453
0.8662362535583208
1.0389686239917588
0.5639519886212342
1.080907843414992
0.9198160732218802
0.8495515213505123
0.7495227259324604
0.9839544667754139
0.5830890049700573
1.236557617079611
1.0224894483493059
0.9234095090300681
0.9377350324299374
1.001218881496465
0.8337314958681633
0.7747670471285925
0.7044469883868046
0.7216520318230545
1.0066774039250033
0.6568765235443328
0.7639605173170103
1.1139223377239742
0.7186104328696268
0.6914995904146615
0.7769999711063867
0.9581648368525696
1.2892997919951295
0.9094396411838928
0.9739910554107923
0.7735572135048623
0.7515545654929713
0.8308692707459541
0.6220130481394279
0.8837229055964272
0.9685071869577373
0.9646082430483697
0.9877497884338885
0.6649280738467616
0.9872282717260947
1.1382772822515985
0.8647519074837848
0.9573477730199906
1.0807973014145378
0.7787212497663782
0.7126805932853998
0.7371865775117865
0.7119986156139122
0.6893659506813363
0.9792128110457927
1.041596816276455
0.7753914358396612
0.8129480752507346
1.0087036300253207
0.6830516070888709
0.8207714516970048
1.1373004960197992
0.8009905197417588
0.6588535602874552
0.6278255302804401
0.9674088819258079
0.6554174236298778
0.86449484263431
0.6780898953515436
0.4400520716896735
0.890166386760909
1.0964759850833197
0.8677027017161254
0.9081550830876638
0.9248176318447572
0.7573526914874867
0.8231122790323985
0.9423472561462427
1.0636177271748064
1.0068874708615854
0.5505417100071077
0.5484458517382953
0.7401715079182686
1.0619755126516803
0.8659520722492718
0.9540062956194271
0.9324946795188322
1.1873265908403368
0.7473749184647869
0.9027967985759183
0.7975148165290491
0.909929612618454
0.637451409850233
0.8658205428224257
0.6174027326580485
0.7321551001513616
0.9013083514335432
1.0291878928420934
0.9215474062785998
0.9015140462170059
0.7722342589183455
0.7591406042270837
0.6484606727476843
0.43757950295543824
1.159786071033834
0.8788200164385326
0.9215811497970798
0.6837627135861578
0.7710049326752711
0.8104606010933535
0.7195930335851509
0.8289261609575307
1.2033159002499516
1.1128387971914009
0.539956373779362
0.852377477089292
0.7983213446821494
0.7892267901217289
1.178967434138465
1.0360779644843943
0.537030770711937
0.7847131577200661
0.9191559099756733
0.7543125700604583
0.8513466351509223
1.3265785876288982
1.0323261888929935
0.9554277200213519
0.8841275860119859
0.8450230290316761
0.6315058549192041
1.1011443023639593
0.8509546433095301
0.7618326052196984
0.5549149923911417
0.5401306357623925
0.8688794538273802
0.9681490334247893
0.8608374112446674
1.0274445381352035
0.9323013061402634
1.0040399494616863
0.7649066398057591
0.8210246607713971
1.0969642477442978
1.0294229731018931
0.7082300530086827
1.165233377195499
0.9517364438868736
0.5575966350597372
0.6902837120008591
0.9163486948361417
1.0460377328522437
0.9107616810138432
0.8433732519080536
0.8937903903172146
0.7445344566430043
0.47197037356988625
0.7739406732490194
1.057802295779473
0.8382965598003398
0.8166637659343482
1.2923719531457842
1.0221495797290734
0.8286418412878964
0.6502708985297841
0.8257121902826935
0.7437346743068267
0.8648436093757189
0.8334056766347412
0.9213541610885383
0.7712604485422351
0.967985687416949
1.090853126027144
0.7618650837922013
0.9423665337297817
1.058338481763269
1.2847260086018046
0.675161936776198
1.0231029729326493
0.9463435794404491
0.9199134785197892
0.7946584951494421
0.712853363526442
0.9471964858790471
0.6713418884535877
0.6235365980521115
0.5736180580746095
0.5475397214080545
1.0699946066846502
1.0017692631037585
0.9917980282201792
0.6013814664985979
1.0764439387634872
1.281543483145513
0.9021753398934926
0.8872312066311271
0.8409849297936346
0.974777394387961
0.9606663187329323
0.9966146946193248
0.6803123836244156
0.6166074571320118
0.6782414994504661
0.7949525879645793
0.6840185825831027
0.784448720858834
0.8529462343713855
1.090821740805798
0.6974515814467723
0.7505782584516395
0.6231029243404026
0.8089785584398435
0.8738226548410726
0.7592118411448103
0.8326013803832002
0.48307569367851805
1.029056477917846
0.5275673220280277
0.8093918694041713
0.5827005394112872
0.5895936304672278
0.4737668836747079
0.6638408379221471
0.6000298829142046
0.8329066533680111
0.44316028314189704
0.874121292997343
0.6254870728940667
0.7629758421428559
0.7815302203701563
0.7472901828698442
0.5209589762446416
0.7660607388588332
0.8743238092139157
1.115503059126196
0.6884533903556896
0.8863789548919279
0.9298783081912503
0.9491344846415286
0.7863538544970773
0.7599005364425399
0.7441825174873734
0.9281315298970662
0.8298369614766974
0.6705513507973658
0.7333360922641478
0.7304464198314768
0.7948357768069184
0.9252131737087912
0.6783396431451123
0.8534461869830414
0.7277614979546174
0.9692509031412149
0.6872109857693185
1.0388614352995795
0.5042391743258756
0.7580658190937831
0.7165287374883593
1.042311904465416
0.9017482344682819
0.7674558528430626
0.6537220233876756
0.910479057637573
0.7867297500369059
0.8400677221123851
1.2180530429638157
0.8755960086398974
0.7064877855014906
0.7320718280198502
0.7357962639039823
0.45515259135776415
0.41712059998706813
0.30938261972531156
0.8721552427163427
1.0019871917120162
0.5938966651693872
0.47652108383596403
0.7481082998604863
0.8373007835311763
0.6827040898141693
0.8309282485429076
0.6484764301957802
0.5099147075480425
0.8731480892246082
1.0190485826462237
0.9336736991120361
0.7951610768769393
0.5686848946026243
0.9113682044943114
0.834093410419435
1.0370345455550465
0.8364237776238345
0.7170094831783947
0.8964411362203911
1.1107966860489493
0.9384833146593161
0.5899961206732948
1.0037776492431674
0.6796481860098242
0.84390655760678
0.7299696654464222
0.7215308798718083
0.8956622619052691
0.8281009609569052
0.43612558572664684
0.9458681173012223
0.7352929962975077
0.7703456926099609
0.8772561787948101
0.9130609080059221
0.5944451686461354
0.7869842032186484
0.8049142237436302
0.8629599945951213
0.8383623720688229
0.551728936079386
0.7259725179392464
0.7995828246266482
0.9969878670350837
0.9090960681540204
0.9773206730528728
0.9031809849775041
0.5244952213247386
0.8929587059279949
0.9398676754196534
0.608703648492271
1.0609587630839767
0.8343979024843344
0.9879442754240282
0.9612665559309227
0.8661467576878185
0.8812323052575126
0.6867071933545221
0.8721276489391153
0.7171748241294296
0.883185836766172
0.7930953041846869
0.9771244020274455
0.7648936461893231
0.7718622794731159
1.0038052892692455
0.6680784353697755
0.8322288226195875
0.8528975242411218
0.582644727456288
0.7138267924762725
0.8482498123443044
0.643104841328936
0.7977005003082038
0.7742776901132307
0.7822029290635355
0.7927458803243662
0.7714831494416247
0.8902066934743219
0.8513078716687338
0.9778441352843201
0.66252986588513
0.6731324846794852
0.5422817714990411
0.9361938014691759
0.8252432728091786
0.5887756298909035
0.9384316297403144
1.0225008557231259
0.6774008582007769
0.7337527403299836
0.701598190858545
0.9080666919120702
0.8411678789400472
0.9159382756610395
0.9389181767029064
1.0836959669890924
1.0113541685692584
0.673049685215276
0.8771678144384834
1.1653624670031055
0.6551991515970228
0.607304084680357
0.9203757043258174
0.9438482161329049
0.8101758610404537
0.9571315829733721
0.9773613587881786
0.8240568470843977
0.5837921243342532
0.9707878673631776
0.9798541733151637
0.8218807106107947
0.9338462304791115
0.5293869652524159
0.82077724878547
0.998011201939131
1.003551800224255
0.9087043602020124
0.80318402635265
0.7298978638256157
0.843854340887615
1.039016842693988
1.0461162417965704
0.732881038995403
0.8584737007051091
1.0507029797653042
0.7461723683679882
0.8701012760564774
0.5307632763568799
0.9056275385726947
0.9216229620342414
0.4451902652197322
0.8514504843400327
0.700123075709376
0.84032858316384
0.965452984412926
0.4958532037159982
0.8808758414401323
0.5526841310976274
0.913198626945114
0.8173453062198067
0.8916601347743011
0.9017734094351796
0.934751768853759
0.6975991685296403
0.5515904737975856
0.8105233200407683
0.9147514621487838
0.8603057283784898
0.7904050569324669
0.7858711829953999
0.7689470960718674
1.0407242451077
0.6591186061347125
0.7591645039629104
0.6749113310519256
0.8173577926550492
0.7431345229211246
0.6267450143692271
0.7550917685788948
0.8238673229884959
0.8547388134596801
0.9090422318752648
0.9459394115440881
1.0280149022760239
0.7017466496677558
0.716954215672553
0.9924152106059371
1.198806569646782
0.81687073971576
0.8829942956287808
0.8695271011950382
1.0535141071958973
0.9591932908216538
0.5864016615430301
0.646507061661468
1.1236736122550508
0.9510167035130477
