0.9229653595116108
1.008297850885343
0.9409257079903384
0.9030042031808044
0.8500251030353846
0.8974110104263805
0.9152038183334953
0.8778717479394684
0.7420799563300577
0.8002238104343755
0.526690327320273
0.879256056165578
0.6660055980887215
0.8875815032311354
1.0544774836140989
0.5131824587721107
0.8224031392153273
0.6971075822069226
1.1198260966668108
0.993953352139209
1.173249517819626
0.9290241156350669
1.138909320328458
0.8124717476584096
0.635666025972429
0.8942291180827181
1.08561440246866
0.8398529526789466
0.7307803435955039
0.6861755066007226
1.2336462707612432
0.9435358730231436
0.8807179669692705
0.7672500329777271
0.8877967679796851
0.8584420109174166
0.6809765124233064
0.8328934377806324
0.7386622434755533
0.8968707408676673
0.9703796280905361
0.8591132921096745
0.7004093064577442
0.862676935737018
0.7896346525672295
0.8600273173824204
0.7866164935840726
0.6863733597590375
0.9110464294075948
0.4895003566886409
0.8767840223362592
0.8034020696877519
1.0604505195843896
1.0720686614956298
0.9483055498428261
0.8393477518590093
0.9239694512085714
0.9097983421788673
0.737251304386632
0.7439440765877197
0.47462958522414495
0.8282534686905326
0.959527676161745
0.6288945344602741
0.5143095997024945
0.9044378312919892
0.8238964069393503
1.0520839593598788
1.1308361167956362
1.1789030244168148
1.11873028872686
1.148603745044023
0.8061659854706901
1.0076046631418094
0.9275309109516484
0.8391185296377368
0.9076208886106636
0.4775366149641811
0.9204551606004956
0.9491809507396068
0.8451086315933403
0.775007562043153
0.8820989620734105
0.7565059090466528
0.9716840211290905
0.8124025911996662
0.7313974482279788
0.8991916056054169
0.6603075678694406
1.0124671953122757
0.7165096369283144
0.5007023412425797
0.7178899151120453
0.775375838851573
0.7910681997979568
1.0057649297170221
0.9611831995246061
0.6129823309210284
1.093801595147341
1.2871733071375133
0.9693259887768794
0.5904902933005307
0.877647633445751
0.7115754843378839
0.6933306312977418
0.705966548297982
0.8006362782067143
0.9962731582366231
0.8346855876120238
0.9941572733559585
1.1644731115393347
0.6574292860418899
0.932694532264393
0.5768821227352914
0.9629429872174116
0.8107119660078492
1.036927128802097
0.83934906467467
0.9408184195109508
1.1123104477941617
0.7799158988320302
0.8030714818566478
0.5844433238416333
0.9826384472157
0.6032513562340892
0.8378857348151221
1.0038807178486848
0.9248313555017085
0.7258410263859942
0.9234101393663146
0.9913990077907289
0.9471139815176854
0.6724562211931758
0.7938209874623081
1.0064863082588564
0.8387735798954232
0.8264785044328296
1.0093978318230126
0.8970145756170488
0.9213929910650029
0.8460486657057359
0.7618659109426332
1.0715468290264643
1.0190694875346564
1.1001313131219106
1.0787598573710833
0.6674897814910707
0.7544015191204536
0.810964042347395
0.7070538017728432
0.7361398293963449
0.9034580440792305
0.511377921042196
0.7240733270428087
0.5822095093909928
0.7228978197936651
0.840710532023731
0.8145951573956609
0.889364005655748
0.9258854864384723
1.0740665037895545
0.9459178756499069
0.8706036962292377
0.49782190139100824
0.7426010760426408
0.9395535434059291
0.9837145349401409
0.5714249122664176
0.8792258427024549
0.8130376506783884
0.8618424164721082
0.8124255693818367
0.5654174477413692
0.9758210830725373
0.9880651981638372
0.7335214693295473
0.7673923017480372
0.6541653430062568
0.8533333059521755
0.6802829068378029
0.8899159585855576
1.0199837867669637
0.6989568605622766
0.7214969700640336
1.0116397097099683
0.7676045911661583
0.6828790235990101
0.6746782249045087
0.7816871984709418
0.5530843550189484
0.6978529149674829
0.890544448307484
0.777255893042838
0.8045990349615295
1.0443564050433576
0.9327182908833634
1.0643566185717122
1.0974024021002942
0.9760516046878089
0.6895275421811763
0.6269801130360863
0.9572551138761035
0.9254186647997482
1.080243588470069
0.9977218506943433
0.8758985865745097
0.8629807015649733
0.8417115654577909
1.0514862681542392
0.9592420495111663
0.8518318937476816
0.8388668159317955
0.8064201527114664
0.9759621443437709
0.6604102700561066
0.6737106888103975
1.0870779034759224
0.8093435941126146
0.6987690700913423
0.8327642447154378
0.5992960130062279
0.8911423369170987
0.879778770462196
0.3846203752149028
0.8678307089053157
0.7652521548486175
0.8833648036211759
0.9376229958079599
0.8168421389711932
0.6594479823913528
0.9625342348115886
0.9527452795790228
0.9943547878856329
0.8299365971291355
0.7458182822321548
0.8529806433005545
1.038729590880078
0.7638536757119201
0.8876084983042132
0.6672455630174631
0.8500100652252697
0.3729977000613135
0.9179734115073568
0.6807809589398646
1.0188901209126144
0.7366184554966216
0.7752814389214956
0.7160994018131779
0.6883967781718796
0.6288012129665501
0.8409153845512527
0.801571462838586
1.1579529268524211
0.9886777053069604
0.5861593826819917
0.8100774857734154
0.7578228964201748
0.8123896597783823
0.8010758819966836
0.9603402283848836
0.9188953189701461
0.7762575194465149
0.8323701529029323
0.8172647255628869
1.0691954840077642
0.6945166721132282
0.8210605654420907
0.9575741119046962
1.0547742599610859
0.937702862951121
0.5924816552003671
0.7808061221470808
0.9585786312778156
1.2740857177103413
0.7045978493423947
0.9086969138883602
0.6354251657108836
0.685635449807186
1.0424120325959594
0.9978038155971686
0.9377394474767416
0.7994778355002492
0.770783144555757
1.0395282793463805
1.0185795814476957
0.8606551796131291
1.0196200241172024
0.883653775566241
0.8989972756066607
0.5929397436221495
0.9500498859056831
0.4924557305175897
0.6561333829551655
1.135420943709052
0.7816402301783318
1.0515864481890878
0.878911329010878
0.8894350156552716
1.0281156582997137
0.7442628125965306
1.1025875829776752
1.1422913313503893
0.7093628074864013
0.5232359814849311
0.6231814611666107
0.5905881568284216
0.9020275248772475
0.896721902996451
0.551008779642865
0.5435390153926467
0.4476915411674898
0.4941023711615141
0.684518090928109
0.8620654073298009
1.0316680533789069
0.9439700138481284
0.6135808386535994
0.5897853940418303
0.759956386456793
0.6516468991485066
0.8751885630114073
0.917462626475906
0.7164903423606921
0.9093140348966873
0.9289462370449046
0.9628025748343811
0.7791752843776476
0.8631632606130698
0.9887319215473077
0.5093120842688472
0.6497964784045631
0.8290467604027955
0.9966022434783446
0.6890181846752484
0.9697218096370075
0.7011691804520983
0.8796617217390313
0.9210786599194241
0.8299532650466093
0.8118067059910569
0.9400889114790362
0.880694688550887
0.8487416600014984
0.561617359871769
0.6508357014860159
0.7800183534243744
1.0647820902501623
0.735279216049097
0.8748398506642591
0.6605063905267693
1.0396902994283392
0.6905335378189471
0.6730193397355156
0.8825171085216037
0.6800955700508005
0.9388092367661349
0.7822394820802754
0.8609660797060591
0.8069378778816745
1.0998293734415738
0.4987279444652271
0.9038821475685138
0.8783945833901952
1.0027705497109438
0.9710551096786093
0.812131952938512
0.8817717572143023
0.8596950336036155
0.7664506688388131
0.5120834333826746
0.9186258790240568
0.8247223784200572
1.0848564354333992
1.034125813516817
0.8519876127626667
0.7248163884464485
1.0706824976800229
0.9670015683729488
0.9547087159429674
0.8722121253746447
1.0189461045796837
0.7874927411802624
0.8745731965973635
1.1359146077247564
1.159607645404464
0.6905148469165345
1.0691748488471176
0.9279302281017326
0.6631033753653308
0.7065180626118006
0.9127626594948182
1.0241022826079562
0.9294306436360029
0.905158700523659
0.97665418987275
0.541692906376771
1.1107084087633492
0.8784364045284231
0.8656452101399661
1.0357862272330731
0.875062207730169
0.8642857102442444
0.9184875047384085
0.9289174781547052
0.7357137777424889
0.8492344568050946
0.9867816192562345
0.8341287496747505
0.8575608703847286
0.848855130725611
1.410619009243189
0.9851027397198113
0.8871064216318533
0.69094335111607
0.9042441549690168
1.1416134483766334
0.868357084307803
1.299119733344353
1.153858220959838
0.8336007429661174
1.086070425589369
1.018205372670663
0.45220887943472815
0.6214216411498497
1.0311672958597051
0.950784471966875
0.6100724877062397
1.0296001904167007
0.8452757448700308
0.8909244175715434
0.7847630979841841
0.8342446340943952
0.8612580776163983
0.8918014391489071
0.9942107133330047
0.9001438151215344
0.7119160284097845
0.6320820242341447
0.9730693044088558
0.6870511732543875
0.8965097948166583
0.7111730477137352
0.7935143465158657
1.0592201792299616
0.8138517466173568
1.0274570556308495
0.8355833669956807
0.9063921366804575
0.48900953411999065
0.7760978354070418
0.745793199120761
0.5416240891438697
0.7925256589735498
0.8577393921335109
1.1469744252117215
0.9941578911270736
0.6499046015043276
0.5040443765563979
0.8290448483472016
1.0517373859825654
0.6260209114878585
1.0035512386629997
0.7457826109185912
0.9347446775145842
1.0638951233511862
0.9918244871592906
0.9260739559836995
0.8616624128874636
0.8187132013893039
0.8509756998754745
0.58698026131941
0.706348787554228
1.1060348110267348
0.868447879552151
0.8028161745704565
1.0938491126319434
0.8499172257206864
0.9028644899416527
0.43547315908289397
0.8345359472615079
0.7011200598623315
1.046718110463369
0.918794803398183
0.9387754517122733
0.6224699148559809
0.9786636848924098
1.078095127763457
0.5346413417329128
0.7250514547271931
0.7249967755272506
0.9768848482106338
0.6683107001121346
1.1034194732011833
0.7211446597418387
0.9516933879061327
0.7549946132588279
0.9228839049698825
0.5413528773859175
0.7962736811941423
0.7683075864897501
0.7699153708417487
1.1317084244547246
0.9845518978901839
0.7773970241121038
1.0612577160539542
0.8936099236929428
0.9125739212739075
1.0221281466914913
1.1683491902478758
1.07274533421176
1.0523102818273868
0.9293400487719623
0.7271709838024094
0.9151981418921364
1.0589319937644928
0.7230040575774801
0.7787871531389032
0.861738739922918
0.7617951163510213
0.7208327394857519
0.9231204861059084
0.7988268573352023
1.1930800593992847
0.7679220823862846
1.0645296806704656
0.5819203943233847
1.0496150935269222
0.6952950392399675
0.9778997313254847
0.7503147066676089
0.5175930245418894
0.925176779070876
0.9220177144415221
0.5367082110728498
0.7380192816314208
0.9448411728447648
0.8489360801869659
1.0763535484508586
0.7519621734515815
0.6516730572035986
0.6281957610429872
0.863535666587727
0.6525338437595514
0.834918874625438
0.6890930733022299
1.264844750154912
0.48652200564330933
0.6549841020883375
0.4416816614126953
0.8164619841587911
0.6603777886087674
0.5400116455829733
0.759188753202227
0.9860417542942227
1.0606092884296634
1.0830899151707656
0.9232719678984231
0.8399482853857981
0.7674121866616552
0.6062232881530296
0.7358204884527105
0.7094671432454989
0.6913194053061937
0.992350762971148
0.8579679064261866
0.8503835473310323
0.6955204617455134
0.6879387966449841
0.9318841606528445
0.997586532065804
0.9155865184721425
1.1823441942561153
0.5099361700978619
0.6192247321102469
1.017211652961558
0.962163308105388
0.8849877725468426
0.9066536362288298
0.8929285961929054
0.5805636484669889
0.641587467093532
0.8695411231047234
1.1050259463648746
0.7590125160485901
0.6743673921648378
1.1338523606804687
0.9061887143499008
0.8602482283731858
0.8414503874862224
0.7701476479295082
0.7883370262201976
0.8472426630777778
1.183406501934466
0.8673108111870864
0.5692817995420725
0.7424554783505779
1.050098055738545
0.756201592106687
0.8435534977105987
0.8996803947489173
0.44465211921738057
0.7929615605875016
0.993407519316191
1.0724771131064996
0.8785622786383729
1.066325102497353
0.8054371083535046
1.018469283774367
1.1804432410173784
0.928364787316879
0.7131484535650932
0.7792236469088062
1.0939070802013289
0.9784317916764055
0.8800033035048264
0.9159034640214622
0.9977329652467682
1.131667725028494
0.7901050425946001
0.6399751049224149
0.6908275742281793
0.7618993582115665
0.7449756923520044
0.721542659643037
0.8538213207634981
0.7070646699778327
0.5552764809165791
0.8383165243085453
0.9998602954329977
0.6047763181884537
0.9610474324564922
0.8016399563246195
0.9533603884548841
0.4900748018371184
0.7835670426939506
0.8573812984600574
0.8349862568148297
0.7436310941044655
0.9713109271394762
0.9334667855614465
0.8889012093279465
0.7864392534417727
0.7914409197207112
1.1540642812118722
0.9619496098732694
0.513856397070338
0.9646039585820809
0.950670440224391
0.9657805529132578
0.9150156384808966
0.8182170997320469
0.9182680058725392
1.0232222721283695
1.0033106724758616
1.0884716078057943
0.9861661894580284
0.7011160387826639
0.934066289106354
0.7808165289991574
0.7017679592549737
0.7029774518532694
0.5688048933033805
0.9398466764437502
1.078259070014692
0.8049328550913476
0.9401411611516928
0.7998284893774508
0.9675351305219522
0.9346954883023055
1.0722425805751605
0.7695949751059862
1.0829041342360062
0.6013287975147108
0.7206447908756081
0.7944421713727413
0.8356608551824227
0.7817552290643347
0.8283158573971475
1.0275999606413277
0.7659620314477843
0.7326242944215449
1.022467283682134
0.7041008036159017
0.6742895177228039
0.5809650945682399
0.6776597773680223
1.0015557680709501
0.6349123305503876
0.8403459392619743
0.7404529788335782
1.0072415277432032
0.9451834612721789
0.876962615875302
0.8947526341690054
0.9549812960942448
0.9974143470012996
0.9105771127075528
0.8719549558149852
0.8794715230575353
1.0101612625127419
0.9303777139186521
0.6061008420147614
0.7833846862166722
0.898062523627979
1.065117918246477
0.8779808696698969
0.9448710695178628
1.1501279473449193
0.8854130531751496
1.0391384190791528
0.8592235431403398
0.5420044948263498
0.9537347336965427
0.7507730411896341
1.0736878036596798
0.9164925004177616
0.9264821922052898
0.9168749110431971
1.0488848995445326
0.9317681274793136
0.622032912745225
1.0748612364749108
0.6129587445415698
0.8696813511958122
1.1610896706760385
0.5780509772663815
0.7416342339254263
0.945705126325454
0.7782118773470666
0.7660364931045122
0.9045238542388737
1.2122969725639516
0.8409305233391963
0.8433149512437752
0.9783421599201393
0.994763640952628
0.544835706670637
0.8453059730113943
0.9497564634946418
0.8945958613441036
0.8700688659461951
0.8949811263836678
0.9646657361139496
0.9950000576891443
0.47372852690599454
0.7696979624680605
0.5773969168461648
0.9235855324187401
1.183227892619621
1.2625939440969298
0.3694443600035239
0.607520462824186
0.7765076413148353
0.8346572698963732
1.0088543950138518
0.7119742866743209
0.7981705444605605
0.6786278980648688
0.48508298260487503
1.1301118055887125
1.07950638190412
0.845660550028519
0.76536807108597
0.8054190622942372
1.0400464995662788
0.8776676546427462
0.6278701495588164
0.9611323666227628
0.6688269363932698
1.3087385820065136
0.8215566757362651
0.5479665820271459
0.8931564105252551
0.8231272319909299
0.6093263815821581
0.9817915953315287
0.88853471443575
0.7688962648830873
0.7172573036771229
0.9580487802459036
0.8766717086168448
0.8728138274993121
0.6302852128104153
0.9014045423337611
0.7145959940787093
0.5935621246488928
0.9126898269746873
0.8042624437906621
1.008140457746392
0.7250864596630588
0.7434222435237633
0.709998118983473
0.610041038767512
0.9104832059415474
1.0229503349053
0.5288470538248891
0.5773478334475961
0.5145752878236509
0.49928019711001687
1.2058704935585665
0.7918357098522859
0.8358129219543667
0.9472905562072189
0.8766672015525099
0.8136199847676274
0.8392311337446183
0.8227596611483372
0.758080393395598
0.8064497080811246
1.1656598777570215
0.9237093076119945
0.9756976752620352
0.6633886846178878
0.6661878751220474
1.214890566904376
1.0883135005259086
0.8274098730613922
0.7020977450239833
0.3704241985911246
0.792936214683954
1.1100521128530798
0.8808558678772563
0.7452511995315626
0.7338770526822047
0.9715593651732501
0.8321923480240098
1.0445725640396124
0.5584654127687279
1.0512692508172745
0.8142826024730747
0.9357591936715456
0.8558953010989003
1.074906275046599
0.5865706531221457
0.9703130779824947
0.7380705896779078
1.0598560002340793
0.6454550961457414
0.8249297565521828
0.767092535871255
0.7503795443447225
0.9288414480540897
1.0128448006771347
0.6994473077473777
0.7190654713793719
0.8159280560596275
0.9451444348117971
0.8379972331523169
0.6943898664663246
0.7723466950553856
0.5347909248819452
0.869756541008641
1.0874077680154282
0.7791937131578539
0.7248807962855581
0.8626855514697365
0.5699962654122455
0.9297793709910823
0.7877345817655232
0.8714828404139835
0.8443581712367225
0.9061473746154219
0.8900974878849225
0.6174522605531322
0.7325826585439505
0.7845905866272286
0.9112871056873991
0.6530990960384891
0.8379863563228547
1.1007436919895235
0.9558442289368073
0.6505671200231896
1.014514132856391
0.8912245759180172
0.8772104492917956
0.8109426446595559
0.7126607570449219
1.2869223582998712
0.7836837553714122
0.6123880635935828
0.9022478520625223
0.7553205888937947
0.5467717146937334
0.6631008817920931
0.8942547270490442
0.6977936065049781
0.8340616813654066
1.0314245805825932
0.815816267164363
1.0609347879492663
0.8031918379551786
1.0650351850572548
0.8787934520378823
0.8345322797644402
0.5977256042816541
0.8803954499565225
1.1472440222963103
0.9635355035378291
0.7952382025041375
1.0828820980889444
0.9319551397730931
0.6346514362049609
0.8793784046556637
0.7752751547950659
0.929511471277214
0.8135535903505454
1.0427298948665868
1.2761567485350032
0.8173195651830517
0.9608202423384726
0.8019021838241319
0.9846539915362202
0.6963625489481526
0.8044821450599833
0.5809124866989099
0.7755765699569953
0.8668272876724517
0.8418078822723971
0.9165649859455094
0.6530201972744957
0.7547621753275436
1.0731590218972975
0.8016842488261166
0.790159374113033
0.7740529695502516
1.084375255287915
0.7692150803789821
0.6775166787069886
1.1832485722931925
0.7416340960375987
1.2124994083448968
0.673085661138717
0.9183349597581473
0.6595995280999141
0.8318139348483568
1.049003948638449
0.8445413819149251
0.8455747327047557
0.8493888322929142
0.7545650531620194
0.7414144308454609
0.8823252342528723
0.75383217180746
1.144462560883448
0.8826048510252141
0.6710271325143136
0.733147608179506
0.7920927403782635
1.274635104726307
0.7467502307518192
0.9616743106259515
0.7577939204772511
0.6552313626930081
0.7756480931050731
0.7291509785822832
0.8610921228140765
0.5345065170378247
0.8800837797920131
0.7139647453503206
1.1752334907045499
1.2372425575617407
0.6320272185822677
0.9827449334600189
0.7370300563627998
0.3870726828855097
0.8815189128340126
0.8930003260538896
0.6732281358331138
0.9358120234695132
0.7854738897053442
0.7991458631663219
0.7489350866622528
0.7617404155440209
1.169497072427891
0.7951875507250801
0.7169382098556208
0.8995216739913687
1.048035997237299
0.8233401832017571
0.8398657439412044
0.6635057838119665
0.6165681862527562
0.7357610817326976
0.8321547217901186
0.7955044116705371
0.7198981023324322
0.6704251946615458
0.7330745621096039
0.7801112384195266
0.9577206804538603
0.7261499839167573
0.7426865389745994
1.0194812006085436
1.0181115146575341
0.6684159577805413
0.70743696120942
0.6061046610871216
0.809162416406569
1.08046860561844
0.777858799204589
0.552503454172687
0.9707922029833932
0.6854719640340514
0.9191273754107463
0.9373924044195314
0.710862930895446
0.9344758639900608
0.730273519843243
0.9343694875132975
1.0794715861879043
0.6928557536245238
0.929384879631611
1.0841120170347152
0.9951416128160125
0.8129323672831503
0.6865670398714319
0.868021586660005
0.5727776461367768
0.7764535154774769
0.5191216632721222
0.7611112768258785
0.890929471124352
0.8961351807495622
1.0765998192923456
0.8997108192881401
0.874581327745674
1.2207256948702945
0.7648408002584948
1.0905960917062258
1.1341343055499105
0.8897701826886257
1.0437923681448802
0.7520215024246832
0.9114814504157573
0.6094177164355787
1.31552182421246
1.1437073530927342
0.9602748105847202
0.7739263175905344
0.811380015568167
0.6516629084436635
0.873415665253967
0.7483636217492347
1.0245629077767724
1.0011231049209515
1.0417648313095738
0.8505242117926096
0.8758609226785591
1.0259953289000905
1.076825188921331
0.8198394765408972
0.7873727646677122
0.638647377417777
0.8603342699298112
0.9123690842007899
1.042050929990846
1.0565855873278969
1.0954948914405052
1.1419349477496201
0.759674541839791
0.8940938334416918
0.5684643089430081
0.8821673256532104
0.6003700647194576
1.1470679899371767
0.7834438064096148
0.8041141413106675
0.6969386920451592
0.8665072046614472
0.9846078081142935
0.8800101284377475
1.075134567341975
0.5724719925227326
1.1432915290095431
0.7048231382962045
0.9141081463924315
0.941544446594729
0.7219203216885002
1.0504201549868388
0.9206633971469123
0.6058879022022022
0.6451510182599808
1.0440669958498345
0.8466058456891411
0.734069100938571
0.9045932813194537
0.7303365957035307
0.9159512049182135
0.6180837096402265
0.9843711166622182
0.741825587006337
0.8899171473678723
0.746399597563954
0.8339862348206327
0.7878000916832821
0.9314338515058946
0.9489403712730129
1.126890582674332
0.669393748180386
0.7775812526190559
0.7502662283567381
0.6918148398140807
1.0428489321903747
0.8966430935405816
0.9237447686636031
0.7661854482080714
0.977880015946063
0.9143383964544246
0.9617231690807996
0.7644138005946464
1.244811456220105
0.6484870609078321
0.6875300050971166
1.2160966613760673
0.9717892468077658
1.102717186442893
0.7470152896784672
1.1201778660344348
0.8338462190895303
0.7964208106345727
0.7611404644650169
0.8778081459310108
0.7261953950149423
0.513633391089706
1.0853157091548007
0.6141421301012387
0.9868293931660559
0.9263806727531794
0.8867025535612014
0.8974081644167711
0.8311234881004722
0.8726316225742323
0.5324430769234022
0.879767256597015
0.8738402055822743
0.620066125905622
0.977219056794548
0.8034264666585546
0.8078584639019118
0.9974097062267648
0.8547781860682866
0.9081566829759781
0.845364304217089
0.9366496696666426
0.6719482881656742
0.8474902449178514
1.1266610137635964
0.5869036068902295
0.8433521898411868
0.6240978770168177
0.773660861915308
1.0409922153451285
1.1121564349504587
0.6929359290353723
1.1753139446811263
0.7549628283865236
0.7188091202558367
0.8733615077063698
0.7833498230156785
0.9234350998171087
0.7322135625327051
1.0836822547451928
0.754437596452389
1.1584154170962715
0.8863483783739672
0.9157878847674817
0.9340962146340932
0.6146872074431882
0.7928148004836894
0.822484849008555
0.9443202175266394
0.4955474558468546
0.9797739929167286
1.0433066220864866
0.868068942353988
0.8252517775406605
1.102441727936509
0.8516500736043946
0.6166590841209414
1.2563515641877039
0.8090180471478309
0.8168842405939938
0.8794240859052957
0.9652727963637693
0.8284200895443736
0.9058080290311483
0.9264226326704181
0.6640162339071644
0.8787184122659689
0.881002392649483
0.809851092883805
0.6669372788908469
0.5973143171846957
0.7047172375856081
1.0135674566634303
0.7335048893160279
0.9441096784725884
1.1803312812148614
0.8903308035836781
0.6016983011612282
0.7387930311618354
0.9127028701067768
0.829414632746148
0.6341239042576831
1.0531959354189662
0.7238964815004296
0.823303252281547
0.9520421764681006
0.6235860631433175
1.156091376592504
0.5780110271051466
0.8594417041829175
1.0553403198102853
0.9450583632471873
0.9852568843594415
0.4082893215343102
0.7471912688932584
0.8124707006272092
0.8795467286516595
0.7394181447032537
0.8480350212813625
0.48090928073334455
1.1481188888351275
0.9323786427522862
0.9684342527098216
0.5020609032992736
0.6956801952374921
0.5263003577655234
0.981326074086633
0.831943259852385
0.7940193465388008
0.9772723971459643
0.4995711990839635
1.005643863168403
0.5575270485102696
0.6738514497134096
0.795096424531468
0.8070937295359599
0.9936918584744246
0.5104733929845788
0.5668783969109645
0.793002274870293
1.029135799710912
0.7088879370027418
0.9200247696011401
0.529611945422738
0.7570689621002925
1.0871570968767628
0.6625856457731358
1.0773454265808144
0.9635892002027981
0.8550603869316304
1.085110893640543
0.8485267521520982
0.8942424137393572
0.9354226338006497
0.5463639905993662
0.8713547207379558
1.0387166250498232
1.0961316398987069
0.8291230756402725
0.8870778098899456
0.9991641365895549
0.9170869280930124
0.9506738874733566
0.7793442933852737
1.3449602533887592
1.0886658971058087
0.8282520000462243
0.5668969385291983
0.9352074969460564
0.9084822514065862
0.5926944784022865
1.0068183773670214
0.7470782491746143
0.6721902479262535
0.7297395926787054
0.6063030380829697
1.0167920729252011
0.7379147846557276
0.7458670662262824
0.9597351310546159
0.8700975659248408
0.8421950083779334
0.8241234983780265
0.6845171725834389
1.1726931643126743
1.0532309872186165
1.1218377577054364
0.9521993489848762
0.7583617355105173
0.6824358055991071
0.8482213328342527
0.614229225480518
0.35495590377761455
0.6649486731994447
0.9127759130604912
0.9263956553991652
0.8889913666971377
1.0600271725504369
0.6134338355251581
0.7264585541783597
1.077787393501714
0.8347083241897284
0.658743002732995
0.7449251657237481
1.036347890968063
0.9799855678430892
0.8088168374962903
0.8108110577273296
0.6631131143999222
0.8379724585977878
1.0438512082554983
0.8119221583469111
0.5809498966128714
0.9749108505591213
0.5195374666403201
0.8237542673525359
0.9816085669239802
0.8727042669747668
1.1264718239986153
0.4207722889512936
0.5518394123103036
0.8117769946522956
0.8923000517400229
0.6639782190555429
0.8465856432394926
0.7469947580447279
0.9093133081287463
0.721014303002962
1.087111109755487
0.8280843689934441
0.6746540542200452
0.40525983996961046
1.002563218818914
0.6285282368199924
1.1363995190346285
1.1247280334462408
1.004039118271761
0.6514448500437852
0.8980986105138186
0.5522491063256545
1.1540753398055066
0.8621229301407787
0.766929973157399
0.8780014844107553
1.0926012566226775
0.9107483319551493
0.7713609044554595
1.0310832053587369
0.8931404230253717
0.8117361884539216
0.8310465562070218
0.8083011450486182
1.1234994362921142
1.0578653909791287
0.8332146762255549
0.6689961136130403
1.1650314946295786
0.9675389545009903
0.783914307906458
0.8413480083053875
0.8125078304129555
0.47499320181075816
0.8906428809558857
0.5342671870274952
0.9902575017822663
0.8819913387707817
0.7888442432341417
0.5267838377638396
0.7318802802196177
0.9091976488187852
1.0065732358828505
0.8537282607257549
0.8389384132843486
0.6042225223416882
0.9749743603199006
1.0139463620062772
1.079527154604495
0.8056189410625648
0.7569569459509762
0.7529362034253142
0.9459756130725819
0.8838045123779054
0.8062699575719179
1.1452726821454902
0.8183469981943967
1.2332360565089386
0.8923662397747645
0.6543045749481896
0.8460491618149529
0.9180852112345381
0.9753364333732475
0.38717531982521886
1.1052719871225667
0.7660881097807949
0.7817928964573324
0.9260018713318016
1.1249390853364227
0.9797546732381132
0.9112304741447309
0.9600920561522598
0.9336831901253616
0.9641670906272537
0.6144524088814088
0.7780972174871363
0.7973990245448324
0.864574939730556
0.8254820678741613
1.0877088459384017
0.9247832179923108
0.7656727949771128
0.7720916508712424
0.9392027924823733
0.49794992124059684
1.0109825031267097
0.7519195617774329
0.8382370240650128
0.7819939573863717
0.8921338282146128
0.8075173743617287
0.7763895445453198
0.6680092834706078
1.1229071466043752
0.9352764683682939
0.7936214534989404
0.845150686781617
1.0799157526392311
0.7535020111595171
0.8140415464142738
0.8298204649211589
1.1071559122145231
0.6313714407404041
1.0324893011911356
0.8962723697317906
0.6960060580293839
0.871505406184103
0.8164455838984377
1.09143780886444
1.0177102864199599
1.0533079672412295
0.9251640204083621
0.9233229331028413
0.9121217703411151
0.5860738323062328
0.5816152805859827
0.5978070328625872
0.8092432359992829
0.8265346007621986
0.7156698158316279
0.6213259664278906
1.004468534480005
0.9181521106829257
0.8327883846993829
0.8029931754469556
0.9331255285272791
0.7567564617909904
0.9910392391048286
0.7466569692405283
1.0019325908863326
0.8485557894022216
0.7355324404761887
0.9456045626952274
0.8226264799109196
0.9179765641274216
0.7654539999080368
0.803536549241491
0.9127394602973101
0.831859725590173
0.6310280291477304
0.8494619930402808
0.8324083689345089
0.9968167942282395
1.0770387143564688
1.0180726471297759
0.5481923818893248
0.9360703692652981
0.8835595967163695
0.9318066464447804
0.8359610289383357
0.9133573288682914
0.6174781447041546
0.7783094896318341
0.8827719168198713
0.8926915628800666
0.7419259323292491
0.7484092396600908
0.9041423021776269
1.2073182455570821
0.9209664244532032
1.0815022261653389
0.9896703812885576
0.5180415027830488
0.7780769436520129
1.0616528911099374
1.0203380187185624
0.895340799195136
0.8669207071807596
0.8104398547385357
0.7168904565805141
0.8334386327086536
0.8519658717519516
0.928872923028276
0.8990960671913053
0.7591283184392572
0.8134467438228327
0.6813908921772236
1.001347696117634
0.8563331831453607
0.6379807340141743
0.8377931947631068
0.8290349260650577
0.7529745967370381
1.0671923692494212
0.8796325021172489
0.8925861191094006
0.7243832393776071
0.6630054702773915
0.7105470640698934
0.613115198493386
0.647754150300361
0.947303802925057
0.7037994747083943
0.7353699282815307
0.907311580438228
1.0058780987411844
0.9715160605925584
0.8413752099199069
0.918969799883724
1.0027512748603997
1.029809996373165
0.7401319189335014
1.0000190269718008
0.7274789057769421
0.9742901698423181
0.7788162257870029
0.6545653795194157
0.7290555818031991
0.8390842663913527
1.0360162681032432
0.7820150941037342
0.5768350374558864
0.9520071845287155
1.1157884177153026
0.977188956901904
0.5991617385275901
0.9371631372892512
1.0956735172840515
0.6858829822434389
0.7295309216168512
0.8211848709860597
0.8712893608178464
1.028080181634135
0.5159458332004401
0.48553799809445125
0.7955260041471778
1.3449678698345529
0.7892311354359208
0.8370385624339045
1.0027589218693413
0.755009421577469
0.685238931786997
0.6347445179726571
0.849522845949363
0.5599252538988453
0.6578325679290067
1.0160000554968511
1.1223325306873657
1.1730739024580545
0.6876724855984949
0.9149589540387514
0.5524562300399882
0.5498408834097979
0.9602828254820069
0.6243507592291517
0.6083911592158788
0.5399288257539401
0.6903537590483398
0.3363669493699587
0.9388329443677179
0.8139290848111375
0.9508657653141065
0.865604632481941
0.6743028636154667
1.0129897136467034
0.9563881715583934
0.634956892328772
0.7131110696181218
0.9777725740130416
0.7557279707331055
0.8877806392423254
0.8097174630505141
1.0762971737176446
0.6322910928640644
0.8558160506803275
0.648376054199461
0.644741981304847
1.0277199136523023
0.8908332677645364
0.8754055823226569
0.5688118401195343
0.8473098854755858
0.7562392479192565
0.8677722281025817
0.8775168779049044
0.45058221227078177
0.9643178489297297
1.3409255274694176
0.7206920641049759
1.0496313460108873
0.8909383549777836
1.108555657267114
1.2365390776154694
0.9171810909707201
1.1365396468295104
0.888006203544485
0.7499635526922901
0.9268187891184394
0.8296700954446683
0.8413492768675934
0.7942514055693045
0.7248866751792613
0.9128659538556999
0.7711460836536967
0.8934020287503797
0.7431669229020892
0.49088882982259513
0.6400583341837432
1.2143095464921831
0.8624720015190475
0.8039892738637369
0.8762460971673488
1.2689017609670215
0.7064192418560105
0.8976339697655699
0.8645682732066309
1.1690490072319537
0.3993624703918951
1.021500223248614
0.6491567657863233
0.9744950813459095
0.6794216139379824
0.9251190450142724
0.8976583232870459
0.560778801690641
0.9479868320353649
1.0672936916372753
0.7493162836152211
0.5637169247086311
1.0121404850579898
1.0193463477221372
0.8245868148346436
1.0318304565507714
0.8926128709812639
0.8730293219030116
0.6856122611692892
0.8116206239222832
0.9611842931187999
0.7302835565158654
0.9854874401192895
0.6721524004055076
0.76160954712393
0.8920749738480811
0.9663449781269867
0.8659719144964669
1.1056574144422182
0.9697178471507468
0.872606862231885
0.8414140691182135
0.7821601442974534
0.9911409436824292
0.7652055349552846
0.5163722465040199
0.34807621417081974
0.9118668727159842
1.0962663722896502
0.7948256065495816
0.7111564380426201
0.8236314129387481
0.5541922730279706
0.6629722012402179
0.989591890154816
0.7595263059444691
0.5374564707403731
1.107413010045406
0.8871632665872468
1.1336552723878668
0.80270291975186
0.6253416859859818
0.668078600366811
0.7605161283262846
0.9505693993392953
0.6384835530110499
0.6166785513273494
0.7548395512425049
0.7980440705664859
0.7235526882373143
0.8431271580088826
0.8831282949020537
0.5734651606890333
0.7915269115699084
0.6261652981755992
1.125243214039661
0.9369998599532178
0.9868645832887035
0.582138509032651
0.7985929465909255
0.8177264166492335
1.1602268448759534
0.9608415232097924
1.059098809675917
0.6554399227127294
0.8583591841849594
0.7930406696507001
0.6791027244226512
0.922117410828555
0.7005069267476501
0.8239039059233099
1.0941148436928836
0.9298759738145672
0.7018348670570187
1.0173798868937753
0.9014852307061444
0.8709892423515149
1.1032639979648953
0.45467159466439044
0.7715414730063649
0.6960344190076238
1.0470121232161123
0.5843028955362132
0.8720618345367556
0.6990888766965162
0.7568136025985912
0.8894333743309012
0.7670156649557365
0.6671718483224416
1.0228296186890997
0.9409585685576768
0.9633173293765801
0.836545120301518
0.7337817562884613
0.5934680445215783
0.7764306656587159
0.8690916794168031
0.7323734601496784
0.6922675281846584
0.7435713839709015
0.9493609359259123
0.7103125487667409
0.7234906518256246
0.9421370477345471
0.855242693603693
0.7992230340287573
0.9591646480454515
0.8653299003091166
1.129537500042542
0.9804418585292297
0.8252334674154242
1.1719425866165039
0.8493512669159583
0.623096934398608
0.8411635559090208
0.8652588881253064
0.9479550620679756
0.8523789502563235
0.9446580652771742
0.8495652393189888
1.1086903822346645
0.856981410237739
0.924170738937439
0.7271372448624436
0.8146247927442647
1.322444231194904
1.056341633645375
0.6663967198605412
0.9300308396875334
0.7745211340623364
0.8390171091522605
0.7460192976328588
0.9386520417281474
0.9130675486282108
0.7615795036851507
1.1694649754717088
0.6832069901937223
0.9992214405340252
0.7565456994961421
1.2655477325050886
0.6585471348276157
0.6720208199069055
0.7230268724532847
0.8914651121592713
0.6116235398197565
0.6246056021207549
0.9312179855955336
0.9179120409168084
0.9632398433577793
0.7650880006282419
0.6752589145360318
0.7796505482056864
0.6898359850861283
