0.8594644102549077
0.6129461566779677
0.6561649080250487
0.7987960794752403
0.6798964437577859
1.027793543388435
1.0616191043855236
0.981770909942089
0.894506029960609
0.8631336820626229
0.5315242179431108
0.922015671882897
0.9430972286662842
0.5535904403073238
0.8842865502136642
0.8110713046138178
1.2062313659227881
1.0277578128266376
0.8116587568992856
0.809924729179421
0.9103625936828021
0.8077093283565653
0.6033952482873461
0.7343156119968655
0.44803204470068336
0.8079693885749614
0.7553665219442309
0.6044361422174387
0.7733907014727137
0.7638677879558673
0.9604338954534639
0.9670229533011956
0.913405630017595
0.8180977297510742
0.8312171872829839
0.7171798738831111
0.9422793841989426
1.0935160549953586
0.8824828215705175
1.0478279263775694
0.9045004346148452
0.9279265606267227
0.9839653714472363
0.8833180528288895
1.1473599588459833
0.4391412150659622
1.0190352351874834
0.7985636427436988
1.0638918505201949
0.7195210924935875
1.0512483558031298
1.1943873565404066
0.8584823934316218
0.818881773633359
1.125363023764619
0.7861594962167174
0.8298414924233912
0.7059861305365706
0.8937427422003521
1.1981761684868144
0.808690749685805
0.7153974023118388
0.6917866550250471
0.5543834451182469
0.7662093532634318
0.8061782729229741
0.8284323756245093
0.33045375656688913
0.6372022789769348
0.8155772277521014
0.7968772541883807
0.6629465341512872
1.199631740883396
1.0246622978619464
0.7518826552581133
0.6148741882623743
0.9890947749928855
0.7566687153404376
0.5661363647768616
0.6974898666171598
1.1242246665901732
1.2229743815379222
0.617159297513852
0.8448650395416747
0.9356281664403188
1.0918548535097328
0.710256870840825
0.5490636933156343
0.7053418790110771
0.9218406425179279
0.9107395088487608
1.1055312234803147
1.059739071967034
0.5408171590761424
0.9012062808677133
1.031127613944317
0.830873341484425
0.7970330877526527
0.7874944797180462
1.0424378125136344
0.6686425664829732
0.8724698818190961
1.0075287659874166
0.9595644238205753
1.0095319801227522
0.8940751224578631
0.72916107895091
0.9328030351870117
0.7626872779531869
0.9093512684028473
0.8609409064732794
0.7177441641523439
0.8570789001067067
1.038664569970522
0.9383765958648588
0.7024039991935863
0.9893639439984332
0.9881085883666784
0.8897842128425897
1.394046410320946
0.9599575030470684
0.957779922553216
0.635066476897177
0.6501780803614913
0.7109353169049777
0.6921736591133232
0.785415228985229
0.9204355433179823
1.0316461423795835
0.6692881494411635
1.105740931764813
0.5051164645967257
0.8097909312423348
0.8933152293801363
1.264318298071588
0.6058847556152732
1.0443207299912676
0.8948735936874169
0.6303018547552959
0.7922070466905935
0.6625716144078584
0.9829634285719252
0.7138244068104549
0.7643843795629883
0.9934025531246371
0.9842346191354779
0.6743750515214144
1.0398273542399021
0.35856029537596723
0.9897022067501892
1.1147069975384007
0.7857743901205263
1.0918214949914578
0.8643374580705702
1.0767981833178921
0.8337750740141465
0.8325980220818868
0.7820201283448501
0.9752925538157304
0.7924991956577748
0.4605894431446529
0.7973087538984066
1.0295857963935935
0.90383884587651
0.8958277486998347
0.7665430886289005
1.0106440900835276
0.8429290098711225
0.9405264524296757
0.7290264333560983
0.7950211017414339
0.9234586437080323
0.6910313698430565
0.8415278145118865
0.7157475483240736
0.8360678875701424
0.8492640440662184
0.7553629429482317
1.076007022259356
1.0215483752342003
0.7433731275524555
0.6380800753985169
0.8116596547114198
0.7785360360997622
1.0744155003604459
0.7450133443597046
1.0790357239012487
0.7537531935101061
0.9632140472485224
0.5376065616705086
0.7376015212232879
0.8292645476799492
1.1168734232731417
0.6932364859154319
0.8902944514965317
0.6443523134891592
0.8127509200512764
0.9515544738666346
0.8585202370598652
0.8599398724954033
0.7963835616198819
1.1537613891971283
0.66880823312673
0.8853094751284071
0.7616426404785631
0.7422188305245702
0.9163655361441004
0.6487575463004385
1.0221922594312982
0.6132831975743527
0.9954279119584319
0.5462631651877129
0.6306586354575393
0.6152769535978221
1.006058052749891
0.8127665609290387
0.9902569817007155
0.6111683740579597
0.8052048629965992
0.7790373179531278
0.9303501740354376
1.0459689368665845
0.5575201575133326
0.9626048901300713
0.8942535666449081
0.8987806180432465
0.6883552914381905
0.7937449435923536
0.8077030719451818
1.11187116895641
1.210699800567131
1.0251632319502315
0.5057505896209482
0.6499794899506365
0.7310240457076612
0.8213878779409041
0.751417836454022
0.8684037523887856
0.7897627671860273
1.0680501256107668
0.8942442816427365
0.7827418598253104
1.1146175848647564
0.8146484666401496
1.0938929790747665
0.7785541099993302
1.1491740409143674
0.6579241162856173
0.6596766891869178
0.7648595594349942
0.8835372239681488
0.6915595436105182
0.6008515791696654
0.8744134048091309
0.8269156571967512
0.5752971876012936
0.9371426685012344
0.8773868184484509
0.7583598710120605
0.83731205816225
0.7919302395140605
0.6618408534022495
0.8323506931537701
0.7552889865911389
0.6744106123439284
0.9236794452042247
0.7830018915977787
0.8748692569681115
0.7985210732658301
0.7963076106815926
0.849140736211653
1.0368990694915339
0.7076332664387268
1.0011372118290498
1.1271137980237158
0.9009693824019851
0.8474247775070277
0.7798980882003034
0.6973592087683952
0.9049126960445305
0.9942461885049814
0.44525382351907794
0.4855403006630051
0.7820171840145651
0.8322161981190128
0.980305092428503
0.6278941337814818
0.7511063056350451
0.6244950267953043
0.7408756089132917
0.7414771951729745
0.7965488535111488
1.0506031077290525
0.925619831014822
0.7876286248901262
0.7671390312019565
0.94247101043797
0.6215403736724447
0.5949798215717699
0.9851994674120081
0.747177725766158
0.7743909033593717
0.8411400104410284
0.7681510449128952
0.9593856988883275
0.6593703157142832
0.9818448050803578
1.0744190142567558
0.9027422331254671
0.6708058730346426
0.9344766979089961
0.6512397363879613
0.890395110295309
0.6937991844799081
0.7610612093729165
0.8222981912855559
0.8247495619278294
0.8443935806619797
0.9220637156087472
0.6463942095366305
0.819496220550932
0.6252640276608974
0.9409800785404607
0.805329801775642
0.9729912601505373
0.7589365396057768
0.8531361720142457
0.8754645700566248
0.7023095781065347
0.7413344514737215
0.9373732650199418
0.8064138645422856
0.6487570557355249
0.47995073380564085
0.8850233638148952
0.8627893003934519
0.9575442403359282
0.8769395774695748
1.0912071090089617
0.8915092469734262
1.1955341773631105
1.149059732569197
0.9376667150943712
0.8210999354647744
0.6545921652373317
0.9007309046825908
0.870202817338643
0.809865875628396
0.7037215626302518
0.9934119220942053
0.5964199593974738
0.9256378689797603
0.5326945442028623
0.8419438353203352
0.7018244491345902
0.9763520555350969
0.8463199960345112
0.8397084612231891
0.9613848840325855
0.8522951085323616
0.8161994802424534
0.5936495563602415
1.015805844121259
0.8084885491955883
0.8903601577624933
0.8498527392742808
0.8041965777590347
0.8353064865460117
0.8991685190412159
0.6688347669052909
0.8576581721940819
0.9485046638095176
1.0662446802687224
0.9638669217222432
0.7638127700011387
0.749804193503144
0.9567411805818172
1.0539065542319914
0.8439726499586867
0.8316412443151602
0.9492622060391631
1.0323317062000905
0.6842389822182874
0.8206652023675263
1.1370269336828844
0.9278126815505732
0.7487642941526209
0.6509356162646782
0.7994525245843276
0.7329310328909181
0.8843053092209243
0.8632506794628345
1.0025813801024201
0.6426160635613452
0.9011435448012205
0.9024836515933162
0.6075275758609455
0.9621298469054161
0.911534520701871
0.5308917913913366
1.0286260767658968
0.9111195145062004
0.793456208819356
0.9305994787527684
0.9913329439753955
1.0243904114804951
0.8823098119396403
0.9349872522238597
0.7481145629246433
0.7723289579962499
0.8398145576714761
0.6704719259759077
0.873457663622759
0.7936333330401895
0.9843205253304419
0.7098515755880159
1.1627299445512211
0.8293324986402644
0.9145722491963179
0.9957547547267269
0.7975337665757566
0.8095377461863218
0.6016070391998307
0.8263997875141288
1.19377178696048
0.98068411495208
0.5716818956846963
0.9597535847525764
0.7606584364740752
0.8793126457125432
0.8950784498182591
1.0207462082312355
0.73364764651282
0.8838699968225547
0.8340552535067426
1.121351763121104
0.6921301859919318
1.0067081883501943
0.846649812112873
0.7670771001454764
0.9202473000377744
0.7893503501757793
1.2370757257208715
1.0664120703997002
0.8795785218759548
0.9839011027596131
0.48883062182939263
0.7939626914929324
0.7780121478886179
1.033872924726666
0.8294984050073841
0.7964988886470404
0.9360638461664628
0.5560947571141179
0.649678898718488
0.6348480676321597
0.6961121985746831
0.8207139609679553
0.8647919016398361
0.792362480204699
0.9858721402619901
0.5636397188564513
0.8385424690090773
0.7686241170345665
1.0099212559572368
0.8554597088441314
0.9202896131976709
1.1725350869060098
1.0210865205574577
0.8106792113596407
0.8780760555830817
0.8769171864953689
1.1806341188556686
0.7230724268372527
0.6539152820470242
0.9444330384341459
0.8846577151363337
0.5867378287993135
0.68416588744505
0.5989245752932593
0.8102170974341394
0.8545158133702758
0.8334671365811022
0.7359559354670347
0.7482374688264383
0.8037572046415303
0.717935756543578
1.0224183031959302
0.6925163822507454
0.9295064594629977
0.7831467686534503
0.8710564026722849
0.8736294082105918
0.650160071834464
1.1494095101513138
0.7890958706395222
0.7584181098959745
1.0119602060110084
0.9925038226743302
1.232199421916252
0.9338980822539523
0.5830786775586332
0.8090662661595773
0.8890310948661659
0.950423170749297
0.7715215190919607
0.9560238870562848
0.8691458586333205
0.4977567306313222
0.5229633109078392
0.5581491229743284
1.2904028570027188
0.8231125101789701
1.0239170003320286
1.0368989362048637
0.8500913511790409
1.1118600971739419
0.9293242609613088
1.0909721268921095
0.781427611669896
0.9306688407433161
0.8637540572696817
1.3485957619465117
1.1740034787860207
0.7416885422446055
0.9540052539316193
0.8996122717988458
0.9682074260206897
0.7403113010161332
0.9103637786724834
1.0080266869609873
1.030596237192668
0.8928170143972126
0.7445826974756298
0.6771201761275359
0.7557438151619402
0.9790843012363891
0.8079797623418281
0.8453934250021979
0.7231238134071662
0.7544629686120625
1.0125858303978446
0.808349027332328
0.7681879358892965
0.7987216930268117
0.855563140280479
0.8092182673871388
0.7344447936525069
1.115195819069355
0.9558785287238523
0.713856911490299
0.9696183800696876
1.0784012202716493
0.8118768273802529
0.9065790667173165
0.9570476268079544
0.7862536589971608
1.0002361774877433
0.5793204194341048
0.5802335953801974
0.8511972774248575
0.8330986256229602
0.9573406885703327
1.0586913824713022
1.1263628718048992
1.0276917538239232
0.9841919182753746
0.4725906280781383
0.5786657738706205
1.1420930779159915
0.9496758554397193
1.0384488314988887
0.7266774618774899
0.4833360620348614
0.9680492866270631
0.6229994653316302
0.7814355167179448
0.7465588276762282
1.0106957258783904
0.6132495239913134
0.9518643328399776
1.1906490307011406
1.0891319202523544
0.6830649351002533
0.8681595002430336
0.9176464789568726
1.2101173209456904
0.634939639233809
0.5793741367510075
1.1852293765960429
1.1658245806426766
1.0478950627976191
0.9130464812166563
0.6652097921232192
0.6721630441642313
0.8035509207955981
0.6474438245824337
0.940962494273898
0.9848122488292735
0.7092030893488019
0.75885055789382
1.1869017554885564
0.7891801726099148
0.5170686084581834
0.8819226323871653
0.8030580974935264
0.6481272328978436
1.0125260230293238
0.94509479832732
0.9100882603757133
1.007278179565523
0.878668353180881
1.0827462668940973
1.0040175969843388
0.8185333585255716
0.9940570415494956
0.8210033355661919
0.9095072355417186
0.7556767026891529
1.031285012835237
1.0396150348933157
0.5201017316754428
0.7390158228263296
0.5573617708796939
0.8524354156446974
0.6609615533655003
0.8568153369656888
1.1700594741222674
0.5948050469617541
0.8429368224556134
0.6846808841727712
1.041171630603602
0.6715497441406502
1.0296331755203179
1.011322532878825
0.78540805613649
1.1912288604950556
1.009999011613657
0.5561875324620831
1.1039179303330509
0.8166649799522204
0.8395645018043282
0.7539915958019828
0.9966255710849128
0.9747001957065095
0.6357089275837448
0.8875675107667236
0.8665901670359486
0.7561368696990795
0.7750320707165919
0.719171344325778
0.5960916697779503
0.8115580144999226
0.9969409143430429
1.070877142929437
0.7763056191650921
0.7891203678659368
0.8645880898201825
0.47554393556791535
0.8015488147868657
1.1887861688597934
0.8366297042662078
1.0024695752003503
0.8564790644092077
0.5943966151311577
0.9823975687023065
0.5741840859512308
0.534541397194461
0.8889524933008951
0.8060345255416196
0.5719329325601711
0.3646862300937044
0.8125197439973912
0.8628008535124795
0.9236840157802918
1.1468970451553469
0.6635785390595773
0.8536201177421997
0.7561479833577538
0.8277351152777136
0.9384925962456885
1.0155232856330554
1.0711466378199437
0.7033846649285251
1.028196105223416
0.9791716539584077
1.0373398087303367
0.727003009800362
0.582764730258285
0.8125765820944113
0.8449636096046211
0.738103995196021
0.4564719182125485
0.864759309636531
0.7962152850556105
0.7550295913643328
0.6117025748641123
0.5440107986202051
1.0893729769837568
0.9583016379069531
0.616609711139573
0.7800916962055224
0.8690539232741292
1.010872458381581
0.8281310856547426
0.9490165303782103
0.9003255811697517
0.6969138358241757
1.0971081143582189
0.9248235519683108
0.8829326426191036
1.0417971981540062
0.9708719280909044
0.7291965079823729
0.7781672819052579
0.9905843060500856
0.9984851432749384
0.9029146413674077
1.0071057791906792
0.5883725435984793
0.7078849637579165
0.8998775600487033
0.9849802090103762
0.6220294047725504
1.1135958541851727
0.9285046161745765
0.7567954062522303
1.0203827280356814
0.9184168414627156
1.0753738654581837
0.9815229822703668
0.7491221180984973
0.5816048446255357
0.6406086629249397
0.7371766912287385
0.8212073992967491
1.3239241934119357
0.7763138764942061
0.9858710613266497
0.7289592818284525
0.7274987932195981
0.713029607197271
1.0520728289334023
1.16589785276441
0.6712557353986717
1.0087265457792849
0.7585727486576719
1.0560241514683586
0.5425387263363326
0.7520735745634183
1.0947786629253962
1.2219783009709448
0.7667377556797
0.7545878181664305
0.7171107933324308
0.8906684637266717
0.9815439297467774
0.5140292754695605
0.8246167987112486
0.7213041080306947
0.5907627591269011
0.6830236497845287
0.9284439185456995
0.6985435509136153
0.3861764699174463
0.6546858038633814
0.7256233007642425
0.8700680017424451
0.6328630915009258
0.925920031120681
0.7763531304844772
0.768355152310527
0.7412623888734784
0.7185534861633025
1.0248063916954266
0.7069516202962876
0.9352787390490763
0.8868122621431042
1.3566399768183475
0.340537924300761
0.6597553779844464
0.8401993986882798
0.7082129869948474
0.6445193858805233
0.8054414118283387
0.6044199305300539
0.8050251391876405
0.8598657636309133
0.8980832733488232
0.8778519302389725
0.9241874778366957
0.9982418744542405
0.8407386307854702
0.7920981477543086
0.9478289876292976
0.5832712991262561
0.9806520252906767
0.8986073313361419
0.9245446073516578
0.7800383170756777
0.646028892962351
0.9211139393217843
0.8324587898473015
0.7553960088537495
1.0425514121024413
0.8851641630670595
0.7831899529057161
0.9806950549460816
0.7294196319095338
0.7087623450867805
0.7249217488578181
0.5102568875872577
0.7600224627711516
0.7948231371649096
0.8506109127184692
0.5318424996362395
1.068330985464233
0.5223317974204377
1.0075827743841899
0.7789622419304436
0.9703002939855389
0.7535992923974992
0.8890641070980999
0.7224151831384794
0.5840657414489832
0.5299279426649692
0.9484348150018477
0.6613638408938771
0.7766780269029263
0.9033829297759888
1.032845064068971
0.8546429096735647
0.8764036367259969
1.1265297559021001
0.6911826813878822
0.8529473234071671
0.6376817219703992
1.0322732593906163
0.8348897779883014
0.5239321897455653
1.0704272825063093
0.944236646663703
0.7714996836874772
0.7701993989398588
1.0718738052897747
1.0331041657878357
0.6953247627528121
1.0354846188883446
0.4846234024719273
0.8189106580013562
0.42401154875604624
1.0717262633706182
1.2745612165021665
0.8646872590558531
0.4850270293126507
0.8792491512891146
1.104888494531678
0.5122018742032071
0.7596716006763878
1.0012888161416926
0.9062048378261113
1.1017680420775395
0.97130409247067
1.0390396026412032
0.7728568637963567
0.43292975331749733
0.7433993783816022
0.6837435588917555
0.9371221278743367
0.9642024253142831
0.759472361199167
0.8288421631183563
0.7863604183960942
0.7833688809074537
0.8456942159031386
1.1870270855978644
0.9213880406793834
0.887655055300814
0.855493530778912
0.8450068588243871
0.803527130260704
0.9993645238429999
0.8199829265465588
0.44912427671706295
0.7163954453034688
0.3686135009670607
0.7044492738342879
0.749201909959045
0.7492034669962856
0.7370852448157055
0.7776107614515168
0.6307748253370609
0.599822220608681
0.8041723711468475
1.1421629649748561
1.0607653929246585
0.6550975330321347
0.9677170651717872
0.8711429215713884
0.8690761086643061
0.409997877148049
0.6721310982139315
0.8724136408789852
0.8140231150411098
0.8916896929565248
0.9017763954870238
0.734928187263685
1.0259376186214682
0.7297839322981974
0.6010378857871059
0.9471761101362928
0.6907582355279379
0.8610823822218635
0.7174388838705926
0.7739006093818765
0.7954547901526192
0.8092131235869612
0.7374970619838928
1.1237316424745125
0.6314224133798917
0.8624386852724327
1.0617990170553628
0.7555359049937205
0.869636802573847
0.9367303675293661
0.8290923852281674
1.0309018041184332
0.5126406202110653
0.8211982063303815
0.5115966215637997
0.6860466841078631
0.8228974395174553
0.9496294029789446
0.7484987643727332
0.7870726086649097
1.1576850117737574
0.696809518846394
0.9838066251286608
0.761774472882571
0.9474697232620116
0.5938590118375999
1.0421049622364214
0.8298428176066923
0.8250118722140996
1.0190168709888723
0.8148728297866406
0.8668560024026993
0.7214917292255741
0.6659383308831566
0.7503875068354577
1.0587170768894834
0.8955348215535842
0.9524473788078097
0.767718120918816
0.706969443028369
1.0316103793131173
0.48898757917861574
1.1289238477494103
0.8107466615589791
0.6895703892263452
0.804589523636936
1.0692949917251087
0.7171682699184075
0.47022726726859176
0.677455658010068
0.5684156394721636
0.8831514874258835
0.9226440570334875
0.77585315954799
0.4851855105251145
0.8248429856921818
0.9338600428842936
0.5890547155993662
0.8145775023417897
0.9682497627205245
0.7716036050358015
0.9448220246829905
0.7317541465828085
0.6801649994074148
0.5268450089666721
0.9736225822525626
0.6234592342057306
1.248755664758126
0.765156086969075
1.0181660603426768
0.7749464648399875
1.1925540581240357
0.5789042962245291
0.9750833022263292
0.6987843374918012
0.6664629198014229
0.8219329622203184
0.9579827330955135
0.8523087351898266
0.709002611296421
0.5865667113745597
0.903195294903426
0.9409001130399093
0.9499506932160205
0.7236684533242672
0.9460580286202538
0.8758151911198391
0.7184953769579752
0.7047595592943365
0.6968911817839387
0.8323003231091382
1.025596354469275
0.8521190459629571
0.8690525697658681
0.8577555041450867
0.9043741654557187
0.5660821416614543
0.876298901324485
0.8548454949023868
0.6074062940455162
1.0887938775728632
0.7750036551264572
0.6523051391077337
1.0594942494738608
1.0912146670323284
1.0428913340517645
0.5028067167440953
0.6808300956908893
0.9228532071735156
0.96784914969318
0.7018347389727815
0.8691917646122715
0.8248216750117582
0.9974809160448018
0.9519010451863187
0.8803114760071563
1.1305698973831544
0.8959552260984772
0.8386716863790691
0.7030331503147411
0.7238748123099352
1.0844782520756513
0.8646069862452285
0.6112751593163976
0.7861725116156989
0.4921014158833347
0.6983937589614408
0.7966596874810179
0.8824407498941552
1.0167838991608082
0.9218511422903473
1.0579114006845067
0.9922848460973938
0.9377575548740981
0.5668949544497669
0.8177588487962111
0.8129852857901737
0.7287588915020811
1.0790923952515497
0.5946322836229363
1.013482725386603
0.9783902320796101
0.9261244168261256
0.6258198298207597
0.8259698473857167
0.7781272865547082
0.8802991359162501
0.8124817129807794
0.6122227570641765
1.3439759549178434
0.7191839043577302
0.8963638231479174
1.0366467788816072
0.8316272919709315
1.0117342243980896
0.8742157417647834
0.8104233213271148
1.0116705203269958
0.7880094223630049
0.8678564980958239
1.0198222639049876
0.6275871296034341
1.2594363776937565
1.0459051968775095
0.7729438944377924
0.6756656208758576
1.1628087570770558
0.8091865751223949
0.5664703202171603
0.7128522972321161
0.8062658124548675
0.7171409730528071
0.942007349634116
1.2571083456733945
0.9658038121600603
0.671587138301702
0.7424946743705695
1.057082543106239
0.7804815792167002
1.0831650328690197
0.6025415468794885
0.9356600836335786
0.9181117243660899
1.0648279779079817
0.6939746875368449
0.621963571923936
0.7194995987986347
0.9909182303444464
0.8970256182078954
0.979710941047051
0.8281532406223509
0.4783171044806064
0.7661040500595165
0.6725009537487455
0.8877717096199068
0.8178516832448721
0.9156503411848185
1.0039787407152492
0.7960915687665773
1.1110103172963277
0.8748397914780597
1.0332108171501164
0.7774220512836454
0.5917420327862426
0.8257421444135525
0.997160220397158
0.8272193414361436
0.7096173202015009
0.7719607262167651
0.9809423177471597
0.7715810078048623
0.7300706829021116
1.0839828035784655
0.6908465243899756
1.1378404733316672
1.0357587594295445
0.7002175198895277
1.044970057283718
0.9730289324894075
0.9745640461989291
0.5114558463797888
0.9842500025121641
0.7509981025656638
0.8963026345018772
0.9494263021320398
0.7822912817741001
0.5713309065221888
0.8359235794508261
0.8981101770084291
1.0696153967526816
0.9047132527898046
0.8420244028269859
0.9361764750004645
0.565206612340698
0.8977006640446706
0.7838373697791736
1.1752365296762264
0.9250862332410539
0.8719067848444559
0.8800083049393084
0.7194877444607799
1.009029529214998
0.960976057673605
0.7241806558569188
0.7931716079747013
0.8825721268598735
0.6581006883262379
0.8379124006922926
1.092512074407807
0.7949834706006604
0.8214175353967601
0.9428528993827713
0.8831801956157299
0.6828283785406807
0.6616798124030361
0.9341920603720599
0.6381008459598073
0.4819765658397204
0.8057207095443394
1.0742404881076315
0.9404446003847684
0.7646512929610043
0.833295222949475
0.8885865975554657
0.5867681544596896
0.8030936204391825
1.0375624481810646
0.36834426617114835
0.8699541169088203
0.7404938399845986
0.825187188419441
0.7515100259812881
1.1544072966110093
0.5203415436837724
0.648902329586484
0.8854024467335413
0.826919166442714
0.5164538247443943
0.8862911422378533
1.2241003967137327
0.928002761790787
1.1848420895994027
0.8417716520623064
0.9355208391237897
0.7268822517733732
1.0149672975216315
0.8193747561063338
0.8516717980488836
0.9311659101754928
0.9310247080215142
0.8591430712460519
0.44516197089155907
0.8108692031427243
0.5705583336791125
0.7905814417147217
1.0547619077657548
0.9276984413669572
0.9677426763447942
1.0981748035949037
0.7751981532264046
0.7776141197394925
0.7990046235979703
1.0614220031332002
0.6556997259028979
0.8213220025736089
0.9032707754626623
0.8806532506331177
0.9007809076624786
0.8917468304859645
0.9206468978294393
0.7535269278404962
1.099364500005655
0.8886869308439924
0.838659702603473
0.7339889483284977
0.7102779901991356
0.6332007831481162
0.816774657117931
0.8492914519819913
0.9383380998996569
1.0038662288194642
0.7926974491551187
1.0121935314503314
0.8611251729779169
0.8843629056657955
1.1492409715288123
0.8201952163456575
0.6066955434559311
0.9316099942473308
0.87163527260416
0.7833132618157885
1.1952463234630692
0.6194627446037438
0.6249344464647919
0.8996293289679977
0.7878293714264969
0.7692629512439084
0.9692043484032153
0.8332065598082196
0.6781986119302483
0.7649517041033882
1.046095320671735
0.8618775812442152
0.4508774969480452
0.7519147685646268
1.077848155310377
1.0696320339811605
0.8710834769018942
0.6477170588258596
0.7389654135021244
0.8361602116759036
0.8126431205855263
0.9810322062479655
0.9194079559850783
0.7061231652860925
0.8049235130668148
0.9902789067094812
0.8703192555340002
1.0363857072273912
0.9424894008120888
1.0357569491969296
0.5918959946522968
0.5840824799088131
0.8791040943880283
0.9753129777517695
0.7651492120818708
0.8103479372276028
0.7707773242805076
0.8320586859370981
0.7544814121702685
0.6630897930150165
0.9319004869143241
0.8463924263193822
0.8552811466070847
0.7649797779676488
0.8476121063844178
0.8907412301924228
0.7326221986126685
0.516003472125827
0.7328509032212369
0.7037482572274877
0.7962421936184682
0.7915285656187454
0.7511996196659388
0.6923314602184154
0.5732881423596317
0.9434680258859884
0.6192350675360039
0.4666019359444915
0.9500832113786235
0.8180148666821937
0.9883832874841454
0.6922862025806681
0.8717448493828759
0.8321037218943699
0.8172144500224158
1.0048985019303047
0.7129335295781115
0.5640098465345269
0.7771780438088755
1.0652552510703766
0.7019277840753331
0.8854620225210981
1.1437725559692007
0.9351936134520238
1.0835081049468227
0.8426271177128021
1.071034007342452
0.9517366461897758
0.8620609922601236
1.0751042480005377
0.7426031462583323
0.5651492017131597
0.9552459921245855
0.9365822693157475
0.8010642088616696
0.8987823421319246
0.9891450952114601
0.9649233915452466
1.0717164589923214
0.786301932713756
0.8652828774803858
0.8653330101346808
0.5935639053278322
0.7302137633232242
0.7173578620828418
0.7879506955208733
0.8808390213997116
1.133298874979861
0.9573698971861501
0.9688790260826343
0.8828533303734998
0.6845898034137309
0.6457908247894567
0.91364148398953
0.9582314758836883
0.8130083585484578
0.9251002279930898
0.78804406819311
0.7694066211974575
0.7099492786544106
0.9811832741537276
0.5803885840401919
1.0403076290873614
0.9204316813584673
0.9901685906763065
0.582529120119673
1.215386837379074
0.8791561632362
0.8436781781081742
0.6924584317041317
0.7239957256237108
0.8455957968442365
0.6609854072214765
0.9617458707566557
0.77092727809945
0.8352132933487865
0.8749685973988356
1.0657799488443007
0.9209483080594429
1.0889588174634008
0.935778081777262
0.6912425916151826
0.9058584693052256
0.8823118867214428
0.8876888487325745
0.8566275641414972
0.8391859378208166
0.4996488068089874
0.8196726635910397
0.8455351569623855
0.671053026850631
0.9828857598069128
0.8856792790006183
0.9253360830482035
0.8187186614936167
0.5993485306319144
0.6322542586927042
0.9898888359748574
0.8889811501773467
0.6818743268866435
0.646172134082837
0.7137714125891625
0.896916028862639
0.8905089205971635
0.7454533581498592
1.0754766895940844
0.9344477182714171
1.0582153581093854
0.868146936918642
0.5544674844748689
0.8189122880914914
0.8773237994574968
1.0166589717606125
1.0314659744188601
0.46855316571221994
0.8689703230652397
0.8093789078579321
0.7258104052237168
0.9853048503981052
0.8522115689421663
0.6629494313704762
1.0394686998780145
0.7666277550972239
0.9955685835734454
0.9654180871680729
0.9013920877805299
0.8987402456906982
0.9345997068397169
0.6829047200390674
0.688584412099586
0.9052002613480777
0.8475318686278291
0.7521501023069717
1.058184018293177
0.7911666900735791
0.581599025051934
0.7969992102768152
0.878267565942341
0.8869620258022037
1.058254560496373
1.1803058307813408
0.7780750064624986
0.8957111040543959
0.7887478838255506
0.7959477596791358
0.5209321758251855
0.9471088966410268
0.7617992339967548
0.8843569346467491
0.9867193527076483
0.5512924685507434
0.5471818816721439
0.9212787395535542
0.8681665316473701
0.669922659182046
0.7040420480204147
0.8047321018406294
0.9341616633083868
0.9775306808254365
0.7612212251300361
0.770136944263153
1.0421466208920058
0.9561344130564301
0.691223117003657
1.091026064028793
0.9080546347729271
0.9201018343365219
0.79842481871663
0.9232822323688252
0.9314787096185846
1.1850211653497718
0.7094913597674934
0.8709476012772633
0.8856752654467036
0.8557137136653465
1.0113505028998666
0.8304861635027436
0.9125276985773051
0.7022536511562254
0.6456283274566074
0.573876170315634
1.2925886610233985
0.7577123616941257
0.7087757126273303
0.7686268814801864
0.5931596810241146
1.0857746483583457
0.8539953626389376
0.645847470348256
1.0126277985495413
1.0622444137092077
1.046588369666961
0.871366017997562
0.7292606371893968
0.5143164212955367
0.6301983937789724
0.8035908270157646
0.9969167210906262
0.8390973077366085
0.8880739485192461
0.8381937943973333
0.7205921880519292
0.6204050529260268
0.4699159290475431
0.8349055030586789
0.849814294250275
0.44455708227651886
0.7155374973689665
0.8379202007603961
0.7677137757058843
0.9629915284696575
0.7608252028490012
0.8151616865188683
0.6433404429395678
0.9855251296262564
0.7481746586790677
0.8412288105363261
0.9575750527178423
0.8274618920521174
0.7855586016497026
0.8791201701782606
0.7235502877587692
0.9142365576445399
0.9896991773483391
0.6522017117309444
0.9020333387077636
0.7437131254896874
0.9133921179349233
0.7049810897113229
0.826735053500477
1.2530969103766312
1.022481574410371
1.1875209370487794
0.9261139189607333
1.1845444395895044
0.5234557166533342
0.8416514784802868
0.7959724426818238
0.7506710766405631
1.1845892203043422
0.5685471283454904
1.203429229853758
0.6899006288128939
0.9472742603685361
0.7995370440570908
0.823257261120664
0.8417185479706853
0.6767151844846884
0.6015353495317031
0.5050841850948437
0.8572532921982509
0.9091852033890565
0.9815639475883257
0.6837518699502122
0.7724101631280289
0.9371295520315627
0.8777066647688221
0.7941296809158268
0.7840655898427672
0.8670390896980406
0.726351454362348
0.812627456756832
0.5540974372302636
0.7687453825314947
0.8590773036510475
0.6863935719905158
0.940892528149355
0.853485913991532
0.9469563490786624
1.0806070138274406
0.850968685970083
0.8714617448085138
0.660431795471184
0.5857632421874843
1.0598732599831873
0.6562783702978104
0.8126545150498445
0.8302511101521118
0.8329271603021372
0.8231638622927689
0.6478071588073203
0.7434733702468964
0.8541392416707149
1.1897892179325058
0.4934012863514843
1.316167230805028
0.6826922441794125
0.7118460232272158
1.0413026073209728
0.91816750889542
0.7933992712722011
1.1193636374706368
0.7520620826950446
0.9153818624026148
0.9065706350693272
1.048873136921056
0.7041851085680374
0.8466138876085908
0.978457853431855
0.6376235961081865
0.9177528662080909
0.9363905340236118
0.9475292787439927
0.8260872881316746
0.43257967209667275
1.0361700473971658
0.8938959209740476
0.8153651744376749
0.9430701825735109
1.1035033144593456
0.9503794161448045
0.5905461846001696
0.9965019464600109
0.603187802476105
1.2419666227825905
1.236390856961035
0.935810321194725
0.9379613439067755
0.7163402211855521
0.8325823913663115
0.7741110617468175
0.8509326460600434
0.9843126930759583
0.6078369287189928
1.0565552826311042
0.6695005444013621
0.6108939215393647
0.9669037098134902
1.0071328272238584
1.0419242759568175
0.8468288777484679
1.1134820630573214
0.8685351594132966
0.8382504267157983
0.8465336972794291
1.0907026864094662
0.7644465219829009
0.8511902453393579
0.7065222727420085
0.47982660775327535
0.9699191707490105
1.0563284015983252
0.9553589734102602
1.0407948030938026
0.8456326911423042
0.698681348550604
0.9728196565916915
0.8308013316912979
0.7089973756310094
0.7058628568022692
0.8746953756775403
0.8092921436752731
0.9745369443503604
0.5684117632069544
1.1034632266804831
0.7132461847777779
0.4939324676584908
0.8290134119829319
0.9382513283076623
0.9662229562415832
0.8797190068411224
0.6741582818913852
0.7144304419442739
0.6962879022486479
0.8995059766354306
0.9837615322278358
1.1252048644274497
1.1391963956150175
0.5735452055570558
0.6327451273457266
0.6496953150176926
0.681788799216863
1.0595057711701497
0.9070371327733076
0.6480614077926362
0.7130535386541236
0.6195436340384401
0.8191136433093629
0.8714958798232654
0.6715468702852099
0.7607701026129827
0.8830361377769879
1.0440023731127817
0.9457557830055137
0.5762076389647028
0.7718490254057307
0.8347013436976586
0.8933270215914654
0.6646230788410061
0.6916861968170707
0.8598086128964306
0.6780744560847709
0.7484754414011772
0.8856509243443053
0.8567338296105269
0.8743155742671693
0.8686558326563629
0.851041678302945
1.1611350924846473
0.726912595864642
0.5469066679465124
0.8783393045556558
0.7448136286607876
0.9550494036644864
0.6118493745047443
1.1377900232640341
0.6401969833994485
0.7889999962872405
1.072817716043173
0.9934511009254039
0.7731076909144298
0.7576184619097113
0.7500469439509085
1.0235896139606246
0.8136861195648342
0.911410032909429
0.857954868958551
0.7462004880274545
0.8676177738132135
0.7789294488582316
0.8327303165521899
0.9564347597856007
0.6212108651876058
0.626236446726229
0.8637188358216156
0.571501540738399
0.7168793414687171
0.8225977716137144
0.8564478225611584
0.598370702931691
0.8149338083235089
0.8046569426489047
0.3281125566038722
0.7806602400778625
0.6871338128948957
0.9722033428570339
0.47633959935952613
1.0014324647826724
1.1979838619587282
0.830844171791126
0.7678762555819614
1.0186272640660667
0.6270576961855315
0.8912353390785739
1.0712607402007752
1.1314698431495986
0.9887238971911694
0.6415287202639834
0.6931986828744443
0.9967125781102993
0.5350431352846527
0.8012742676116966
0.6941184986584857
0.6866219766322981
0.8100850744306421
0.9440975652796813
0.9399807294025396
0.49745938358096387
0.8230993756396354
0.5645854323878847
0.833166450789574
1.055653818967479
0.7242186407964657
1.098140048460613
1.0228091760777276
0.788613559652299
0.9112502222693124
0.719606180417162
0.9839265014668315
0.7835451550419933
0.6781987184081477
1.090030397859456
0.839673392820536
0.7806623418495711
0.6418731828569156
0.9037114454737688
1.0576525745280927
0.7921000576167976
0.9451967806084627
0.7998917891164312
0.7616902188283283
0.8823882135747902
0.7748454969966645
1.165461906152721
0.7400585625593397
0.9440645672450058
0.8833405534133658
0.7479757734994619
0.8331957720839887
0.8692879186775855
0.9180909885646845
0.4938802424986747
0.8479155772137746
0.5898759294174609
0.751051858258287
0.6652801105697382
0.8127170730974869
0.7590235187710821
0.7931370604224331
1.0453543034990171
0.7718804060305621
0.7521175565331805
0.6020178028867339
0.5484276313887304
