0.8844329457083019
0.9360635656255184
0.6098159790708496
0.9780100702593629
0.8198559823103677
0.692412736332287
1.2552996570157386
0.7316043805625173
0.8516415979648528
1.0548083437837064
0.8652159031908847
0.6423409406228211
0.9937041186667219
1.1226477140661189
0.7184651377796547
0.8384115517159193
1.2663760396778356
0.8623667431744783
0.7631117942112073
1.0017184015743636
0.6908929041777299
0.8264490604611023
0.9255602791889006
0.9506041845467511
1.0328375445383706
0.8627877890392581
0.9325108961307907
0.9379069356657422
1.1423009619176647
1.1602086713143056
0.6384860882910138
0.8301417822749003
0.8440324921916349
1.143903044609546
0.7114258544170938
0.8415337814479223
1.0174374658915777
0.8850291085660532
0.729909079894866
0.9083768725451847
1.0317249408520763
1.0509018463618245
0.811499081387008
0.9642650827563305
0.9363413596448842
0.8947876548459731
0.5600819754612277
0.7508797503807334
0.8436438963696953
0.7470093567442262
1.0446825209150263
0.774625571051462
0.9548272009874097
0.8383237423104895
0.6872044476240389
0.9587128700970278
0.8540435966948396
0.975886462629504
0.7832535820079658
0.9087968648192772
0.563719008372367
0.7986660972821923
0.698752158082938
0.9092569822888706
0.6149874352286285
1.002157560431589
0.789596073225972
0.687290903365199
0.8737327209017244
0.8562692833578607
0.5966642346124007
0.7339351025704962
0.8491915968093318
0.9871542633493608
0.7623204160927197
0.5511464428650877
0.8738337700110301
0.8523308775801283
0.4634642252022668
0.541446736410574
0.40831651359576093
0.7999745062587451
0.6485307010454984
0.9165939908124098
0.43077542044403067
0.925890363875451
1.031206595552409
1.3192412665706055
0.8672367186684086
0.8534424726937772
1.0903714465106253
0.5474292379574404
1.0657657988023674
0.9105923032723763
0.7269127141415292
0.8390135809068597
0.9146425805563447
0.5411442802112691
0.8810862545232504
0.7971837451958658
0.6504969393598805
0.9254459829412717
0.7905640889584624
0.6921669511333706
0.6747104294071984
0.7304865959134743
0.7718894030383665
0.7091629788312411
0.8149819415363652
0.8946904325286327
0.9744074559528495
1.2645481590641927
0.9886156279918347
0.6764236444398255
1.0505571376177505
0.9953322619262464
1.075788478167293
0.9244207335085198
0.8097213631729249
0.9520744590874767
0.9761155131923086
1.0861528176531863
0.8060000016594298
1.0123803721758264
0.7982414902260648
0.9217055834816642
1.0071530007917966
1.0519174080612028
1.148269542689869
1.1765294667109434
0.7479130077286708
0.4616816436379704
0.986501185037828
0.7147149618575215
0.6985151641685687
0.8305871618593533
0.8662661761844415
0.9411460076527076
0.812417834558564
0.9225571600159407
0.6031380164291946
0.7506406758133137
0.519720433432346
0.5784765130913737
0.9342840360544087
0.9510206862632744
0.372671312460652
0.7100165987230443
0.795343315903275
1.0923338844586894
1.0439062676684654
0.9973429157687739
0.6798279819691575
0.9464867864915874
1.2018974359046926
0.7533658927471024
0.6813219472069889
0.8650332114096313
0.9552772137512658
0.900198637778881
0.7683011371406132
0.9367496427234964
0.734256811353414
0.7587115325493242
0.8585807314129017
0.8583070311894484
0.9586789171600661
0.693142428143694
1.012524518307822
1.0091118517288669
0.6940628854936293
0.6379526243226843
0.7972892018109076
0.8981393871920933
0.9170819086680616
0.8231075190851201
1.0531685988155008
0.8931284278959758
0.7518098881265003
0.9120255836458524
0.9613797533662305
1.1756999211155428
0.7395213579903049
0.9060799974940361
0.6354407322271737
0.6933943451508038
0.9837779052689126
0.7494436106277271
0.9614230138543662
1.0564214056994854
0.9149994183840889
1.0925717873940848
1.0821646057692356
0.7758930136155192
0.8998865628973897
0.9829362675738712
0.8066835494466131
0.7079676467503973
0.7893782532289464
0.8995533779001769
0.913535692946665
0.8535676948141261
0.9056384771155742
0.8073873284758071
0.7948183175139748
1.01280779139561
0.8534593030029228
0.967603433426373
0.98563190816003
0.41381798783406426
0.87183496339
0.9280299660710818
0.9310968012977178
0.896645111428679
0.587245296722398
0.9467332665897087
0.7294344296848161
0.7927660754001574
0.8959841059024263
0.5587715236042341
0.8342081278772943
0.9356420871002944
0.797912860113096
1.2217387155333719
0.6356381665773079
0.9474034810698688
0.9473878065846209
0.7724944275894905
0.8291163137187495
0.549861147090455
0.9794055902286877
0.8129393291222934
0.43911641127115447
0.6745931913904564
0.7933371193207033
0.9559474353593319
0.6602505995841463
0.7383463264808136
0.6116078958997503
0.4674435880413593
0.835166534801268
0.6542203400025091
0.8907792182959183
0.9533252649639985
0.8328843117387448
0.8419158709988673
0.8913936423641771
0.9099864031506097
0.48925362938507205
0.8005645498862155
0.8780399089862827
1.3020580907793098
0.556207259826401
1.1126178359460484
0.6582143075674465
0.9812256264104485
1.086951535247371
0.9137204351717453
0.903869258697823
0.905185450927932
0.5978699845141794
0.735901641796522
0.8866761904424568
0.7856401109133756
1.0040460426013644
0.34175875415490153
0.5310638933967565
0.9263614950313104
0.9393783409676532
0.7432767121076795
0.8637480179469749
0.692308446359949
0.8672643313163669
0.9310007957880535
0.7916975102241094
0.8875924402724426
0.9194653739424772
0.8042639312624221
0.6866963505584972
0.8082943907073846
1.0968952503366536
1.1424162009095262
0.5344106360397138
0.7307531042029904
1.1453740032860569
0.6651107058791841
0.8887573431816072
0.9581948293375767
0.7078686989293497
0.8271942987240468
0.8440601785294963
0.8772650733121549
0.9851570144923641
1.0570684861325406
0.8086050839769783
0.908990002376626
0.7051469929972976
0.7641915075131377
0.8494755686724379
0.6328935880414749
0.7464907334051472
0.6553736111100972
0.6329999765714351
0.6250524256032131
0.8318907596546781
0.8880778148606436
0.8905895810261897
0.8240484516791052
0.9621894708853025
0.7035040851518299
0.8664363526781
0.967990515528669
1.0007508054465069
0.9208002571837091
0.87890549318987
0.8903515715688242
1.2097457995152179
0.8790898232140303
1.226302789493003
0.8938470608810478
1.0608334350488295
0.9507274061944082
0.8520476920984684
0.6979877873597544
1.082290863357911
0.8838122056292388
0.6009890142191638
0.6808222407718655
0.7810052535235164
0.8088401952201467
0.46471322740099175
0.8791713875243219
0.5956765178744841
1.0192127210816548
0.5980176788965665
0.8759970093686487
0.4933854831434449
0.944257278653182
0.892338035721081
0.8247938348535524
0.6718398848083037
0.8099379091178657
0.643509609574843
0.927700024279117
1.104552026595924
0.9548444523601005
0.8490150562593433
1.0993348106545406
0.8894512507128115
0.7609513024715568
0.551082759704931
0.9833990141865088
0.6749608837528636
0.904853646588337
0.8606829317984496
0.8275752203583865
0.8615137285545577
0.9378737785734383
0.9279203178120701
0.807073680495158
0.5698923411924798
0.636922763737813
1.026389493871926
0.8320174310870383
0.7022686844486027
0.8765604942432325
0.7323707206827273
0.7325564386499821
0.8057460957085983
0.8363582421293683
1.059912394157603
0.9320448651920233
0.7299562173518278
0.6733365126091239
0.8844247940254273
0.7877069090140723
0.633566671413136
0.96985566144586
0.534721537540705
0.9477451431089879
0.8634351572018615
0.8493977716908085
0.9504241855048428
0.7840868433366069
0.6709947256694463
0.7848692117170837
0.9734717392387428
0.8696987597700261
0.859992275529455
1.0700004192557335
0.681784570425388
0.5776184421848012
1.125844583982888
1.2142469138653929
1.0065037226234175
1.0019371621541309
1.2644314910608152
0.6760832082256183
0.8054860656546686
0.9965296491171357
0.9269621577162525
0.706594064482632
0.9980083481631934
0.6467809932332446
1.1537846878217182
0.6699266608161325
0.7961728587650903
0.8194871012243847
0.8371605661176842
1.1576647651240093
0.8169931617977746
0.5862133385630948
0.6089651836564586
0.8769983403563602
0.6492670026078338
0.9643030086028626
0.9346386273530761
0.9886506932334334
0.7629432600303883
0.5464575226330639
0.7259653521507791
0.8708761892394038
0.8580021836229647
0.5889865908664877
0.875865479163219
0.7583202427673889
0.5651764453159757
0.7311982097310108
0.7667641633738868
1.204374862253113
0.7630201796092199
0.9596514592674399
0.9972281403994275
0.9355152468970291
0.9063616482066579
0.742686593080426
0.665476655313789
0.9851816553066709
0.9472098394745054
0.7438878393850568
0.8006956852600244
0.8197436161709801
0.694548581718025
0.44501482559523164
0.7855928901547814
0.8425419173989329
0.7218058236806902
1.0519894716228047
0.7794747183962181
0.7046188461158213
0.7932750367253101
0.9114506658976369
0.8987446311514331
0.6341807193408084
0.823924956677581
0.5932799602999024
0.9984639379553267
0.8835357295057412
0.8819355285702688
0.8243073809019273
1.041076209422156
0.8443056180144325
0.995509127734173
0.9464849687460147
1.0043593439477703
0.6818033479556027
0.9511385921211409
0.7160067178665281
1.0656372909610428
0.8185363386875255
0.5276630409490021
1.0051974567688244
0.7329312978930311
1.1008947599606345
0.71163263102808
0.8043930550151591
0.8840581532285392
0.5687040608109006
0.49230448943753674
0.6509992897160863
0.7669491519814244
0.808173276784236
0.8237199856871191
0.9970746871509781
0.6525195333539017
0.9704384266435115
0.841005694772017
0.6280936179703259
0.9982441385896691
0.8210501025328595
0.9063168196772866
0.9965921213987298
0.6773594597283749
0.8430715564370895
0.7915172662143998
0.9544258003272725
0.9092909983135553
0.6156235472592377
0.6779571500364913
0.7267364479051358
0.7395603482517328
0.9800665425386231
0.9886882444523132
1.0715497080610363
1.0678946628347206
1.0213378590510798
0.9868344671810113
0.8438854293249028
0.9378156952657853
0.7650929043957321
0.7195478823387024
0.8334495415877912
0.8275582181986132
0.7171095143189682
1.1068186098211363
0.9205393242722453
0.9014341106401639
0.9873358845438347
0.8236270803939711
0.6074198406509632
0.9414872920599235
0.9937018144853198
0.7530541238773149
0.9039653609513076
0.6134618014896962
1.2454137380121406
0.7872911268338255
0.7524786672004681
0.5864175921108453
0.782107043784091
0.5671627983092339
0.6782996293098585
0.7716084248462484
0.9337493796754047
0.8763912506946026
0.7463351062928021
1.0026473840825745
0.831624554866682
0.7556662931041485
1.0482593668636682
0.9057096065388532
1.0102222881288796
0.5350025788822981
1.0255800444140661
1.0167585636094882
0.47013561915526936
1.05448852825091
0.5995163924573504
0.7451631989428589
0.9128000623561927
0.6732055423565984
0.8979864605733738
1.0825617811616972
0.873410326553149
0.44387603174000884
0.7923074116414035
0.8187404782523209
0.6510215278234999
0.9330719157894555
0.9768879015636421
0.7906064740632486
0.850130413797346
0.9230114238945465
0.7298745156132522
0.8013721621539955
0.6444989478715459
0.7356635496775363
0.6375278103328095
1.0700688890738983
0.7764976408468155
0.8905307039256755
0.7798450672474424
0.7009358964986216
0.9070381418365268
0.9217531340184596
1.1160310061186327
0.5372650152182283
0.7798873774858026
1.1554798470301153
0.8519812081517676
1.0308883541079192
0.7093385257741188
0.9462308069647467
0.930139162954513
0.8071911837082401
0.7631967835772794
1.0233453134885688
0.9149187225203743
0.7540295164559911
0.937769228811839
0.8195052333530488
0.7248503860357601
1.1056875377090798
0.9239957452151722
0.9323915215610167
0.7592665994779508
0.575304288973953
0.9068265402692627
0.5083200709922772
0.8257413351627891
1.0986595561420862
0.8146101940170765
0.771471951736555
0.7495183408633039
0.7374048503276002
0.4993084042396631
0.7039459898357169
1.122115252479252
0.7440835786440688
0.9606665442568925
0.7691256288459448
0.5452027965841222
0.6237577360197666
0.9417239428091714
0.8044866366854458
0.8729474026779721
0.9497405913326638
0.6710541726493103
0.7877155097606534
0.7296678097994227
0.6454695949381914
0.7663765268785298
0.4696118757406559
1.0897495640241064
0.5866637904215017
0.9237470908281289
0.7394733469718238
0.8253606682139467
0.6861890810442
0.628166542072723
0.9486381276259839
0.7312145818558385
0.9534337216686355
1.277528360221551
1.0763623831508862
0.7854254750032923
0.9267816245981755
1.0364681513212077
0.9397432562335257
0.9426558233498781
0.7177583244880669
0.7475194521767353
1.0692262139876214
1.0797065376433106
0.8816169422719443
0.8942496509474043
0.9401192484440716
1.0082089843199535
0.876788972740121
0.7036367803354973
0.9696508809825388
0.7950036130441911
0.7412805626148364
1.1186640865721835
0.9189706912672051
0.5882731370811924
0.9400045356273433
0.672998105354887
0.8163037659365735
0.7694975587755439
0.8399254879710537
0.77623525272082
1.0907375388294307
0.6952367371691273
0.6348876668093156
1.0873898310977455
0.7203777698460598
0.7800769916858132
0.8834427436159298
0.9319930644667311
0.7342809793639314
0.8964385329934016
0.7846426360656534
1.0074719489105184
0.6568255200807442
0.6175594357095502
0.7634171852579387
0.640470445839346
0.649360170197292
0.9622429593563293
0.7989941516839425
0.8642757971780125
0.9880635654608716
0.7640401349365143
0.7040631903616014
1.0589880763318336
0.6860836110373423
0.6585769372871231
0.7272685829823855
0.9530174276339078
0.8731662816686028
0.9977981064038437
0.8525862435292181
0.5173075007334684
0.8496145444710158
0.8254056519574329
0.8342118929311306
0.8101418236872895
0.92548190215
0.7689186750516194
0.6848250911210034
0.7692497140651864
0.8873962328576608
0.8176915986279423
0.6899403750941915
0.6696020954211197
0.6432926981998096
0.8542427993334949
0.992237619151356
0.9114219300397852
0.8466467287365714
1.0056273247630085
0.9811414881963234
0.738657508990775
1.0210931189936532
0.708417974038259
0.7970888662685774
0.5797797083648839
1.0814449901012222
1.1996207179606238
0.9228789938956276
0.805956812997957
0.9138997629444247
0.8753360674598154
1.0299738626612653
0.7536568531498554
0.7488979271025065
1.0352472791793834
0.8654438127354052
0.6297546489446179
0.5383538129232002
1.113104505006165
0.6947617894839206
0.8062584462429214
1.1033763258391591
0.8203449512071187
0.8353901778527834
0.6047664568234459
1.109731543603543
0.8621994761262235
0.8177333450855464
1.1065313476476504
0.9785277891246353
0.7344892206399792
0.9220326435689242
1.228851009091731
0.9578815779458352
0.7990855956046002
1.1182894801754386
0.7411757709225474
0.7700964120302353
0.7870116548227148
0.7856063222247603
0.8058571400157178
0.6877153918338827
0.6758739848923015
1.1030128970278532
1.1478353802276096
0.8984977906586221
0.9032051192444314
0.9074791795246433
0.9308427267482539
0.6950847971726017
0.8218969901844057
0.9010388896217825
0.7397889790125132
1.0368427262834348
0.9212691454691124
0.9541877342051863
0.6661865550602677
0.9554777160494067
0.7379971176869675
0.7671693665151846
0.6957796269047645
1.1350656361224223
0.8533771226218848
0.7301262685180421
0.871093443858116
0.8898091744892571
1.1216898583470218
0.9857908399148405
0.8560116355012247
0.7478792409269884
0.7378467953945526
0.6939262667036068
1.162557984669694
0.9718530531030656
0.7550686699216813
1.173522561938153
0.9167837713474527
0.9808756530253512
0.8562524604849425
0.8931796304937318
0.7229689469388351
0.8924849309706401
0.5975404225504184
0.6549158818712825
0.8366142942059817
1.038970646843445
0.7321653162286315
0.5441030105070763
0.8877680067176041
0.8161147338018411
0.7883541014351202
0.7207384656396311
0.5737403539496505
0.7285329979044554
0.9918249740160084
1.0779890758586061
1.1839917027849418
0.7474945447415322
0.9185285682189446
0.7016271306911072
0.682835243662358
0.8902345382722795
0.790739831666433
0.822913143565166
0.8819474059636413
0.7714845682275806
1.1300940202292575
0.7618330410765078
1.0548169389131772
1.1782194203586436
0.6836486638381649
0.8688813156879898
1.1050331696412712
0.619201408651707
0.5881075608050897
0.6472672232690644
0.7510742533267101
0.9239417498608978
0.9963048734407416
1.006246106293728
1.0639468174849966
1.0108421650239972
0.5253190509745559
0.7395533765093363
0.9908855134786136
0.880285694516872
0.7615683252934251
0.7197327303555908
0.7730961600133459
0.5863187200106521
0.8944861002156329
0.9400402856981209
1.0069518210685966
0.8547381164243101
0.7290508657092251
0.4898305394012505
0.5647893855114212
0.8187392854242632
0.632553509265986
0.5258235772795175
0.6775346920534252
0.7950779799479577
0.9984021603392175
0.6268144705274286
0.5045542387042875
0.9688399619633691
0.7355198299554857
0.6483703842003473
0.822683657249912
0.8293213564492796
0.7064166911077755
0.8098224489083216
0.7305083424849477
0.9504371513425127
0.560797523541914
0.6772723836166777
0.9755288498246988
0.8414593832825448
0.7471349595030571
1.08673126366874
0.9610964885693023
0.6042495296817366
0.9185784077155512
0.6947659811426078
0.9360490426633371
0.5754786898130357
0.7434924900520998
0.9750296388995516
0.7643811179518561
1.1381797771500892
0.6318729810959829
0.8817232931007634
0.9138564069556492
0.4671373720066985
0.7513567550455552
0.7132263853653298
0.8403076173062787
0.8951977013874555
0.6837236837928234
0.8407996496166885
0.8817785191518068
1.0050344582238913
0.8317467305300136
1.305695711738075
0.6576989596468021
0.8957097579027193
0.6064992584201043
0.8121843289904901
1.032238853410048
1.013002977460238
0.6271139844429039
0.7455008262475786
0.713202852415873
1.0043961772954537
0.9292907207541558
0.760597725073714
0.8805364999242387
0.6621133414465517
0.8452819703119743
0.4857834869121509
0.8233385474991374
0.8417570005878432
0.688723860225704
0.8352281916541567
0.9202095793581865
1.1249459622522302
0.7943295074160615
1.1755459631314067
0.8047038257605863
1.079146192673916
1.0578600555246898
0.9721126636040691
1.3144144740316597
1.071058691525951
0.5929215270860173
0.9448226013231589
1.0984617210260172
0.7078099275112819
0.7633879455608262
0.848713242567379
0.8623434260926026
0.8511367717701869
0.7257959044174198
0.6901715094312715
0.2805260285602751
0.7736000424109288
0.8874963222551995
0.89900211060907
0.7813850655051447
0.9521785123483333
0.9843369728391929
0.9601769660586162
1.0278432939872553
0.8249425729177285
0.8120744345451347
0.8125499681517395
0.8552995552870459
0.9063155097433054
0.9748908202620308
1.0162896356228202
0.7859052105220594
0.830901626782252
0.7764676760309811
0.714374079702484
0.9929943248601447
0.8847681017631864
0.6907334714652478
0.6117269324529625
0.6879955244656261
0.5463814927574924
0.5794248503296047
0.6066276622265732
0.7738135210316055
0.8780842494493426
0.9036584828234726
0.6985899136487617
0.7326630443729689
0.5753133610833454
0.9401744289609186
0.8918952380332329
0.831152083493696
0.9519542909560922
0.8269224753526339
0.6306857684235895
0.9309734499002305
0.7447108210872095
0.8028759870531627
0.5042668129974189
0.849516150303755
0.7730334600136454
1.0090360662263684
0.9950529216615407
0.881533465972696
0.816732433743322
0.8408096983685756
0.9450823463667161
0.698606218475006
0.7089090993822633
0.8724064210807122
0.8877516347170336
0.9064581371623885
0.7929491171141232
0.7763450714378413
0.7957982575427969
0.680158726072169
0.8221032990181902
0.7274218815508027
1.2654153458242179
0.8583166176535978
0.8625769946664091
0.7877785691955327
0.9794835389091406
0.8093460191887838
0.8843010298384777
0.8821476702121028
0.878268326340039
0.7997304313328514
0.5513296380470574
0.9816970531504724
0.8753115045048824
0.8096674834203871
0.7632312886798776
0.9861437840743565
0.8132487647570186
0.7187496842362234
0.6649563894177729
0.899568574415654
1.142537666943038
0.7180587810570046
0.496153740178499
1.161284619683232
0.6593565690934404
0.8327503569128624
0.8082475579232918
0.7880380338234543
1.3047656449594771
0.8584351246281199
0.9175613506915724
0.746876696587209
0.8916989458972154
0.8095808599868942
0.8161151413756527
0.8919143218875177
0.3963300648478646
0.9958760184648937
1.0165380521032727
0.9031842076773556
1.1073965093601834
0.9818515084862469
0.944755535816338
0.751681309897567
1.1010357110904931
0.7191513202434081
0.6689125669627649
0.8276701237196576
0.9057107377758815
0.5809736188918608
0.7210995655649951
1.088574891943305
0.8022193356869121
0.9480370014436375
0.9412512759648943
1.1135016890088303
0.9413300452425106
0.680606108289149
0.7517514374020395
0.7112268223353162
0.8923642024421721
0.6924543377199944
1.2221109121945446
0.8401523744342733
0.5130478865967669
0.8488666950537621
0.41005236250093263
0.7218662763665205
0.9097557371555952
0.8116640830048523
0.7795663802424504
0.6743953758460499
0.592475515099463
0.7309670767390714
0.8523489149652228
0.7199003201276762
1.1764053080315608
1.0900575350889228
0.7880384248836516
0.832595904920698
0.9235871938040646
0.7644573525267733
0.821431379214612
0.7889062997326958
0.9143856487855678
0.8204353295430877
0.848528710898514
0.9495603678502726
1.1352873663600995
0.9546197006726382
0.8630900427114769
0.9088893325822754
1.1009514895352956
0.7907668108980387
0.9176536131835122
0.6743706965269844
0.9032361397482618
1.0296186617320593
0.8164889558566482
0.6958748619476207
1.0287653687901965
0.9393444227464193
0.923939696141897
1.0782049979262105
0.9586219295916668
1.1644688515872854
1.0133784978589648
0.910099660110157
0.8733818813887574
0.8051743084331916
1.109452120186235
0.8736207915954919
0.9234463357689228
0.9826964854674547
0.7478434872303907
0.6326449398848994
0.7002889925004626
0.5838823960907014
0.8421360313661652
0.799732928562799
0.995123316229084
0.8363338630964158
0.7349762023302576
1.0582573186223319
0.8313338161145225
0.9348306038493386
0.8580041974411954
0.8969731316653112
1.0213411174902567
0.853044276093522
0.9041577224942071
0.9062843841102922
0.6311775250295194
1.03508221181941
0.9595213080983191
0.5206093225341186
0.8658488647003258
0.7070615929014215
0.5946728822807009
0.6073306384648935
0.9013246469574566
0.9034703590155166
1.0592380639884167
1.2237716224420532
0.6458195401903293
0.841491405197126
0.6495396210546538
0.8388189089689435
0.5915279581300187
0.8790387758358984
0.9048149271535333
0.8612290600937117
0.7692897602249145
1.0164615711936205
0.8728758020275464
0.9315224380927545
1.231495169545333
0.8149923996072992
1.0084279605488387
0.9753632386184432
0.6469560834642166
0.8217882342164557
0.8291106374308815
0.8826437324989668
0.7886708297026667
0.7147134691895145
0.6952972575584945
0.4887430292049563
0.7754240017871916
0.8282888359525857
1.1177375247792996
0.71230387241061
1.012711278313688
0.8237218220977467
0.8315725157322549
1.1204496768034955
0.7056554021789831
0.49482968675271755
0.8562664504734424
0.7612529721428841
0.879941301983643
0.9399101218556529
0.7836950119272456
1.069885535610567
1.170447493824477
0.9293061255935644
0.8985116288522139
1.0067505416263631
0.779460891407327
1.0533100791812458
1.0444467824572534
1.1739922460177192
0.9077665977669576
0.7596248334073301
0.9542829038901774
0.9595992094538384
1.1838446589402638
0.8326498971575755
0.8418907874364873
0.9075969791281276
0.9161893112097608
0.8930837332514369
0.6778634429671024
0.9324434244376993
0.6719036668012232
0.9969101724812477
0.7742444062204681
0.49274331149955014
0.6240989635313714
0.49504107307193534
0.6819107060037962
1.0675236834356692
0.8261194314357504
1.1843495513736715
1.0677310350573241
0.974689164713696
0.7217812017181412
0.7757247725327285
0.7169111147894635
0.8630721891197011
0.9334361588883483
0.9144918936710413
0.5666996252388868
0.7591622212969885
0.9859811932569327
1.2353115913692518
1.1087011254153922
0.7982228245230837
0.8824876595986952
0.8059968199789408
0.929272002412227
0.768845350592925
0.9812216682948339
1.1051975468248285
0.7988755157131994
0.9124682422348245
0.6445231491993848
0.9094479743808528
0.6916623384797634
1.0135915494336647
1.1261670873869039
0.7459348021289047
0.955145932416608
0.7108126823003151
1.038634717439993
0.614413804363682
0.7954691429930175
0.8076819086404425
0.7431825947738306
0.942113682366487
0.6367175907115322
0.8385594043211851
0.9157560528108193
0.9790049248035803
0.7703179029297796
0.8278141616579421
0.3919271903909594
0.5704801927700229
0.7585884974205078
0.703542180399561
1.2088098492078416
0.8595126507552455
0.8580610778053913
1.016761349377922
1.1815069029811112
0.875871453401806
0.6523436983873854
0.8277898417548617
0.8097215539846188
0.9881550325672058
0.7736841158907628
0.8523643525995622
0.6398815730584396
0.8841431950279554
0.9574779782680007
0.7790241838446244
0.9718743683501676
0.6868520415150126
0.7608995171590838
0.6937300358886167
0.920371046556851
0.9497506722536004
0.928154721519587
0.5402864543461658
0.9174441318733574
0.4144607512027224
0.8002007335179676
0.5269339746790433
0.8214767532884836
0.868003307557521
0.8916313742900105
0.9241657696253623
0.6199708426976785
0.9994194307998526
0.619874669742781
1.0350450067171364
0.6733566129470954
0.44966073482306224
0.9299039847537656
0.6018652195971249
1.0938752153232287
0.8309288330729204
0.4637593613374452
0.7118288380837337
0.686001948786419
0.6398396046243164
0.8536178744952114
0.5549111351895151
1.2106967519455532
0.7952142231886069
0.6709197647398272
1.0119951265580132
0.870016997906932
0.8064069550094182
0.8337689366994946
0.8832055645553042
0.8292933153825958
0.9297767604185249
0.5747009636113152
0.7508684012473877
0.941675442032294
0.9699042169534512
0.8624533234787899
1.120536744385046
0.8922123806377432
0.9109003683726974
1.1994955297403416
0.7817703255110174
0.6794973380554661
0.9827061834243423
0.7554106048845185
0.9343162057561848
0.8563932044053798
0.7718082323518437
1.112489928973837
0.7320378798215028
1.0465634505272075
0.8387564638443913
0.7452183313208277
0.6860943711474614
0.789558384199619
0.795397226744068
0.8719849891735636
0.8137304758595176
0.7434251275584773
0.91763380489496
0.7797292982176752
0.7912322360730458
0.9768844760983826
1.0185768585308852
0.8290877936330519
0.492843664472522
1.1158998501371067
0.6330671319268782
1.2111486186702176
0.44903168932863385
0.809279312607725
0.6907704005765627
0.7699438844843146
0.6745576880078106
1.1809362704448265
0.7858004154040913
1.0683719129184952
0.6938536234487489
0.668906633547012
0.98008879776072
0.8407026869327752
0.9769701097256505
0.7319694921152538
1.0824929278921036
1.0995466308079116
0.6735378460547147
0.8214514122529901
0.8320618005090847
0.6451203855845633
0.865298743828071
0.9689257088471201
1.0270513907113163
0.8604082956792737
1.0766712996677892
0.9028373896548905
0.7490612419942249
1.0319796659110885
1.0632587354392693
0.918299891081228
0.9805801608305559
0.8657350939202587
0.5645428177459884
1.1227543297275147
0.9570180158670758
0.9297316745998796
0.8107031782168691
0.9236293968462355
0.809887036056213
0.8909040527406601
0.9318301499210243
0.8613216141655581
0.6140228683063819
0.9594083483762836
0.8871973755301878
0.9541158195264055
0.6518941532772967
0.3751230169256245
0.5395998505870582
0.8120766519645759
0.4872030840585381
0.9919352390295035
0.8613912736396117
0.7893125019496988
0.7161940767757048
0.9605425420756485
0.687622870018615
0.7426925608237213
0.4507579596952648
0.7463797812575255
0.7879359275839981
0.6282253165818759
0.9262583677008671
0.8568668389549702
0.8951397479626471
0.8996442139060834
0.9602131262214717
0.7652646319688071
1.0163412785982466
0.7941434623125867
0.8079988310788166
1.0353302348065028
1.0655036142944763
0.5681620517696726
0.7201770148834166
0.6045043891878833
0.6430555014180712
0.8357531631154433
0.6980236647436568
0.8880822027213784
0.7972104766350709
0.7837695391302403
1.0082600852284163
0.9788576924159125
0.7083893271974304
0.985417248900218
0.4394440547477469
0.9112536438943849
0.7210928543875093
0.6925953817748488
0.9562667405594514
0.7092196936576262
1.0891007499333603
1.0594848484532464
0.7425144302279787
0.5360895811604597
0.9256995592015976
0.40023952344505476
0.7863140095463995
0.8943564055735728
0.5456396319213856
0.7575920318744085
0.9428774826157007
1.0094140266363323
0.7622074445823774
0.7656680793235586
0.8304730836470869
0.7306811816354003
0.6629493883201016
0.8672165204206344
0.9615458252848499
0.9647192791741738
0.6790251097099242
0.7011588371265397
1.022286293608453
0.949488265514861
0.7984514262193917
0.6716566239575488
0.9928102101693284
0.8160932714373522
0.6098697511987743
0.6385732624651842
0.8664030951058117
0.8903958651902931
0.8484405569719847
0.42198152255858773
0.9525666986112833
1.0006480218909257
0.7454329788608627
0.9008530389691406
0.9613584621053244
0.6908148434405859
0.6140965441331465
0.7044085162907688
0.5948311642191352
0.8095411486455273
0.7384428443695021
0.7112541373296992
1.0207066064277657
0.5728962073995753
0.752693591709522
0.6909997316329592
0.8529721684135176
0.8414686474859518
0.9646216038592386
0.5237310511734793
0.6178644591960243
0.9699426150303685
0.9987451582671317
0.8853886156881625
0.8368118801929275
0.7522814410375493
0.7579216151677804
1.0215503480816002
0.7907223072595164
0.7392714215613491
0.9179145058389333
0.9084069526754326
1.1555165101623364
0.666533635318227
0.6507005115862434
0.783085199089012
0.7143655919298324
0.8936215391124852
0.834760409480019
0.8038879916118566
0.9317636377341075
0.822947543840489
0.7229166410808733
0.8078231927756027
0.6610849298634784
0.7635601628248743
0.5126259400648512
0.8602732447978091
0.9402441424395772
0.7457315734171809
0.9867735704926729
0.5374731033861372
0.7914199196047746
0.95669009258906
0.9592124770011603
1.0009677023287369
0.7474116062751042
0.8933116214826476
0.7842365400900382
0.9816617737229507
0.7642898558316173
0.9520888642307902
0.7521135117261529
0.8067495522839415
0.6382926074090747
0.9750190460628868
1.0033422733414032
0.5862140433496518
0.8603271430759291
0.8613536684961877
0.719751999285998
0.6872411344802045
0.7770383630784499
0.8984510877367935
0.9471535873517808
1.1197907001004586
1.1597641845321975
0.6314920397007273
0.7387423280342309
0.5950190306016785
0.9882518446845787
0.863989605169866
1.0160545406801949
1.0980181218628697
0.9116255070352841
0.7234325535866433
0.6943749683655329
1.0818651201553804
0.778964718442457
0.7341570935799091
0.9182680049949263
0.6854943215799729
0.7692080460218851
1.002939932850718
1.158771789531174
1.0107975759077779
0.6715747309876889
0.541804271546942
0.8083683374734715
0.7370842276791971
1.0460635363389021
0.808458205664486
1.0348370902354702
0.5713666703074116
0.8064253870204664
0.5574945811786931
0.7952925226221522
0.6542746488356355
0.4671096987843327
0.594291572196769
0.6917940736360564
0.7916539019468646
0.8918714354321748
0.9598592109026702
0.7078967048344157
0.601758618703757
0.9959642425834603
0.8829875927042603
0.8799150529201575
0.7248336227218837
0.8102999139494267
0.7647440974051958
1.1199837463106084
0.7001405510298389
0.9674115147276798
0.7057017909930028
0.597369104074483
0.9990241744330483
0.8677871868967425
0.6967103486200164
1.0272365960788037
0.8533020513549301
0.9666972580590684
0.7112457399758529
0.8056004135958668
0.8409788167589102
0.8557128022946502
0.8963053028592519
0.6935059579958642
0.6078220348672521
1.0318382296268969
0.7775587243009069
1.110069016041316
0.9852020565127755
0.9422090221675948
0.8790189903596629
0.6816803947039825
0.43500626132737485
0.9846950870818793
0.8458580684947367
0.6308259282727368
0.8621449550983245
0.7931790838476811
0.8120567692592414
0.861621329360302
0.8302260170204528
0.906473035746725
1.1072812388531834
1.0367353414291025
0.76333159612632
0.7376529327389706
0.788714583829505
0.9561482319461493
1.0034624152068656
0.7407339735552373
0.8931558464289852
0.731983243727753
0.610764575907898
0.4638512927012353
0.9972955165465919
0.8509724782049888
0.5293633320093976
0.9114944785626207
0.7971161310529215
0.8269540668768456
0.6048614089174473
0.9171491342190256
0.7881439249421739
0.7069169910527558
0.7443442287845327
0.9008588235936433
1.0340425959191812
0.8499818403450135
0.849912626567702
0.88752263784094
1.084176233574987
0.5602002183817893
0.9139824501833084
0.9487639730888551
1.1420487380326132
0.9394566583869265
0.8260398466842157
0.9083639136154938
1.121500054848195
1.1385890807234567
0.6980866746205472
0.7755730047277546
0.888992086408305
0.7030945413246976
0.7113937727226527
1.1169938042296133
1.0631142472138
0.8374574022277401
0.8812995153059532
0.9688178397058701
0.8034255266804227
0.8003045978585075
1.0955885062449653
0.6846064354761762
0.7360845073943434
0.43782505620615075
0.8728143840140438
0.6957563627152368
0.9797409491076344
0.7868462129917166
0.7886630641541809
0.8903192483796621
0.9035909187147753
0.9967590638868911
0.7319873152988741
0.9693793508677131
0.781507529947992
0.669003037522887
0.8507526452384032
0.8103022088118981
0.754344889096763
0.8097797134223603
0.7177040173092768
0.9055577867656504
0.859476624776452
1.2090569668623221
0.6830596226286618
1.0650478011653775
0.9090013458723893
0.5672487052029449
0.8209873786545967
0.9438682390140333
0.7005539601070835
1.0077693940343997
0.7011606758642254
1.1970021583352444
0.7616260126842014
0.9629188482198603
0.9688368756781106
0.866960913101898
0.5935859658268656
0.8166728585587157
1.057186396958945
1.003702484680074
0.9836192308060038
1.0102979601510216
0.8799784501711405
0.6275071703414802
0.7615636433277718
0.8536894244081258
0.7051142610085215
0.7222583244203886
0.8494160161022855
0.9355674089803052
0.5143037485001006
0.7242677310670967
0.8352036128460266
0.821537421977102
0.7928719312436553
0.8012245578081894
0.9646814133935817
0.6382214995663669
0.7002279400889988
1.0267558067216451
0.7689868558302632
0.906352968347531
0.8547344903267057
0.9132237496106974
0.9235930785346054
0.8287691305405622
0.6445496483605129
1.0141110756037746
0.7560182243189089
0.809585918627543
0.8560192720638319
0.6372412783548116
0.7764929447253132
1.019564954251425
0.6175872603991365
0.8558433360819955
1.1290153747505491
0.778585385674922
0.9600598699645023
0.9639996730243771
0.867603682335661
1.038103557961273
0.8687505459768398
0.6060844897195365
0.6653663035876713
0.9175804627072697
0.5630186957455874
0.6639872172386141
0.5763854300061549
0.40288862294582145
0.6739949021039193
0.9732278200596202
0.8416380819403363
0.6118948516007803
0.8985418734413464
0.8230520003391602
0.8770263919963008
0.7134046811014543
1.0705715296288183
0.8224152744221792
0.8134436345726272
0.8760500400877074
0.5484739425945762
0.7675262645022992
0.8716406238607541
0.8326924232703797
0.9584506013563401
0.7848495559014396
0.9095614426611616
0.671272616770748
