0.9140723832308779
0.836367295529345
0.8245300120941284
1.012165057457346
0.5670839480977901
0.96189323751451
1.1420136285120381
0.7679996239849695
0.8936131773557979
0.6467837850972683
1.002320469940279
0.9032633866689789
1.0518359396796977
0.6950217152532261
0.8900440432367716
0.7255140276497184
0.9846991934070081
0.8440844016595223
0.6790558578059782
1.091125610034286
1.1211542257235778
1.07438565490055
0.9974071263138904
0.8783973374702705
0.713051948981913
0.8217310716975825
0.7341755043792546
0.999666489284788
0.5418869149460179
0.953426747927021
0.6972587028251931
0.8315700698663296
1.021930478954524
1.2002731331282614
0.7466479607532424
0.9186286941924778
0.8498764322331819
1.0319358021572902
1.0892794911673738
1.2761755209955385
0.5724203826687667
0.6248053090709978
0.8953438706484204
0.8666943953308037
0.6974801918612149
0.7827488166082052
0.8054075279130222
0.8759924138335832
1.0331890100598105
1.163288380716312
0.26609272279658647
0.5128657734667383
1.2420112165189103
1.016938445191181
0.9753505499261919
0.8239796988495525
0.981980906573684
1.1696332862897905
0.6708749188167189
0.6572656724720684
0.8192355266839565
1.0150217688508227
0.7306313539673147
0.7310268057164309
0.8272303779260246
0.8797051192816037
0.9220877435839357
1.0490209178209917
0.74448694084079
0.855738492815537
0.8173357030164052
1.1236756969444301
0.7082483416590076
0.86091298801373
0.666850520983422
0.8099428857407328
1.0138333447940266
0.9244388035181567
1.1723844912606767
0.9091816735965532
0.9414763157370589
0.7445402109989334
0.8262542855003847
0.7460858697142081
0.7458012890890428
0.9113529870964087
0.7032306808946466
1.0296332711909026
0.5809207056289878
0.8769036089983697
0.8341718441115965
1.009979290089243
0.5964213480188908
0.8525827648471297
0.9464706491340378
0.6390031332678123
0.561092441217356
0.9010237495848928
1.0947303110332343
0.9010460396056909
0.7515970667312813
0.8343619864834495
1.0062959900174642
1.0066844431337723
0.673857185522453
1.039684144529642
0.9844458693662855
0.7037914496550748
0.7824756412633935
0.7261637180705945
0.8398325882852298
0.681898837189868
0.9114535192936883
0.751541722777952
0.7696822989537472
0.9276864536887522
0.5581502593450156
0.6772674141938217
0.84849056471345
0.8314289617566116
0.9017051715677046
0.8760707636698156
0.7208204490189307
1.1741600535217942
0.8558446977004925
0.8340267402146972
0.7172683915071082
0.8996898292359848
0.7689926451159873
1.2106026256398756
0.8072070037182909
1.0728466493361415
0.8067981697853559
0.6375229142562527
1.0383281483396722
0.742515470226107
1.236582258173609
0.8683060505272914
0.8011964835674185
0.8781709201775758
0.6826967123090097
0.52677124489656
0.7798129670594935
0.9239340133745149
0.5673863921110627
0.7802519975438538
0.7387441975630749
0.9698882639883568
0.8680580539718791
1.2494279145312839
0.7924829657444861
1.1443995227864143
0.7461854041658027
1.2182519533142364
1.0526318712033074
0.9345641227576654
1.378875140282877
1.2282970663494315
0.7864396833066035
0.8728619868048749
1.2173255368065519
1.015699940418964
0.9067573797686377
0.8518829157379535
0.5924384016316673
0.7684597603960668
1.1257439801009825
0.6330216748697168
0.8774235106405222
0.5211572785736196
0.7688792263184345
0.6884565823762792
1.1294860236926203
1.2086420322827094
0.6201566915138444
0.8193994886948331
1.2168618873162096
1.03666041409553
0.8180109020737747
1.0876553042291206
0.8212553332488493
0.7081671441016945
0.8723283708080711
0.994633535404711
0.7389731452823806
0.7216583396056859
1.0527114608439194
0.8357334746136189
0.9203043881109363
0.6103176190982362
1.0512785415860113
0.7037665115663905
1.0288163853996033
0.8331464806474966
1.1070183832468548
0.8927473192234588
0.9360760313209817
0.7823852336884793
1.0243891043191886
0.7990714926333812
0.6029721034066692
0.9818374808617626
1.0669133639661317
0.9861886727075492
0.9740421065339385
1.098751065295426
1.0968324112467536
0.7024930773745875
0.7709291037049919
0.7825173856210766
0.7959286982486974
0.7307175859481546
0.8656387702476119
0.7511175404130288
1.0277138046362109
1.1268924609134308
0.8567701380891444
0.8462654534126098
0.7424606546166836
0.6423379118921639
0.3413586289854358
0.6689021145678383
0.7847610561134515
0.7782379201712698
0.964290546952066
0.6578100305024757
0.8217764080697362
0.9013634362414806
0.9169777035144748
0.8298887826265086
1.0779764414521478
0.8935603880573729
0.6868012692714257
0.95659222706888
0.8121007675631005
0.6726683638304848
0.8548279201509825
0.7750771677404329
1.0727961707203901
0.8041880926599011
0.8615719789103111
0.7074021075189214
0.9872509645889623
0.6967647810347602
0.9238598180577396
0.9966316183476498
0.9007983431308827
0.6569288387077764
1.0164076451277673
0.9973499813185406
0.7023217027350159
0.941307118443719
0.6688911479023876
0.8138298788548347
0.840294868095528
0.8660751207413233
0.7531558510300693
0.6620289477129161
0.8637322982237872
0.8796655492709748
0.92979365627113
0.7654724800109546
0.6796352237699758
0.8926925939196106
0.9067681678967733
0.69270518643957
1.3342507988798291
0.928613870032041
0.647044760557618
0.6168594307222572
0.838763169733037
0.9774791748826008
0.7912265253839211
0.6843963111834297
0.7150557793842535
0.843393478056794
0.7927575034694374
1.1428520623602427
1.0646554898076408
0.9469454850653978
0.8418028562660614
0.7067157695965303
0.8182923403988106
0.8699066953718503
0.9017694568167651
0.7680918428842889
0.7686777003004392
0.7753756269186841
1.1351874301068168
0.878723371569976
1.1186084375292213
0.7278161542409197
0.5791017212663501
1.1124622262405177
0.5397284311224664
0.865794298856019
0.8063638121975046
0.7804039291030197
0.6698119159380342
0.8693721655800181
0.7601247182683863
1.0048383483230192
0.7552588505355108
1.0517264736511072
0.7035940427848509
0.6186464788286283
0.5498244923623007
0.6082235415884214
0.5797847028607074
1.0328402378542068
0.8396425933291841
1.0087700988256048
1.042780676022093
0.7801599718694734
0.6879096117305958
1.3499409462356289
0.5525473258364408
0.9988747809698646
0.8945321918015239
0.9013179449373669
0.6522175421436998
0.7836816019113484
0.8754138013542885
0.9375850297695794
0.5976609528201623
1.012837782873819
0.8083530660377539
0.5873910336268235
0.7403012879961337
0.644343364863573
0.8871905587232989
0.9508461451193861
0.6884629644746675
0.718205161750918
0.834872321404852
0.8077232476771894
0.6055548371844207
0.8259410002714946
0.9574996105254612
1.0988962971789455
0.8355514600213418
1.216501649049834
0.5409409662763625
0.6586699033908905
0.7092295323754441
0.8434224507167857
0.520327002934307
1.0547573178972998
1.0402028269990238
0.8268087511169109
0.6761490619819623
1.0100879561332765
0.8941889914352881
0.6393870297183903
0.661677509257083
0.9307562667322323
0.6067386584207667
0.7581655381470429
0.7784803058409868
0.6374546891510888
0.6347375971816209
1.2612476342455257
0.7898849429696175
0.8068084510729256
1.0031560760745188
0.7319504195896134
0.8447875701311749
0.9193290336075386
1.2166556356785854
1.0067386637266968
0.7343567875271335
0.8695769151432003
0.7147940570907274
0.825712741693395
0.5836317650339264
0.9212063721785623
0.9573589702764645
0.7294932354382725
0.8304436325445856
0.9737174021525055
0.571598463475252
0.7233352941935449
0.6796042207762323
0.6421979475461392
0.8513844502100522
0.6931349695483807
0.8861825633976946
0.7743052381120116
0.8748300053143506
0.8902876019963861
0.47325613411644435
0.8654547167276155
0.6328400923125377
1.0398375454616058
0.9901541816976163
0.9810121861387782
0.9531508520348947
1.1766502733241455
0.642465966327832
0.5919478315922317
0.9239799981319429
0.9155561739080478
0.8864037987462957
0.7386154171695581
1.0030381907404902
1.0133694010906085
0.8242416536783262
0.9171611194922564
1.0092640748972905
0.5893810656781449
0.6693412017622569
0.6148483394966375
0.7836046220309492
0.7554409773843929
0.38993920440497254
1.147409021107615
0.9152489610369915
0.6217133534669699
1.031587377872793
0.9035359612104347
1.0220863810681362
0.8107244023459562
1.0401311870736074
0.6844462116385641
0.7250814918068438
0.8469641026864568
1.0318456095667001
0.9920357265663331
0.9461228517466393
0.8252501277612511
0.8780081303058832
0.6398086708327665
0.6313953628693274
1.022446527266379
0.7454643689376541
0.6845471100514522
0.8697906162145569
0.9435174608857051
0.9454894209527652
0.901998970884409
0.8646948283808048
0.661501438679154
1.0636007696155987
1.0510989808847588
0.996010871964917
1.0538045058094438
0.6274013121792301
1.1387194195908508
0.9917286047102902
0.47665503520276614
0.7860105941509368
0.9388584341061217
0.7991044847450514
0.8811261265376529
0.624629016210426
1.0425334474837455
0.6517912737947774
0.8502901930663935
0.9524661826827373
0.658387812779444
0.852308349019669
0.7366251122325924
0.701926848086184
1.0029451667836442
0.825325652987136
0.8406158761738942
0.8913845681170162
0.9574641899620482
1.0863343870947908
0.78779285842365
0.5236996531431772
0.9208770724035437
1.161475076271332
0.4750844749956401
1.0617951132379062
0.9433438405742927
0.8411377611043062
0.8344949809904055
1.0614141841854114
0.9860402107508229
1.0764943002867813
0.8205411537393994
0.9771708005138953
0.6944906307577304
0.8901081554923281
0.8284041190578991
0.9235054698837843
0.8707033982642449
0.9316208693779513
0.7573074880282724
1.0045112349856913
0.8225874275672231
0.5903717976893155
0.8491363752624949
0.7417271590137109
0.9676225154355915
1.2085405564547607
0.9421392411458723
0.5587646894402597
0.9210763027551464
0.7090320926236142
0.8014360750548681
0.7402828836704463
0.8851179094179435
0.7770409185199461
0.9047430213126281
0.7979812381821016
0.6855919201303717
0.728935091259571
0.6087195467936065
0.90206758010859
0.9790839344921232
0.7805105335894097
0.4863606471163881
0.9434397756019091
0.968062068335968
1.057858311237129
0.9325071351099534
0.7962176427713136
0.7674231885883221
0.8616450586496062
1.1143096672949357
0.6988255138028686
0.731734829078582
1.1143229222790398
0.9939424422041361
1.0128442625142802
0.8323539598707094
1.1995684984324084
0.7647218064106284
1.0812180535426548
0.9836147346957881
0.9062286949181582
1.0140032469107463
1.2217307460770592
1.015587316019619
0.6283856827986953
0.7221932659163977
1.0791029138391035
0.9358972330360931
0.8417067182994503
0.7007301616345625
0.8297526365857176
0.6248387282951979
0.6418214726627014
1.0437821873843522
0.9699648069233099
1.232128336777965
0.8173473161179928
0.627069185391834
0.8813592800704411
0.9574079948409956
0.6398627697638485
0.9258588668634649
1.002206624013191
0.8655069047980966
0.6858667550923302
0.7529291090091841
0.7820000703931338
0.7925334854408852
1.0781541786420685
0.9378591411689876
1.1351506399315883
0.8370375028277708
0.9119866974474106
1.085006251494754
0.7203375522629212
0.9146649149455118
0.8302578495171667
0.9809377274753577
0.48846426735369214
0.5873873632940141
0.9393230556841701
0.9185453244059689
1.1851741034848071
0.6433303210884616
0.47901842208706097
1.0270966366332073
0.990332896543923
0.8787317926051287
0.6969095125071841
1.0715768748370262
0.5234922531695287
0.9776353290319272
0.505669848344398
1.2908863010161271
1.0336656677597227
0.7833041930692223
0.9701214256466499
0.8528954894513457
0.8039957872722955
1.0761577709318844
0.7835358140234489
0.96729810267208
0.8497386253560469
0.9974973427367884
0.7766263993119353
0.7566583940205822
0.8344862955719777
0.9780528045554024
0.7976765493988115
0.9573844609500258
0.840969705945557
0.7127646592496133
0.726477972507181
0.7243235384780453
0.8987770780632299
0.7344023062492958
0.9299477342421456
0.8526247157158495
1.0446012261544526
0.8255681090869668
0.5990592431449598
0.6835758974088831
0.6457232774915144
0.8596383144622232
0.987396259662519
0.9401392714472246
0.7569197639277739
0.812744210881383
0.8453617097158233
1.1297470190098693
0.5973829461219625
1.0418400399091616
0.7755824168574517
0.9352111453165719
0.6277543779003321
0.848749695174602
0.8531762611996555
0.8448338833636844
0.8771005542610011
0.6287661448747356
1.0321917196718824
1.023791347827963
0.5217423709440275
0.7842341299007886
0.650577120019449
0.7828539461395254
0.9216908798700837
0.867886792446188
0.6436458696726177
0.6111994791984969
0.8317979857977839
0.9114923200085547
0.7456064431207878
0.6624651920902784
0.8944971613178905
0.9033637120855872
0.8847842571218554
0.9248482700770765
0.7129048478797548
1.01867568403737
0.8128739891145095
0.8196598341743822
0.808213500884042
0.8781984436090522
1.164990733211332
1.021429468210135
0.7368581334869106
1.087126864817289
0.5172257749456486
0.6676860094953876
0.9115130288671102
0.5262146068177405
0.3824845504024229
0.7275621847194474
0.8424243540725509
0.7486918621301997
0.6543643279176062
0.7963876860388243
0.9077348292284154
0.8978497263850634
0.860497275235457
0.825068860955536
0.8440254969135736
0.9449581529530526
0.711946015596485
0.6189551176246402
0.8111364357599362
0.8029014962286096
0.6783381471231296
0.632548704248863
0.6661900878128237
0.7512924586668479
0.9510754677690806
1.2292924257799474
0.7538864880601266
0.9411590060902746
0.7187711559234095
0.6150186007578101
0.9487315109331181
0.677787611468918
0.8764751227726338
0.6947983453841444
1.1857960638925262
0.818395100759175
0.5088999662429357
1.046720351993602
0.5563331735349313
0.5772117175979541
0.40492579071992013
0.6429734094322255
1.0522129545246115
0.9024577767449512
0.6578825989575923
0.6279968866385264
0.8699445610372242
0.7672378456942116
0.7524565790344052
0.713148904364617
0.9070617524276499
0.8385274513795259
0.8076119545758942
0.824248169028149
0.9920104480096044
0.7981564401039508
0.7661051406366389
0.848373510587751
0.5628756331453586
0.8054934954949633
0.9647140018439341
0.803991254217134
0.7757577902112234
0.9773595959525283
0.6093686729044815
0.859000773689196
0.8427273688695074
1.006200929775571
1.1032879252780083
1.1157921151791872
0.9880117028803196
0.9136332530044806
0.8317663887584504
0.9296774104263285
0.7682812473967693
0.7165785427822324
0.837979441755412
0.7920945186957004
0.9318350629611706
0.7017060457112043
0.8760578858006636
0.6649550214328591
0.6813411840303483
0.8119280631871686
0.8714833511189914
0.9689209691320093
0.9333608152280743
0.7166084852898326
0.9362174409619533
0.6791657554020061
0.9552430023701985
0.7821525157551409
0.8561726312406724
0.6724785025168738
0.709249225381113
0.5765682790255218
0.7331743512278704
0.8658513353367134
0.9526862660864228
0.9893866770367685
1.1113558751168515
1.0462167731573002
0.9220709938553657
0.7408360054827814
0.804980430185372
0.943456700825205
0.7337750480196998
0.8942545260854948
1.042325414544849
0.676804211515773
0.9503687137450685
0.9419359737238514
0.8195114178542077
0.6375054686513616
0.7415442901471744
0.5603520269444875
0.9074878521523925
0.7350316665664349
0.8600621015353483
0.7979266278967154
1.0338891074435546
0.630745323936539
1.089312522487921
1.2311400392919025
0.5363739088434927
1.001057574219702
1.2035149070665048
1.1054389061328835
0.6636838969871801
0.830129824642728
0.7201793968550705
0.8158355129905107
0.9009806913378364
0.8423449050523865
0.7901965362309895
0.886230869358064
0.6211966996854668
0.7693187558882671
1.0269181270653502
0.6939706667555949
0.8166701397688599
0.8879941927663819
0.9343414734350421
0.4733082939107107
0.744328844518275
0.9120182459833358
0.7200702743102466
0.4764462394752778
1.0155652238177808
0.9567105226329577
0.9552984426445459
0.8678885441003097
0.7687021649080111
0.9488809029587278
1.135175996687456
0.6519962009601035
0.6936302797694103
0.6798173481703972
0.9817385198574684
0.9589449783336488
0.8100718339594031
0.5369365387227917
0.8371860798120455
0.8252868748732777
0.7179599038402478
0.8695412431466801
0.8208152745015664
0.5973311155788067
0.7293967054048224
0.9916829349093712
0.814026637429851
0.7926231071628623
0.8765729102271227
0.9889952145488924
0.7560475420567648
0.9845837663629833
0.7921829440016068
0.8591383551656305
0.6357194406090013
0.42338473009534994
0.52314093393467
0.842917736694509
0.5658868036965878
0.6281639907577167
0.6224209921484534
0.5362492053144996
0.8205845178353063
0.7848812277418326
1.2039744646856332
0.8155690219310929
1.0639375208481987
0.7113999146053184
0.8117968067281913
0.8052671184034654
0.7141543357746191
0.7974514363449025
0.9170772576182578
0.841286797373469
1.1182253787126621
1.1495774136779193
0.7158196697753461
0.8453013510349914
0.7493082267337909
1.0185504978480422
0.7699793633333266
0.8727619414684266
0.8475315780063396
0.67439156332737
1.0736535164803092
0.7023041087918005
1.1399412193585405
0.637680166497973
0.6245734695856731
1.080222940157793
0.9743258634069646
0.6330416565582664
0.9525306395441202
0.6733308938275868
0.7508033365006813
0.6868561701210923
0.9411177723808436
0.6349970391078369
1.0579374565580386
0.856627297369743
0.5484089414926875
0.7459625385985067
0.7004535310820337
1.030605442024219
0.7739904636990472
0.8137219783451629
0.7118995672238462
0.7162700139267998
0.7010782523050676
0.6921361005589126
1.0741904484361449
0.6535614390879899
0.6553729001246507
0.6094809726400409
1.0032640053068174
0.8888154958059339
1.1346869356853762
0.8788008905449409
0.7398253690918828
0.9239524761337949
0.8867053165985493
0.8600512795737895
0.707093314784335
0.9720045500541405
0.9133619629446907
0.6246574195476353
0.910490576599953
0.9649209052036769
0.7147879487373106
0.8236942609022907
0.9593184945545862
0.674526667762726
0.6018566871721358
0.8376066330355145
0.8191356295883103
1.2556573486345595
0.7521418992908521
0.9121323235677957
0.6388437290322614
0.8070578091944948
1.0288037061976087
1.0518696673176045
0.8874040151805194
0.913373420270761
0.982754067059334
1.1646468114179014
0.8703807484033994
1.033026562387448
0.6746466995195515
0.7778253550884934
0.8956535606618482
0.636044450757901
1.0553053618886452
0.6788306851093229
0.8580057804085193
1.0752148572347313
0.9459028128063657
0.8917724813046851
0.8893835812470023
0.8149962448681412
0.7788762904805326
1.0580163985152333
0.8627723630930159
1.0042529956416708
0.5972511620108235
0.7624911054262433
0.9361888483553453
1.0222476347726053
0.992027856486569
1.041052246464596
0.8826199336186609
0.8665063985722592
0.9465487669430527
1.1127012373436758
1.1727554493738994
1.1050663930354883
0.9146031651282035
1.0733987122066908
0.9926309888350094
1.0633448081471113
1.0585889455544175
0.8253381726661615
0.7323839791875959
0.8964145096800449
0.9711829660578585
0.6001550128714429
1.1950015683466755
1.024291706098414
0.8489857765346537
0.5390379168451904
0.8167646694580706
0.9052054774418112
0.7355329463435504
0.725890565871735
1.0593376633223295
0.5768487388267922
0.9056989303429673
1.1049283248327542
0.6358040491409948
0.45650372824270663
0.5984470073873613
0.5220134097903187
1.1571184026653163
0.9450785485049459
0.8331047497612939
0.7668665744392884
0.743217707590889
0.9049590893699101
0.8747632275441961
0.9334014766762228
0.8154447577622879
0.7120035300708605
0.5752059975360757
0.7046488983528449
0.9228144869190105
0.7627203891995018
0.5960404152281733
0.8345890397611193
0.9298636461097527
0.7957082065989505
0.7612302159602151
0.7379434158667615
1.0529777203509953
0.9520031158681517
0.8945270739551483
1.0052657489287529
1.004022566057239
0.966095545316891
0.8247534218126641
0.8308221784774938
0.7912436208626851
0.8277817686074178
0.7913471420721238
0.7997911304154645
0.6536742069072119
0.9673393423970129
1.1275751455456102
0.744182383153208
0.8018856078689718
0.9281255698604896
1.0528603476702132
0.8121697089364354
0.7869419193284936
1.0933814670280606
0.9152405711056246
0.9027874019663771
0.7891476421454672
0.959821517083495
0.9977095149035871
0.8990282519654957
1.0241989275982866
0.6840598370251743
0.8644480131934604
0.624188821021902
0.761165881053189
0.8453506406911359
1.0526411640757947
0.9636595766270553
1.0741550250166303
0.6952435144535639
0.9904462415623668
0.6624661662315243
0.5914987001608183
0.6999677001790764
1.0817228463709987
0.7954302304820725
0.8224076122982696
0.9140330381661043
1.1400573836241201
0.8237565299894053
1.167803492340096
0.9455170861320417
0.6742004161959397
0.8981750954833208
0.5263324794786509
0.9622105676085582
0.58902369264042
1.1784591333185765
0.9943039666846792
1.1864107823931027
0.732313568316038
1.2449194196820856
0.6547699759271114
0.8765766016276427
1.1044253357904459
0.6486647912092756
0.5004540181692074
0.6561917338174434
0.932521074461657
1.138244357893062
0.7363438332765441
0.7943386940003817
0.6464109327965378
0.9306744035773067
1.1934405531470471
0.7989809946287818
0.9454494712290422
0.9910190830549126
0.9255547284489076
1.177027006352112
1.040179412473056
1.026819717434777
1.0213196973818537
0.8081853318335986
0.53099162591689
0.6061640079907757
0.660476714374638
0.7293989815039139
0.8284204635795682
0.9463685345658401
0.8602979719701928
0.8366834622232514
0.9001426386815592
0.8831928932172859
0.9015983752760618
1.0187408123855934
0.8692851497891546
0.7445117638897092
0.7602178513260205
0.8494402690576396
1.017027756448707
0.7882930570200671
0.6464173350848335
0.9345394773742741
0.7819127386050363
0.7582286225231614
1.0995536789522755
0.7276927951265721
1.0046619393008642
0.8071899460303894
0.670648551454732
1.0627546965628822
0.9347052632272623
0.6395301924835158
0.7362648086966381
0.9452305648632077
0.8421575368669214
1.0207185971743105
0.8705850797885042
0.5415657697278654
0.9563571274152383
0.6374832549574558
0.5512277764486964
0.84830679878646
0.7319658471644811
0.7094402499967186
0.6870414942272353
0.6420163821583309
0.7067747247495565
0.9614925205632492
0.861941305267144
0.8425566574631862
0.990890230112729
0.49395793544582595
0.857162691079484
1.1363978232073624
1.0163770782829304
1.0696764505451004
0.6726607712996888
0.8975079033952439
1.0912803836575005
0.6428379416935193
0.7613333553108587
0.7090822550874213
0.9906182250383209
0.9502867650003096
0.6163166992178057
0.6337884155154373
0.9426560782628068
1.0975428815091224
1.1692897145143557
0.8497215613029906
0.9348594182379859
0.7838899809891499
0.9776010406380846
0.7971459632277715
1.0758514002538166
0.8061963392317948
1.008205186485722
0.932034483639478
0.804485644950644
0.6876240565313876
1.0011574511923835
0.8984986044098733
0.8061422793837077
1.0900903079859943
0.6796380525703394
0.7911911616272673
1.0096033750194666
0.5185358231889614
0.6945278680810532
0.8881805991601501
0.7173339415474402
0.7142997907154953
1.1066437951630463
0.9237190972453992
0.5419837929018068
0.9292505598415021
0.8959194276469742
1.0058453462707906
0.9337246663194182
0.4442163268686069
0.4389526415742416
0.826163325002892
0.9959397680642632
1.0128566436200035
0.9659123020413479
0.8454508280258168
0.8547883945245631
1.0725400525364883
0.8297944219023359
0.8245438099284359
0.8292486783075481
0.5817073808592905
0.7708847334576878
0.8707299528285294
0.9588573557195271
0.7350957396766065
0.7835992026830159
0.8443720932442618
0.6978329418208304
0.9504219812803871
0.8296332222766207
0.9372982741588944
1.0101299537095738
0.9514245092209737
0.7660012530528756
0.887969509812091
1.038614968885089
0.7847846946759627
0.8737738513049482
0.7523559344654441
1.0341254532496653
0.8909655042214526
1.0241430867576315
0.7568653192747636
1.0496004582293281
0.8539076519142585
0.9656732799502356
0.7633380566273908
0.8375069288367245
0.9124882907783302
0.8333266827283728
0.9377265026156376
0.5098088434784713
1.153506492937043
0.803868406425892
1.0024319964622879
0.900858455277313
0.9693623056632547
0.9635920207264759
0.6152644222380925
0.7665908876975762
1.0356042063474424
0.7856168279515048
1.0854047048511701
0.8211743470589531
0.6994181512607867
0.7466948358187184
0.6626487550574152
0.5917482004487451
0.8187314135274114
0.9011947228474024
0.7209665922381846
0.8333786100726673
1.120772710578762
0.976567455575075
0.7375865914804253
1.028741357566568
0.8304782528468799
0.784180699350276
0.837708729554314
0.6839416553851211
0.9590853122476868
0.872830745219693
0.6126108024270124
0.7354101020491656
0.9140616551772919
0.7339038974360886
1.1499558006167558
0.8947553918349961
0.8469081892070084
1.0934790595134134
0.7196997986430614
1.0846739550631432
1.006529911832539
0.7705747618864612
0.9593407810768744
0.7698877986068662
0.738350693405041
0.791611137391041
0.8671143647879039
0.8459135254913343
0.7899936366689692
0.943344733049937
0.7766894867744409
0.8666582597610124
0.88143108232053
0.7505519182475097
0.810578657468044
0.9053427285318137
0.559443307828156
0.8843651756566128
0.975589605030278
0.7237523198835574
1.0327265629892814
0.41948538783855205
0.5306443427376464
0.6363005117551715
0.7751563556920198
0.6189205754684554
0.7975000149072066
0.7737513789644326
0.9962311425102797
0.9072003402629791
0.7283279999198373
1.0196202203858369
1.1215526333003287
0.7497871952953563
0.9374764022656363
0.8849039248830893
1.275634584211584
1.083864734936642
1.102737154223575
0.898695179851619
0.922626704717698
0.7662853054281012
1.2219896361515405
0.8835695142573667
0.995526560259066
1.0596699621496162
0.7569347314748094
0.9449895650345933
0.7458488210760006
0.7729630038819884
1.0310762149929895
1.2128203303317098
0.8113136944213091
0.8870018718664228
0.8810242260659384
0.8944635421677983
1.0491239282184672
0.9232715861656619
0.7475790755217369
1.1351137144144001
0.4827705031573373
0.530324606043229
0.6281836262393173
0.8683588047658659
0.8941869585063583
1.003734145805354
0.8612349895518943
0.866804403549007
1.0002147982055254
0.9197767204697467
0.7063295167771343
0.9945241792131042
0.8707252005563569
0.9821543736657015
0.9527279041437247
1.0317009069741072
0.6406821083836164
1.0412194062983076
1.0982501866095884
1.1140691366820645
0.7047151107808802
0.9039965177089604
0.7356544515777909
0.812434969699897
0.6932986150047806
0.8617316678580117
0.5988172744067456
0.8936545768678944
0.7927439535764146
0.9272100466022726
0.5281737263317101
0.49753974745383467
0.6834488431132892
0.781678919932581
1.081761481909713
0.7411156905661731
0.9786792761775379
0.7169142115373031
0.7423222945392419
1.1580166128620673
0.6522725108276471
0.8596947424251355
0.8826661883248251
0.5447274416508758
0.6766716108588791
0.8398288211083488
0.8936959082545486
0.8374811729949752
1.0370105516100154
0.9313604977752006
1.007645743569722
0.9736730908007182
0.9575141161064175
0.8336894125877319
0.9092984529174817
1.0192344391180799
0.6643345377674542
0.6997896235419714
1.193507323410636
0.871040141664746
1.024031808833312
0.8603364723072524
1.006533726255522
0.385952843570808
0.8467847442029202
0.6881679660922634
0.8883184242326344
0.8919206726713015
0.8626372132392791
0.9111178370698614
0.6489093037528515
0.8284233959025424
0.9854200445741828
0.7792413707246217
0.5580345219476355
0.9998146971150932
0.9526441274090465
0.5769741631287668
1.1275719122707146
0.6254596258127789
0.7825038309003749
0.5800363918604621
0.618996791429965
0.7943198703288814
0.9570945781530973
0.7998519402983476
0.7487491353172792
1.0276855766952278
0.629336422115794
1.167609308552782
1.08911834291664
0.8045216308840282
0.8122626772818243
0.6758492491585264
0.8655504250069889
0.9350641604407437
0.8057881027884611
1.029224406089283
0.8795128049144645
1.013637102491027
0.9859378418904957
0.9163191293498988
0.8538012444487878
0.5413801869753729
1.0633923779618288
0.88366076387578
0.9993207671138264
1.0027946469883582
0.8779274943025112
0.8733405753521926
0.7779175769314037
0.8998745085573633
0.7164318335698613
0.497837915641764
1.013604048183384
0.6382952908714643
0.6296986760234444
0.9177176803012795
0.8662980460757969
0.8580518966137518
1.0193039263981574
0.7604888447561808
0.5650657160754531
0.567985854923978
0.9759347918984098
1.1572814067795156
0.6727571404048791
0.9134932799644405
0.6896219878115499
0.7376159145684964
0.7628295090275992
0.8848138401206879
0.5569723897308825
0.916148467047796
0.7307356263946071
1.1933465172298576
0.8204152846558468
0.9337504297165532
0.7728551510340808
0.7606344129722947
0.7981060083952589
0.6371087949454206
0.9233865252791763
0.741748872359108
0.6083557837824815
0.9105606775037245
0.8372142714279067
0.8556040786505192
0.8602175222764057
0.8354506300294551
0.7284125911625683
0.8429083699934984
1.0561523483446031
0.8732500892100704
1.1003056874943697
0.9586904999145425
0.8038540241378959
0.7062376578438858
0.8382603590460851
0.8934816845859013
0.8540098424424873
0.8216856072491722
0.9768842534571686
0.889012191484761
1.0443595078912487
0.8944628445990851
0.968998344027573
0.9220910928370543
0.895173665501918
1.0314028366195966
1.068217649117055
1.0375303921988863
0.6260383438773309
0.943862362457599
1.0744180686074531
0.9299608886516918
0.8204262150373235
0.7734219618872207
0.6267052760450207
0.7564677172479651
0.7892181103727047
0.9014010795700009
0.885409086507698
0.8213411476784755
0.7318381342157348
0.8274300251289458
0.7279453792626301
0.823792980537
0.8155541116224612
0.7151042207887389
1.1409994572307405
0.5477042856934529
0.9188843361280867
1.0464301752579408
0.5784267735438378
0.6172608664052921
0.9222306105980327
0.6636273090209148
0.7962066030773083
0.9645281298471556
0.7925623163721397
1.0405043889345382
0.7070171562711447
1.0153684226890727
0.5688858032651198
0.8057219206468861
1.1318375684535091
0.5872237596293239
0.6662516367080279
0.6200829533917759
0.7517316636951555
0.5475226940763979
1.0707204665285568
0.7969196291119481
0.8399029872479706
0.6706663357843572
0.9222767361744986
0.9579676221791921
0.9708557828638504
0.9558260979468675
0.9772460030685567
0.6778754871957281
0.5782795207151802
0.7774680840362624
1.039916946630735
0.6242075541055143
0.9888209162864878
0.728695673683365
0.8222468121488185
1.1127995755437445
0.7407432796105302
0.8927766865550323
0.8729305476505275
1.0029552183939137
0.43956179222300074
0.8839616606578364
0.5154847383087758
1.3029186262589507
1.3249421361181504
0.8854730416512515
0.8183217144835904
0.7967789236160374
0.7372887646872169
0.9256167599451653
0.9351876150727716
0.843925777998391
0.6794650071436156
1.2154724072879222
1.073210507290921
0.7080575653909394
1.0325526959607663
1.0384598538116236
1.0489075395962606
0.9053684187408245
1.0211915565970744
0.849315855756728
1.0872918166267724
0.8102669405059879
0.7014639339685947
0.7597022110549772
1.009571928496781
0.8221891899460319
0.92382463250517
0.917184766779609
0.7964729231863924
0.9810344589642559
1.081056652744219
0.96594760485512
0.5946248793416831
0.8531679568020502
0.6627677781834899
1.0031691860746994
0.6073095882380697
0.8463421847707655
0.7000875510861473
0.8646402450415154
0.9185234722282518
0.7697252719979377
0.8196001652273481
1.0597595491073433
0.8578600551758749
0.6346874208098627
1.1109456455761804
0.7644493399719611
0.9485308927520697
0.8551593902713573
0.8425161872077099
0.8053649055697779
0.8700500116181415
0.8330888628030811
0.9895208798438909
0.7501069688804727
0.9302336436714815
0.5694684070236716
0.6690778848363323
0.936783494246138
0.8837580139968969
0.7246534336089937
0.8429405879273597
0.7818335110171893
0.7688074411300057
0.7668144952685201
0.9346450058135067
0.7051863344147196
1.244635510925378
1.153977776958031
0.7199847778058673
0.789728184266259
0.9218016956776282
0.9315184975091679
1.092821832932536
0.789807109375795
0.8270813855714908
0.8962277959024819
0.6930042433286138
0.6808915753481556
0.8344216327335141
0.7882574017224294
0.6513883033209242
0.9694003317749853
1.0012547041462128
0.9345444988947017
0.9402090569461736
0.9150088055744637
0.8503592021270268
0.7355457502887415
0.9526609785114214
0.5754535717141549
0.6994088739912904
0.7776930532002644
0.8600596198060784
0.6896518280600454
0.6500661071646759
0.45438789936753937
0.8992088489808024
1.1018689094297485
0.9352552228455616
1.0191113516074886
1.0322296156445225
0.9854419761269549
0.8617579158114698
0.6665954741599714
0.8941834116719792
0.8584069604725677
0.8191022136173898
0.8244084432019636
1.2260205593747924
0.9008913383714057
0.6131556670711118
0.8123229099680906
0.5612783679482042
0.9337241773438896
0.7227127916372895
1.0106530857979406
0.8450168967436948
0.5192308004234971
0.773747372400317
0.8648651004160866
0.7990553312992088
0.9848620706017805
0.9092035821006874
0.894551244208402
0.891491318873912
1.0494102001600856
1.059414319450914
0.8583655638698626
0.7065797389838266
0.769207790459232
1.0153873657997976
0.9698085275648117
0.6083585218263673
0.8323286911091412
0.7774411805139766
0.8253114443225602
0.900771738354969
0.6694528218813922
0.7213225042966052
1.054245125405154
0.9059153291916185
0.9511217839105137
0.6873216121402381
0.9165099805326584
0.6992036536207078
0.909521017960151
0.9038047559768827
0.8336423299758329
0.6463167570023901
0.7711233069774581
0.9614248602630806
0.7854112183434453
0.7633360609826245
0.8649784081587837
0.7147190579951228
0.9774510853825288
0.8404117134596357
0.9614141366768224
0.9510477212114666
0.9639900513608712
1.0190868535711655
0.9214178106140339
0.9491990190731406
0.9265162811611113
0.6234312649095203
0.7364625542762328
0.8171756098583904
0.7586276619607002
0.8334170297368741
0.5429685727838585
0.9736836187001137
0.8390345247515197
0.9410144357050995
0.9728070205527908
0.6374606640592861
0.3114383225868169
0.8498326047899847
0.7631561014742687
0.7804279871296134
1.0237117930465591
0.8535718342473673
0.6557580148706322
0.9579672185863155
0.8466154707543699
0.5380261993169536
0.9736712815188802
0.733002109513157
0.6731210675217647
0.6039632487007031
1.0305496865271506
0.8737912671787935
0.4547810223655559
0.7142222342611436
0.7966509363802315
1.066120923048931
0.764625171448905
0.8631924671418097
0.895048115453454
0.8637236077886679
0.7297818527441331
0.45192308763036665
0.8380837533013584
0.8657768360319376
0.45110513211586445
0.43964924007643713
0.9512376023854915
0.9178430450463531
0.6306523594512459
0.9389927313076892
0.9032985533929584
0.8592313484351075
0.9406550042866947
1.1029972838399051
0.7957389737318391
0.9088561862039846
0.9285766899021596
0.668554760075671
1.0836028964160735
1.097763638493663
1.0466607441408298
0.7187837710704932
0.9660264187656933
0.8533590425442981
0.8474184021812827
1.0559084840297173
0.9638747296537269
1.0001748758326467
0.7281029854366708
0.7171869247711878
0.6762485532593427
0.7990598853557792
1.1224272899274084
0.7493958206265777
