0.9244111629617768
0.44511502936589115
0.6139938303780522
0.8655687583625434
0.9652941435204807
0.7824166416053077
0.7105638114824456
0.9240766065150159
0.744774056556882
0.8574408167505125
0.7004660965379197
0.7655753242491717
0.5931381313568534
0.8027123417654954
0.9970982161042499
0.5672284574417807
0.6454082067664115
0.6453646738830343
0.7229940573508222
0.6660788124885983
0.6971710054052799
0.5575921053312851
0.730024838017624
0.7166772532795452
1.284644635002647
0.658406388579952
1.0087227974985546
1.1112824959802348
1.0099175230995696
0.7968651120349864
0.9383328283431884
0.9180617086676259
0.9758674448680299
0.7393554540557574
1.046310291371578
0.6207683370459348
0.7386815840782481
0.566754357603213
1.0143479021655004
0.7854001849795978
0.8680069159118284
1.0864979759179065
0.39363626822327696
0.8988293988381562
0.7832910301264204
0.7474622775175266
0.8016110430488447
1.0679357816552855
0.8643321776548597
0.7276284737447959
0.7105464748754609
1.001306972180336
1.076273504291762
0.7578376978783506
0.946887166544649
0.654971474049907
0.5881263904732468
0.859061567506213
0.6433518462147428
0.6218569778492278
0.7570508171708467
0.7038402554805054
0.8591661576626051
1.1283532855910763
0.8675780294838091
0.7778135984235413
0.6099110439869411
0.831986915830161
0.8417388348152446
1.0743305443838462
0.86480296751942
1.0220903541241277
0.820895785412062
0.8481918246856548
1.0528017178234488
0.8800235880294743
0.9499264646644209
0.6900243069560189
0.7590163706226215
1.1569036190587263
0.9133421083985693
0.8836825183655919
0.8051713526209683
0.6790594501726587
1.299680235830911
0.8263499163367857
0.6241571295532048
1.0661949306316778
0.7889538718783695
1.0382819528717095
1.1844576779715372
0.8920645026070166
0.7729278675639096
0.6825675410539791
0.7753090502191491
0.6114245135169782
0.9042469266937151
1.002566149353591
0.8969634548281378
0.8940494395233367
0.8625677699980664
0.9918884913171473
1.2317970687059607
0.9075192621906523
0.48819366435860234
0.9082716953716041
0.6927138235908262
1.0330474295430447
1.0916201917547295
1.0459559846608646
0.965998069696317
0.7280448084935542
0.6977258738153026
0.5379529258181271
1.01215419956662
0.8462185038102105
0.8562152538226119
0.8218478305804557
0.7224381583861423
0.769579735005416
0.8870012262976978
0.9328752870998521
0.855551305559925
0.9519360113143832
0.7447940786161779
0.7917619707120989
0.8745347280573231
0.7672097872988008
0.7179240418366715
0.6446921680292226
0.8276189045185526
0.8027820120798398
0.8427904407464262
0.9324072477788251
1.0532337403661907
0.9977296074558502
1.2070046257090599
0.7357100654224527
0.7729059199945307
0.5837793909330338
0.9621205682499611
0.6788564294504109
0.7788021687491397
0.693273442097933
0.9668510424486273
0.6472875805119573
0.8700605207405975
0.9838130564031966
1.0339476657851032
0.7211354667255819
0.7586668208979248
0.9016553652984407
0.6723547900340516
0.749009209499527
0.5753932442400493
0.7062444780286239
0.5612819453708189
0.8971716596936818
0.9210665439907098
0.6928162784474174
0.7580389699189845
0.8179922927012153
0.7791318069345281
0.8093376555380452
0.9644617562431264
0.6709528258824977
0.6758846794663047
0.7321853026551179
0.9022908178966853
0.6234428439410157
0.6750943581360918
0.7826715553385073
0.6432987576025141
0.6769311120686332
0.9779409143786679
0.8483449937401127
0.9516196939884789
0.830808923988044
0.8690700663989047
1.0454870244908696
0.6425040329646676
0.6321434638304086
0.8130943807936599
0.7910480308131362
0.9628056156608858
0.6936284259920713
0.8172399784799637
0.9797653286290916
0.773354940831993
0.6911430124720176
0.6731086093817399
0.9335868606190062
0.7324240234153885
0.6580719290286114
1.0332052265580374
1.0059536940859286
0.9499184983431053
0.8251955461564954
0.5924382352567122
0.5780749540221122
0.6665077586927773
0.8679512638464414
0.9872760559319513
0.7514782596979421
1.028618441144448
0.8389508120253589
0.816850011668044
0.6762708671432337
0.8885960797833536
0.9997309287368745
0.7571034273852945
0.46872533997039884
0.8071639504124727
0.4210398898726531
0.7924794453264334
0.6372446136241836
0.9139058376921634
0.9162143010346128
0.8477805244744393
0.9547620213673101
0.891110670410508
0.5341374690501159
1.0051778243264056
0.8329672908658525
0.8847503092877964
0.8764586280450417
0.7094108920929636
0.911602867627571
0.8342211082210734
1.1024177777066175
1.2157832597578166
0.7582564502715076
0.9716355820484226
0.4634643831306424
0.9336602621481367
0.8739775083027538
0.6705101480817552
1.1190763612070065
0.8810342731046983
1.0192091553825953
0.7229892883861927
0.89383223031738
0.7484397192058784
0.5497607580777173
0.7761144980064658
0.6503143217239683
0.7828178814660066
0.6419888696509088
0.7298829535843155
0.9519782823900272
0.7076817740151572
0.9676887048049871
0.8320430003254978
0.7402897760391691
0.841571798610771
0.652069706661382
0.7982323765932222
0.5127205948602602
0.9348019426227464
0.9579962371072045
0.8803541810275244
1.0087995975123425
1.179266745962531
0.6933881772637243
0.5260556621325193
0.7650372293604623
0.9729980666216411
0.9842522714332022
0.7679915646451949
0.8569047364240553
0.8828083341228765
0.5621060804624669
0.7578458375118953
1.0283723913641702
0.9001069878146261
0.9121752652358116
0.6671792715802035
0.5706791210611866
1.2720734978181145
0.8630126051989478
1.0423141664810804
1.0267588711949451
0.829267797324187
0.9804630144378234
1.2211762025429733
0.8013182634664984
0.7832920695642336
0.9450562630373154
0.8075956867601569
0.7291948594683351
0.9342604775364006
0.6937092733500434
0.5929857363365885
0.9426288179578426
0.9852771171237032
0.9699840024678508
0.8652768513553833
0.8686968622981143
0.3110351044228522
0.6049098449625133
0.8800605392296145
0.8600925117840917
0.9945047625181199
0.8094980233652679
0.9170373436670225
0.7920567538904894
0.6246284021037252
0.8740567818364577
0.6128110658195045
0.934144994147707
0.9537664979882016
0.6819107175219385
0.781618167096454
0.8181353009140753
0.8846740840208641
0.9318057170086047
1.0209065470083016
0.5953598110607217
0.6932441435914508
1.0049802978819895
0.7550909113812733
1.10705644208928
0.5410909080420834
0.8016319888721202
0.8716853571240148
0.9157131729576431
0.8268858822203013
0.810197424695572
0.5308479311431111
0.807822118903807
0.6634735949324198
0.9603558478631792
1.0233689294392885
0.8757182074913675
0.7272116658958419
0.79546095472532
0.9147917104377052
0.7780846633703548
0.6660584267548317
1.0079845509114207
0.5832744490234338
1.2817429894729928
0.9210060840441958
0.9361462173451093
0.8567942797814467
0.8611468349153496
1.1254786053769488
0.7817256897200598
0.8000929954993785
0.7344001205244273
0.7166390401461706
0.6961122445321597
1.0106551662435654
1.0338428139708464
0.7168136832888743
0.7852155346173217
0.8760921450631635
0.7772911817939044
1.1402618350294125
1.2492178265486205
0.86083865292887
0.6349783061886175
0.9870718786489568
1.0823786081673714
0.8064754765072256
0.9580522103663149
1.1700572631392476
0.7282143310884266
0.9779634683324296
0.7610067961441535
0.968335247995421
0.9786184125730831
0.7760173181147721
0.623067225286246
0.9496697365191159
0.6866628621640894
1.0039613605138566
0.7427769173120882
0.5959027675052256
0.6624306198109222
0.8736337783180256
0.7516003868778119
1.1228206676601937
0.8168866557260863
0.8078862546253985
0.7859010045659991
0.7590234398011031
0.9978149809137524
0.942796689332965
0.6745677213654788
0.9743874038746162
0.6221317796171706
0.727044193390372
0.8953791160139161
0.9806915564720047
0.6485905947018542
0.9148554824089113
0.8652138251811663
0.9171048365594594
0.8377961845930456
0.7320558437674134
0.8301095689561518
0.8662641408908192
0.8156757752730475
0.8088912484093284
0.8812462026438609
0.9594806776966396
0.7621880249679754
0.6941103179176492
0.6560939639250916
0.9850482925439257
1.1895701319520926
0.7316899358871309
0.666320812725448
0.8897568592377295
1.0780493089046685
0.885868010158503
0.7645573732443502
0.8844770629506652
0.8986674155207738
0.5411125190667907
0.7452835847374518
0.8006967633818879
0.9797545733429225
0.9782909810032137
0.7867545267458214
0.8271362516818476
0.8934392920129787
0.6280376517369005
0.6944979186692981
0.7913847827902001
0.680159781087141
1.112782183506165
0.8843317445622471
0.548497228001049
0.8093751321954005
0.6006162062514713
1.049240660727869
1.0128285709151499
0.572393632449696
0.6740290546725094
0.9080563404525404
0.9657423747830416
0.9674050904503873
0.709241097348001
0.7559176923863395
0.6639645401111027
0.8178520854570134
0.92429690739687
0.9153473033988602
0.9271695992135538
1.2495501159674356
0.9345333495369716
0.3781395738976221
0.8843392591168288
0.6124536520150918
0.8497276480989355
0.7305100117568897
1.12543722361473
1.0322947136523848
0.9670875310828715
0.6835691117372039
0.7381942472256051
0.6798842327498482
0.5612726100814903
0.863978370543664
0.5943638068729808
0.6866908282917366
0.932752607598057
0.7407276582304821
0.8940574690607869
0.7315518859422221
0.48830573859935034
0.7933686388141116
1.1178509596556094
0.6447659551369187
0.8678909562323995
1.0505228660642372
0.9516003535879475
1.0639440132150786
0.7779573876043815
0.992891765529166
0.8000535998145182
0.7723837768203479
0.9082429011771975
0.5900288335214121
0.5583129231650448
0.9531435686605676
0.8855128744406365
0.8411607175039836
1.02389014104819
0.8676272285624732
0.7587583319628408
0.7590492017700079
1.2449115974723712
1.0654911132007796
0.7583410078794485
0.9482617247532044
0.8954865192149117
0.7991321065856496
1.0505726125929455
0.9648732212887016
0.8072546180402588
0.7794641515772163
0.5590993698188955
1.0454667419687027
1.007415571382662
1.0905612603605555
1.042356109114626
0.6883271798497655
0.7502799132079008
1.1594405756918291
1.1199277066569326
0.8213297119051288
0.8342090042087634
0.8707757307879552
0.7695543566929962
0.7297503093850176
0.5816842869931347
0.9258140732959188
0.7739216072246103
0.9395651947804445
0.7625401029819405
1.0023939396619432
0.9724185925679112
0.7275924912962486
0.958214859956314
0.9020666643879245
0.7700514824669673
0.9994661935921618
0.7952772969988171
1.020802423402389
0.9763216160991398
0.7166526248808465
1.0484876906817129
0.9379112615487022
0.7423393672169905
0.8197016181935866
1.049609119193471
0.8340980511117907
1.0367688604760155
0.9943966947387178
1.07325788596232
0.8181543963039691
1.0819629682595886
1.1988664350587888
0.8591298800929706
0.9817611699257887
0.8081246552265052
0.8198076593205063
0.651232734681956
0.7523231936658954
1.176332103816797
0.7141321016287963
0.9376221500162025
1.0155238302181389
0.7740426398631511
0.8081054375025778
0.7477679565722763
1.0917081847585388
1.0848232458512266
0.7236469295275254
1.0405182692080734
1.1174544199854766
0.8699185264702857
0.6737140276280489
0.48414388644531753
1.222832801700127
0.5021979532879663
1.0259203224789222
0.5093574739874978
0.6929303961899981
0.6038727755440498
0.7899981262225714
1.100101503031679
0.8755300634757859
0.895934122020305
1.051385239438322
0.8776927818514411
1.0680346199484978
0.9943900829502109
0.8684797004554984
0.6755935818585588
1.003304701545009
1.0214450325599804
1.0114244523229643
0.8935121542641229
0.924851202340265
0.6751285184652897
1.0521493502687167
1.12759498218136
0.7345079119571968
0.6884758522204428
0.6985073145797676
1.0072575841779092
0.7512184121173473
0.7826235182322722
1.0938661669655443
1.0799222329239058
0.7112277030661015
0.6304030920414179
0.8307548361850411
0.9482738629038321
0.7734245245135931
1.1704009289815756
0.5887557362179172
0.7399145254380157
0.8886251525801186
1.0560618118985676
0.8770186276172979
0.8928478500610756
0.8245535725100103
0.856090862631827
0.635236089507917
0.9068070249251431
0.8241726952931571
0.8600932295538486
0.5394324274029769
0.7304069527856493
0.6563741569758765
0.8682235539107839
0.838905479226237
0.8998650282901963
1.0132678125821855
0.9207404263968881
1.0765008792102586
0.6291842454154324
0.8343981683220526
0.9815181533324927
0.6296209506952921
0.7215528033020797
0.9116923097967402
0.8874680993365922
0.5128649637967494
0.8344525030346223
0.605175415046078
0.7595621394518887
0.8536173287186082
0.870773371189851
0.5935202955709066
0.9950638142988066
0.8212151377452412
1.1311803649740027
0.8004613869904158
1.0847856240090243
0.8928825940542691
0.7238677251601137
0.6432300734007192
1.1331186781438882
0.9470009775752982
0.920603576355555
1.190131171686158
0.7549761089103049
0.8670975020479834
0.48355420178319997
0.8324007288434696
1.0084390895536535
0.81785128719567
1.0176648345613228
0.9303733068291409
1.1596207763906308
0.8592413394440407
0.8321119823183567
1.0868396542220444
0.5703843176162111
0.7974207037631046
0.9610818641365111
0.8629019577724705
0.7233525907392717
0.813472434499401
1.1095562875826164
0.9193613641772822
0.9351463909941775
0.6477149740755915
0.7734103989754444
0.8638634504288014
0.6205658133695724
1.0344709060384019
0.8478463914280956
0.8634903883743271
0.8306546271954472
0.7585445859750108
0.7850251906651203
0.8301097424333967
0.955167911500909
0.8724587521647017
0.8109783797260263
0.8877215301853483
1.1216915797654843
0.9136239603035917
0.7831855058190643
0.5772911607915645
0.9282944295461301
0.9222950042565363
0.9741918520940864
0.9520467916144933
0.6766800789243563
0.6762722723185912
0.6900793395994091
0.8118681624268141
0.7002646930083909
0.7419098596832059
0.9190210813230102
0.6774158875222356
0.7036407360198904
0.9708159817020896
0.9381996838773055
0.36556539050918435
0.6734158913688733
0.7435187919944362
0.7181298938684766
0.9299217885997508
0.5657156261419706
0.9160917950256638
0.7251507521699034
0.8692337227449918
0.5833508721971642
0.8992685800182139
0.8602016937854388
0.7022370199963338
0.7644523324976107
0.6712428218151206
0.8139252886780267
0.7080746882318115
0.7917834489086969
0.6943791492846888
0.8957139851797059
0.8658282459708135
0.7397765951167872
0.6151731494200738
0.6209563055615895
1.112732109387688
0.9737930304806386
0.866383945865578
0.6043516528210906
0.7765498495130648
0.8599079172818253
0.916378447617157
0.8374964349138075
0.647773887662995
1.2653153121952365
0.9167485031563163
0.6134545846125304
0.9427029599889263
0.7762566917727071
0.7644256033949448
0.9072815063961336
0.8573158031482565
0.626022252675378
1.0451732033795984
0.6751486403026996
1.036151810720698
0.9886367576838231
0.871843963035693
0.9775474528432689
0.8231706831725036
1.0253598745025072
1.0760699834874836
0.8609139147148734
1.2752582681811473
0.8280431511432088
0.8094934836704283
1.0033036982053638
0.4982858455201489
0.9378564501405566
0.8426874783613936
0.8291695836066597
0.6630368784076422
0.8256315012453276
0.9869218394117676
0.815617891146266
0.8600403502231734
0.7635718114823637
0.508959037599867
0.5940613871846502
0.8435243681264453
0.8908526200746457
0.7304946998689553
0.5896703676818473
0.9650950235363195
0.7637864153512622
0.8989244732174256
1.0089901830566133
0.9454124309716827
0.7143663041368402
0.837717227645434
0.8632575206245382
0.8075171103752469
0.6707164268260799
0.9953801136031587
0.9273390359274657
0.853991851371606
0.4254075762561476
0.9379244439517976
0.8845599637409872
0.681387736112254
0.5951126839899655
0.6965161438860853
1.004984528787555
0.7660693961660574
0.5859009501829877
0.8347424125636718
1.00595403106395
0.6499012138491063
1.0598057869499988
0.9210512569035235
0.5070759154211826
0.77665542530957
0.9003123603531727
0.5614427208109061
0.8294230294077154
0.6624595660355959
1.0633935064819457
0.9385049764406267
0.7885061892328353
1.014910404491232
0.8752335104192315
1.0391828308900903
0.8660371521881947
0.9917704639564442
0.5880469960125576
0.9187401503234692
0.7057025171820146
0.8759811909329844
0.682184503873819
1.0006049097658405
0.7645393624456802
0.9132937605945537
0.8420282194080592
1.121989629986727
0.8438000655442225
1.0204389604553736
0.6194565128053399
0.6767439145893809
0.8380739406509382
1.0867098419132328
1.0005126575345287
0.9343597567812117
0.8747555888302042
1.2063838253750148
0.6212023745368174
1.1325533270021697
0.8049052971229747
0.6773260034961772
0.6421736729644605
1.1016706237255325
0.9870828683638178
0.590817469704475
0.7769526065692095
0.7002337507661239
0.8371164041294518
0.766639379475488
0.9151081676615044
0.839769710356692
0.9263882143548208
0.6515361037651786
0.7831986153213951
0.7670143808736347
0.6237910750494744
0.8697292593438026
0.9761033092709843
0.7623986304889252
0.5535538378800406
0.7080383354430839
0.9746156748680687
1.090537106471237
1.0567244010058254
0.966104198253502
0.8393757953263918
0.7495778410793464
1.2739426848314377
0.9939283476299164
0.8536342553884898
0.9002526594019951
1.1216778985263631
0.8738694677070026
0.8873375364814768
0.8499738205126063
1.0251644491097993
0.7678667204089917
0.7701814154900288
0.8519132853653746
1.049442824956903
0.7758448698762547
0.7842553805051976
0.6223011366274183
0.7550596788678134
1.0519288492227634
0.6653826163890899
1.0873613109221862
0.7969427385671095
0.8079213549436925
0.8183077959626388
0.8201712663683015
0.8568276551447916
0.9881172165562044
0.6060552029628239
0.7917544982489589
0.8341372388141975
0.8136256725117772
0.8559985410101771
1.1349407600894252
0.5547451067844358
0.9802023092868968
0.8461317857099073
1.0379558178559232
0.9615593368490327
0.5766012977597403
0.7962362563456816
0.7826459070718661
0.964950891741231
0.7927117764015613
0.8288015495124683
0.9118099015611723
0.919443305408898
0.9997903911167906
0.7137468159923755
0.7133083656013459
0.610018250487731
0.8209449418763889
0.8032537821228465
0.7807363699552486
1.1286368615930542
0.6230871978259974
0.6242333271537112
0.491104801833698
0.8083647739540321
0.8759006891183172
0.9958195981360339
1.0664382599046727
1.0228186002474755
0.987615798667824
0.6856369149673622
1.0298003604111383
0.8017886078259588
0.9591000189465281
0.7976147928919548
0.825209375019658
1.0963426737120345
1.2190541284528575
0.9541186757045037
1.0094708774171643
0.5485248869458574
1.0517905804191725
1.0566076528332107
1.0609339880371071
0.9583651181142525
0.9634851803617663
0.46278017370823765
0.6389582915086731
0.8415648575831323
1.0154470757974479
0.940885232464192
0.9077403034639038
0.9370464418468246
1.0828497925695155
1.0460523230449816
0.8965909322118801
1.2051981588097629
0.8837214759399855
0.6769491885800154
1.142330382849232
0.573683728318803
0.6213122748878686
1.0411028918382703
1.2227185909519902
0.6957376187657964
0.8760060473348069
1.160257387932426
0.7805566447490948
0.6121290688411053
1.0204783487860132
0.9860511668950012
0.9789093378946869
0.9209293082762887
0.6367408067333847
0.8341383883483284
0.7009048875877626
0.9171318588847082
0.748007989586056
0.6926712269854649
0.8876266078905786
0.5562584477498573
1.0042247479457767
1.179852501001568
0.7359239644803216
0.6414970435338369
0.8803338629579662
1.0885932907527094
1.067107013657344
0.8061821529786519
0.8726722514715719
0.9389613039849497
0.8367683109844758
0.9171220504289579
0.6638831496610684
0.6505447327279785
0.8384176987918809
0.5980261856809501
0.7975573685945744
0.7989685315322965
0.8970529135225994
0.9112591713765722
0.8358138918249152
0.7157157791470695
0.8661053937285816
0.9737626021463035
0.7864991466261234
0.9459237658479773
0.832971753042611
0.8439429260036294
1.1287865384703464
1.0042326033683595
0.7373965075436015
0.9907592140027528
0.7929863292315685
0.5901087821666158
0.6148840296387896
0.8685519029851431
1.234561761759055
0.9034364822966161
1.0098597069286679
0.7501622343585557
0.8715346069531775
0.8398599937119096
0.9087654235050797
0.3094353254960662
1.2558437795995734
0.6946374636403448
0.9954913068233415
0.8274865831239058
0.8978726748744891
0.8071266694668454
0.8233636935508823
0.7801372577204748
0.8019050912709751
0.8354493572106054
0.8037033600292476
1.1499216254853135
0.7561400664001652
0.769145337668421
0.815755366800085
0.8005518927337302
0.8828642275039863
0.7685617180143927
0.943109957028766
0.9950584375449812
0.6479619972859398
0.8888516805240165
0.8621279950482604
0.7778781172221821
0.7650225885029842
0.6644292610395395
0.7839354304696374
0.8831515551071741
0.7537941531332301
1.043658986520104
1.012763137210268
0.9767608004788577
0.7312065002402497
1.035162111658801
0.8882224555327285
1.1312633206341642
0.7793756802961478
0.8022439806065093
1.1339023696403305
0.8781291084481575
1.090929208714965
0.6253479747119016
0.8254815498500732
0.7997295006130615
0.7291428526857398
0.9773796710438692
1.1957135505629741
0.7202265103453169
0.849305982702494
0.9034071479881627
0.9988932221977114
0.8718427801430769
0.8734914461589534
0.6905129852573748
0.7640263198275635
1.044336273104371
0.765617477775877
1.2013878352540148
0.834286318064329
0.830738665687752
0.8243597091336626
1.0106008480706712
0.9358445884757617
0.8446376231185078
0.9279475893641623
0.8311761417923753
0.719065121249485
0.7738209692241084
0.8868158772610225
0.9662496978658057
0.7030029713355085
1.1192639964682365
0.7947273225435257
0.928813410291427
1.0637821769890015
0.7740591751645473
0.7710414938834643
0.6520421033141198
0.8665796406517319
0.8394491445730841
1.0878099785688378
0.8270403966738958
1.135727416068964
0.8892624958942135
0.6090908685544656
0.8783561179767763
0.7964401235140625
0.9508774676115547
0.9875304756709193
0.5386863735670695
0.6614704889165786
0.637817727529823
1.1668051563329045
0.6979506743092856
0.6778804728989746
0.8560610399478416
0.8069324208585297
0.7222838986884673
0.8665717481851835
0.763480498892505
0.8925554718113011
1.0114247104575622
0.5775230017866908
0.7232392180616861
0.785457579180991
0.7909425367703595
0.7831862737686919
0.8309527734407391
0.9647899182039489
1.0849106510542796
0.7114260858057309
0.8628161749259484
0.7223237913485245
0.803243933178988
0.9890759317990915
0.5304497871980751
0.9945522250485773
1.1056637659923383
0.7550758849200516
0.8718307553174127
0.5797993169836981
0.8829880809720476
1.163050646891497
0.7249592905465319
0.9108057175275166
0.83435249369863
1.2728485328504242
0.5986906694924559
0.9779105424137767
0.6896913911864601
0.7464144793081027
0.7257909197621653
0.921742681754103
0.8147881427613398
1.017585228817484
0.8229600562500787
1.0204609481062847
0.5648614450266601
0.6416222606679032
1.0067893736570763
0.889842330473905
0.8506783058693014
1.1397443011977217
0.8565147751526687
0.8841384028163711
0.6943266320861127
0.47897949821712693
0.783808389626444
0.6542407196317734
1.0319233928701637
0.7173027127088861
0.9779705119120256
1.0438678831071857
0.46357922593303663
0.5803043680752678
0.8107733159431654
0.8224091100497052
0.47416061924960134
1.0375563162622141
1.0409192546031787
0.7827791044616403
0.790289233681424
0.7905221624516053
0.7150535877844564
0.640983129088376
0.9110411101995887
0.7195977332659432
1.0056312197420318
0.9972103461422016
0.6993791199398725
0.6860615297159536
0.7156042888685524
1.0024174089483027
0.8548230846554663
0.6493547379739666
0.8256158738485264
0.6025148325606386
0.8610659816201485
0.7390966186643875
0.8249235381828994
0.9777065459801394
1.0347150123670068
0.9648867134156438
0.33429658697392695
0.9428169012362293
1.1761033464189259
0.8326162693007728
0.8558467682540029
1.0558653878270594
0.9268562475103572
0.7777681491928794
0.8104048353070308
0.8911450548279809
1.1042912876127462
1.149499460498201
0.7336927736821368
0.7759176801685679
0.5088314798316591
0.8281917084368167
1.0528581715000365
0.8000994598992558
0.933812873538459
0.9546660563346021
0.31738658169682865
0.8707392660836859
0.867584202518837
0.5223647821205519
0.9978431087391418
0.6465940948201451
0.8697790589815351
0.9537358575220563
0.7900836640507698
0.8610633718377727
1.108981253385714
1.1113386241537715
0.9171112782131299
0.8207339686901419
0.857203163962484
0.983269949876293
0.8034005428773873
0.8489672723521975
0.8524881996515019
0.9702655119651977
0.7574504446778675
0.9846190860095605
1.0233306437370444
1.0050787278926634
0.9328049131823999
0.9834336029997841
0.35211775747395235
0.6583672633710931
0.7014325535058519
0.6461454404097184
0.683035279616438
0.6755250291279655
0.3159245408282829
0.888610575289344
1.104810542443167
0.7598962895727277
1.028833646391989
0.7736023944917217
0.7785953759567295
1.000794775834573
0.9343333763560222
0.9970373129055367
0.8940586606871643
1.0547986734167647
1.2466534494773711
1.2177131553163738
0.7775686182729787
1.0003207114630221
0.7426433864013899
0.9002687412333275
1.0011130233152896
0.7573109005815891
0.7434876264604178
0.9826107392301817
0.7649149354397813
0.9582923008321131
0.7890501969158614
0.8505501249604249
0.7671378066485814
0.8635958305868731
0.7545692884199532
0.671105794007022
0.7732436909787658
0.8987601778372087
0.5737596503190687
0.7991917294649344
1.1609886864232326
0.6832884742950975
0.6774285259625739
0.5299585758826562
1.061761182812056
0.881504876147996
0.9037188824826357
0.8539815754960082
0.9188822728664651
0.9856206267940877
1.1175117810578583
1.2650474570444648
0.9653124933382958
0.5100243179905605
1.0223626429660735
0.6375645465894337
0.5141554198222662
0.9786618153082338
0.928446804186667
0.7159113761449234
0.4838614165197204
1.0703628449069402
0.9257067484913538
0.8611826165951301
0.8433383656778471
0.8465852935215034
0.8633456382916288
0.661970676126806
0.5210243166557496
1.0188977668868058
1.0909918605645357
0.49699585940638014
0.8023057749397402
0.7314279236220761
0.7154556246579097
0.6918754721941935
0.9322531121901534
0.6260534304462781
0.8598835789046488
0.6682898283122567
1.1207898923601278
0.9005175605760514
0.6663456933912799
0.8553674129525951
0.8067081297835375
0.6299029022014622
0.6707145394332075
0.7320856031370567
0.9341607521067359
0.6552373222689009
0.9054311196662647
0.8822515333785081
0.9322452687410859
1.1843764926634779
0.7041968472714484
0.8892119415770978
0.656421212943183
0.5816000181200536
0.9784819305778206
1.0459406600882595
0.8313148987029214
0.6404527817718171
0.982036201477944
0.8239554780403193
0.8720690049731109
0.9684480351504459
0.9419179441517345
0.5297868226162186
0.7946972295476386
0.817498473296393
0.9007289556017047
0.6399292330021517
0.8409809448714812
0.8008338678289386
0.8897047286706946
0.46199179915385585
0.9623848015855955
0.5398220196626596
0.8216552351031411
0.50657064907882
0.7721091402451267
0.9298383557327677
0.9653751116734743
0.6593959225917703
0.8847236458622273
0.9553631126895193
0.8114493761097181
0.6218034499397176
0.9960827682754169
0.6195118715630304
1.032927318473548
0.7605330333080089
0.8456292560395409
0.9366090975675375
0.9143050292270684
0.9520880923868346
0.7201361713159402
1.0478039908525707
1.0153483906308876
0.814671068488814
0.8919307767923705
0.901518037435583
1.2150570374419956
0.814816272478473
0.7121345024313421
0.809812867417669
0.8418844358442665
0.9766293832329029
0.8265627755667372
0.9562564478815263
0.7924357518798965
0.895072357553402
0.8322231304559731
1.1478189327574873
0.7544625290656705
0.8769148419886824
0.753327366910566
0.697443104491878
1.0140046849527424
0.7034039324606406
1.1779946899514497
1.044470810250947
0.8862456703043455
0.8235710070643256
0.7886059939359609
0.9183315595366395
0.7805424552107492
0.6303297536692432
0.5830058395703046
0.4753385528795333
1.0723876676669424
0.7186120533119834
0.9196457909626624
0.8964923238798305
0.9718349291023471
0.7231701608444188
0.6650305991590415
0.8112333907170646
0.8187973058024534
0.9226527126477843
1.1153697880278293
1.041194847518769
0.9472997561513534
0.7568428597948316
0.6205533136791576
0.8514133511197485
1.0479203123093448
0.5516401152147778
0.9683313714420544
1.0540796382208373
0.9033702175444506
0.508053283550097
0.9597886285588657
0.4578492155816962
0.9935115392160995
0.8455106557106962
1.0403558240876796
0.7130635481720973
0.8782396533009469
0.5207099205405853
0.9099506444188961
1.0330538600718928
0.8011508864286072
0.758639129220167
0.6986383446452284
0.7952870315695648
0.7157120961244829
0.9521581469900052
0.6917940056610158
0.8794191888205581
0.9565827493820828
0.6277952122368994
0.623864329859337
0.7322849525564907
1.0653939044360101
0.88156532963372
1.0427493467362778
0.7915302800366407
1.1186037029878357
0.9206069755418147
0.7928819308197175
0.5985724379335632
0.8767254580942142
0.9719574135716413
0.8012448987494462
0.6663839422428897
1.0844326244042954
0.7782973696293479
0.7247234593433809
0.7776604702094122
0.8967208253160917
0.8052095502924569
0.9044257159039462
1.16965998206547
1.133360992994565
0.6419834708423943
0.778938988693623
0.8216456570230182
0.8664089531761167
1.016030950508521
0.9540325355048007
0.7037681256455455
0.7753788019933903
1.0694025079381138
0.7257800695843627
0.7574941347843197
0.9570228988467139
0.9041628870089411
1.0885010812181493
1.1902611133117322
0.8329775388289014
0.5158640498342641
0.8325326026828025
0.8994141853996316
0.9294069572266493
0.9135829284016667
0.987377134167317
0.8847754710953636
1.091905785058169
1.0937625244722418
0.9807261135653776
0.8582197856332321
0.925632687222824
0.9993318980593069
0.9327914049084927
0.5813971855821496
0.9624015976802877
0.7831572755350331
1.071603347673423
1.0750561516718693
0.5905471282467789
0.9357681427332517
0.9963977736185141
0.7019859020788953
0.7026042816130011
0.7148847670938394
1.2310151502374556
0.5961772801696302
0.7276644806422365
0.9139512371737508
0.7991537258654925
0.7938269536081157
1.182997038778836
1.027125837981402
0.8086619425556971
1.023842352999562
1.037841104032788
0.6409704726610235
0.9612525733792192
0.834883932616521
1.0896392381135733
0.7547001344940316
0.7666303570019799
0.9463342705669788
0.9588659205055138
0.6721914872634883
0.8755241838329356
1.0459515230550138
0.7215362756791408
0.8842139249933387
0.7902800909509905
0.5387857676082134
1.0248994761407992
0.977356231436997
0.7916281731194776
0.7761176433138834
0.9108620784951694
0.9391337169807419
1.010745821310985
0.5671073661271817
1.0018763187896462
0.8743572320024283
0.8139070639474774
0.8110586560756464
0.5459840638343114
0.4480852059294703
0.9754058619603331
0.7500503867858095
0.6645887737866114
0.9283601283272427
0.8158590357005435
1.1348353165591414
0.8116606583462996
0.8023682992927771
0.879923324389003
0.8486332151331842
0.8345175982731484
0.751704185809736
1.0427207019212272
0.8308784288961175
0.4329288864814385
0.7599704018109756
0.8880417976705781
0.7785001265267918
0.95865991753942
0.6698410336038677
0.6659946804877254
0.597693933844778
0.8433660310745644
0.9326550476161591
0.8573835006302579
0.9347620340845763
0.7621823343003725
0.6987062970246875
0.9791736226809348
0.6478741696312377
0.9678756411441163
0.8204037159576989
0.9256466023758491
0.9334984489362594
1.0469183863361013
0.8021370449515223
0.6840144454811643
0.8157479787941324
1.0991263945878147
0.6616042329011826
0.8462501105351011
0.9057473396461814
0.8851862731770773
1.0130858695407539
0.9390548044314444
0.8256042245518991
0.9688430847231537
0.7973568361253492
0.6171639933856404
0.7007660676518751
0.6565137913613835
0.6362436973492507
0.9087765883472421
0.5724495101965561
1.0026466297728682
0.8581525507665039
1.0308471860349786
0.7937544557657419
0.7705728289514152
0.7924147155232394
1.23009902020511
0.971057832138887
0.8633330479119531
0.835790224451281
0.6831890779453145
0.7522171747526599
1.1025568910083732
1.0316199671858546
0.662884226560371
0.8519931697305203
0.8676549111851577
0.7854108562804017
0.8462306203642025
0.6792302255756213
0.7681589656184914
1.0097916366745294
0.9957784038921301
1.1218981684542795
0.8413965014318249
0.5710778256174859
0.7677365942978853
1.0630142361964887
0.9178673661639583
0.8840779097947424
0.5208490791968162
0.6608669520527395
0.8560453803793747
0.9272758007837382
0.5973004995256573
0.841206779391375
1.0680628989336975
1.0199058547180744
0.7902199546993495
1.0447311373998522
0.7696812372390579
0.8154515409905025
1.1044708372693104
1.1346080296920271
0.8955104597701237
0.981538586836734
0.7643481113278113
0.8659273312338109
0.7481794878469531
0.9640636804189265
0.9785473784282775
0.8261476885319335
0.8972205453662199
0.8507556601972212
0.5944129002433216
0.8690791300093998
0.9187925184147293
0.4848251210144764
1.0750955527526058
0.7659247363203754
0.9036711947219528
0.9414181817104309
1.0641200285771664
0.8635673098037191
0.6439281351630566
0.9294422346038879
0.915011868395008
1.1360624044477148
0.7412510536254611
0.9259697295136433
0.5011868371563264
0.8971749164959906
0.6720621742564126
0.9158565723104856
1.185493911457748
0.8756847030004833
1.178839227916123
1.1839266091268772
0.872479413611286
0.9423983896645273
0.9372010281625036
0.9407891472787971
0.9233918154787301
0.9105973935831576
0.8270689858062934
0.4691099437032698
0.8254437777513146
0.9100769009750936
1.189702045565044
0.9825270833834819
0.9731590098963362
0.9317609283148629
0.5725798582536129
0.9096818627817382
1.0730485772692675
0.8845398237773094
0.5898417632458439
0.6811833190978744
0.7616732236398776
0.8179124187532112
1.266867565625752
0.7128780183441041
0.7413363144111056
0.8079544564972916
1.050672178072693
0.8267714957660682
1.126039534704317
0.9008751675117832
0.9004555955479528
0.9496751524109229
0.9270381780677872
0.9361447651434622
0.6973275966983126
1.1342116102310438
0.7799042362665161
0.6585068710938631
0.8792231607427385
0.8772600391304504
0.7712561210745132
0.9988572954614742
1.123752569072669
0.7703633573540101
0.8207714920912738
0.9795004515553014
0.8847005187800213
0.942846247451297
0.995237618539758
1.0105837380867813
0.9673280742423187
0.6528198697327636
0.7307269757762064
0.8820753483429191
1.0018643238529852
0.49542168056438135
1.1373641676313337
0.7187750463843555
0.7776029626378752
0.7043553026014843
0.857190723591801
0.8509978161861192
0.7292327913959236
1.0227208425872427
0.8729829254590273
0.9601148832816054
0.767786066841692
1.2462028328195842
0.8922895581411667
0.901363888097988
0.5424959521088761
0.9278390582610672
1.1831819866360969
0.9497412279615106
0.7600898355111938
0.9364628026497576
0.6450325918118013
0.6778448284658444
0.6971249102907422
0.8671332449863987
0.634664811229473
0.7998242361343582
1.1507535365363109
0.9365219316047908
0.6672654974360257
0.9177226363774044
0.7476335675713943
0.8886565251547212
0.836641014927862
0.6104433507986482
0.9371256513513352
0.8654223635772289
0.850104184553836
0.6328759489239468
0.6964776933429941
0.7015925678283934
