0.7899845681990069
0.8072609611525042
1.0253926542360932
0.48106763894888893
0.8632265464110308
0.8918300955135415
0.8401243553058004
0.9315452988546056
0.9950912801486805
0.933842424412669
0.9398818385386759
0.7580147180584889
0.6365627939311778
0.8509887413947749
1.0343414420923787
0.8811496200421354
0.7449885679301749
0.9473574750848366
0.9895867323437766
0.6301048469656836
0.7955862267472844
0.7853912872202277
0.8429557002981052
0.5327863431136973
0.9337940811118067
0.9260911156275021
0.7789562069566668
0.9564907883306417
0.8824695000603944
0.9092306820993141
1.035567490762674
0.779647760244904
0.9432933731571718
0.7587902389167507
0.9024171065379821
1.0042756313519268
0.750437926861578
0.8696084090066725
0.6961431453636626
0.8068166166777104
0.5863956328266093
1.0239691088367455
0.8603193452119264
1.0178081547269966
0.9319742500090287
0.730408281527945
0.7417763033620988
0.8786078765142923
0.5565962102977908
0.5591297507495925
0.9114932823030955
0.5462775056261231
0.8761984864654822
0.9146192156412352
0.9856270199158073
1.127876945223381
0.8158534030498462
0.844691138797802
0.6690914647613437
1.0659080944487025
0.7716826623248229
0.9645254018551507
0.9751571182399368
0.9472346315184182
0.30588118780163187
0.7732657647658766
0.7642994389892976
0.8302893160930598
0.7184275490124041
1.0588619791014418
0.7930085943076595
0.750249492840525
0.6930318893650274
0.6348118688002214
1.1584779100066613
0.5988666122311357
0.7793510160051859
0.9646470947892509
0.6727142752901755
0.9601452771551304
0.46905328511794075
0.6118695108624876
0.9418384855251678
1.1892121076449502
0.7345821679702642
0.8535010509523324
0.8508871852422929
0.9449903495075421
0.8783948911014021
0.9123406783014052
0.5929230292527048
1.0667126115028485
1.1546165805913078
0.7434602082009228
0.9360936247994852
0.7690705432760664
0.5675038141308779
0.842896910318369
0.9136181535483172
1.2417776910708531
0.6732812318798347
0.8225560475048954
0.5979069588053121
0.7512837296475414
0.7724872829289622
0.6434642510174222
0.7619325625675151
1.1043671253368261
0.8049604786095704
0.7829658352386092
0.5937107243447491
0.9506450920772289
0.9526060091436928
0.6311197557308742
0.8584433937536936
0.9795789708263674
0.9098287294768834
0.8220249916250795
0.725060491809685
0.7074002737445024
0.5880431555209567
1.086597645826573
0.8336425816935016
0.8769294378126858
0.8316175635965016
0.9815558353549656
0.8583739635315596
0.658923188387479
1.1256402892016497
0.725336207636171
0.8679629382997156
0.8033484613289382
0.8916272971387601
0.7025747221535518
0.8587569314743349
0.7927705739718146
0.672499455167972
1.1688769320699435
0.8316527847138745
0.9092311843554707
0.8420100038504522
0.7718129845214012
0.869408106655495
0.744125643381854
0.4937047488456625
0.7797311806082946
0.9376636538772366
1.1025484096906428
0.6924284970767304
0.7468468677737301
0.4063788502481091
0.755126424885439
0.902038489108267
0.9498303887787656
0.6505922785708029
0.6685727874263279
0.9873247981316973
0.5611018888130956
0.7773182593596654
0.8885150609183465
0.8801501218251254
0.8902374125562923
0.8718847209532558
0.656364282781286
0.5157764411914454
0.8350200181079328
0.8252040392276258
0.994923491503944
0.5895987062255357
0.9553266356719612
0.9261098214559748
1.138045279945618
0.5424617087595738
1.0698644723947017
0.7907936567134185
0.8046656734020861
0.7407337793930727
0.7769987313197224
0.8607714582574145
0.9454732785243057
1.1202047785297793
0.7577593558983036
0.8268562290435684
0.6331511222844121
1.1120057037671904
0.9743756513955913
0.6205508158786299
0.8684629190385158
0.739918159290363
0.6802164309443322
0.7449628727817758
0.8449587492000546
0.8392449980485934
0.7133729341610718
0.8398219811604878
1.275584576935425
1.1075967240054871
0.6837647991722641
1.0181138964211358
1.0616155708191193
0.8874129833415593
0.7241424539637353
0.8677581888796286
0.7980763495466645
0.7757838708529303
0.848590233515163
0.7751387836707206
0.7187225012990879
0.846302204153329
0.9052662492983733
0.5847317912651608
0.5388829824635721
0.7261392918102058
0.9756301481689592
0.8576659818061398
1.0783941626258842
0.6291983095521186
0.806982752857225
1.0037762128201515
0.7596231871762734
0.6457027311961631
0.7900820305218662
0.9870563874775041
1.1581630763342794
0.6513520373281151
0.613064972591177
1.121271730512041
0.8211948472165096
0.6786328808225872
0.8445435723578679
0.9611579771700025
0.555311817033577
0.8090547579740478
0.8544317981827841
1.120139995920276
0.5850812919494406
1.1948833921428972
0.9276324195335061
0.5631039098768142
0.4553287605857968
0.6341589053972729
1.0135425656556483
1.0058737491612861
0.934106991287727
0.884900080157404
0.5370343296524864
0.9170825011028151
0.8014157999813782
0.49383335593113953
0.9128406929552493
0.5056525884888932
0.6219423755315886
0.870443525752381
0.6291617034813717
0.5874231782528789
0.7529708789167253
1.088775515416232
0.797538364399821
0.6222419462266062
0.8565290805721096
0.5692038853605772
0.6808306000297714
0.7588700786142405
1.0060895085180255
0.8032223667588191
1.2163601405699282
0.9214439502741077
1.165464610168741
0.7707549312641981
0.6186143174616969
0.8387586725814494
0.9212229247277405
0.8182140283257077
0.6756550681211959
0.7605425773888952
0.9886844966146849
1.0104160575036962
0.7134396829191239
0.6453279363658304
0.8391658238178298
0.45415702228019106
0.9146019606083434
0.8287193804484649
0.689741336448032
0.9539487717727506
0.8162586698642239
0.9390930157825625
0.8636677460585331
0.6142248416845799
0.7255934827019064
0.8342550668673305
0.8464657220575869
0.7207491531414036
0.8699493231174135
0.9937035124125748
0.7637109612057835
1.0540166292221558
0.9886636321826913
0.916370024906826
0.558689636495604
0.7161492572754308
0.7279030186087438
1.070397515939201
0.6166270148402027
0.7900325206912984
0.6904798896795907
0.6318708200543911
1.041760476233063
0.7981950661478655
0.9612233917692068
0.7803113496218576
0.904478740738543
0.9413950951479277
0.797556193010858
0.9228616233385095
0.8960793772984517
0.34992984939690697
0.4069393587068667
0.5692245244260856
0.8323778796388901
0.8352860731464068
0.8839707251622236
0.7918541366366152
0.6322810570124227
0.4688408802762162
0.5753062522181439
0.6170966397157607
0.7543871550707069
0.6947614638193109
0.9535427108810475
0.9030359343483734
0.9256998309568429
0.7595120034954863
1.0240791236896103
0.8971329000547746
0.852017124964281
1.245951194979137
1.05330657545394
0.8194728319258026
0.9267144965901518
0.7098424272791248
0.7626800664051101
0.9006311490246783
1.2721867617649847
0.6694233783633488
0.839586062982551
0.7347712729617629
0.9320725128799341
1.1324213700458436
0.5795408946044212
0.8116573269378249
0.8060935609862013
0.6206258621588823
0.9297759192556342
0.9719932995406295
0.8717881330494998
0.7844448520975942
0.857887583795197
0.8318862818845703
1.016996274750786
0.9506176697723386
0.9469939013695653
0.7278377087306531
1.0158969649933232
0.9996164808611553
0.7779179909351817
0.8688529899128115
0.6649900355741551
0.9672853896887986
0.9154116036892853
1.0606391233694017
0.8765570844264243
1.1866823492525733
0.6686600149429608
1.0566234946199824
0.7724595937991984
0.9822372595151828
1.164471843273657
0.5136956321394553
0.6886784015640885
0.9735403383445294
1.0945683528596812
1.0600058341402947
0.8347526192319763
0.9937328125157603
0.7736054470948535
0.9377993487953563
0.966999636929125
0.9840010360573398
0.9922938554405478
0.7428046411792989
0.8820843040073867
0.773155529911149
0.7116709965847671
0.672839197004933
0.9081948898579125
0.9530227053772656
0.6356463454504503
0.8598844299669024
1.0144879002648564
0.9474859582798734
0.7793000734788301
0.8853907408267624
0.9840942688564389
0.8210553652264865
0.9525023500775195
0.7384321113422923
0.6776402621377016
0.6192931858504559
0.8890816754365585
0.679552865698555
0.7743718608664095
0.8671287207423621
0.8941339311932842
0.49346649403685444
0.9173563470883751
1.0265177869937694
0.7193504633951268
0.791703422495256
1.1157675112451695
1.0666568053402692
0.937690409000019
0.8941984743089375
0.6121161292076482
0.546675072609349
0.771903608042233
0.9726656366474667
1.270243157125541
0.8397196139555962
0.6006544891229113
0.7556226387459983
0.9333945375938497
0.6787272595171701
0.8188273355886778
0.729339237829322
0.6940772055473109
0.5329259617839357
1.1938234567354493
0.6156190284472207
0.8804153776627528
0.9068896403001622
0.9397507738942028
1.0015543464812289
0.9582199810811342
0.6290515052792633
1.1650232137543834
0.6614255688263248
1.0591077722420228
0.9274057598056729
1.04012342119646
0.8162721107662978
0.7578073823049324
0.9584754817594776
0.6220600892923392
0.5365247570773088
0.4645046097612737
0.8996794687563081
0.5639192806917606
0.7018030833326162
0.4555017969803849
0.9021493902650461
0.7490688065266614
0.5995480123728877
0.8966405556792716
0.9276771343890012
0.9489178831465432
1.0168400502221073
0.8202682047740241
0.8809397224212241
1.3118617306610636
0.7921599793884938
0.49431943570339104
0.615024688599281
0.7122812818057687
0.7337748495706045
0.9448844735596826
1.0356437871240107
0.591718102366126
0.5358218679599819
0.8872281673240876
0.8452748947038873
0.8124927376758343
0.782097146023111
0.46632155105896106
0.4113489755215002
0.6970555891317478
1.0488253148335243
0.7098434069151723
1.0297303157726307
0.7789437264175
0.9036466103718596
1.0079633216959145
0.7135521723919183
0.8290426263527306
0.9539209645903789
0.3568851319667854
1.0863813997917908
0.9023599621334637
0.9059592370690838
0.6236747848326571
0.867649851280724
0.5944601506521239
0.8143878787369373
0.7128288264220883
0.7649243234413138
0.9708351862100684
0.5219776055850757
0.7126403432865039
0.597218024343469
0.47910542176945187
0.8220019983348901
0.7293042192015671
0.8223939233994143
0.9742793635709915
0.5942771688982962
1.0368969141428914
1.0514375343408764
0.6676141265600481
0.8989576452112408
0.6637664016071848
0.9278970499540016
0.7652122635943068
0.7141274832089588
1.0125630157780854
0.9544147787834371
0.6677584354092504
0.9374283329607918
0.6064192312093102
0.74998598285828
0.8500652522253782
0.9598249435563936
0.7508483577669004
0.6865319708711521
0.8743736465452742
0.709781792987269
0.9583764573179387
0.8298103311731106
0.6286275170083364
1.312700305550936
0.7085799764470494
0.804865181825206
1.0535253954180943
0.6828642769478214
0.6467543271031503
0.7731174591840887
0.8138828938991183
0.4148572132514247
0.7092160467758529
0.6688478542714815
0.6657094211922822
0.6259879674062001
0.7475335378098706
0.6624489160182763
0.5811534293276112
0.6799758666821428
0.9787033639177571
1.16075837214855
0.6543244029526214
0.6915160268952673
0.9809936114903861
0.6063159359088128
0.7776705432857376
0.8937561736263168
1.0873415621712434
0.8961304926796032
0.9465206736513764
0.8514267119999362
0.8518249512405458
1.0236587216952053
0.6199607506560272
1.022343900489939
0.7297100921114219
0.5796328522684214
0.6286346003190175
1.2461376943891949
0.8593835966410017
0.9250610389326136
0.6627793781203016
0.7944275045214367
0.8981304867904267
0.6457035099457672
0.834736279088644
0.9401491994416028
1.1884381116147602
1.0100334748690003
0.8931013274915431
1.1113192641893708
0.7590058459106889
0.9288160494800352
0.8876832883564395
0.763907483135662
0.7202580136653481
1.093259442768078
0.8013365683283696
0.8122275515441909
0.7487160183169483
0.9594807185944156
0.6386917244126464
0.7950609062396937
0.9977595914914899
0.9021751379536929
0.7751141032760122
0.7180916900890001
1.166806783309985
1.0367346033662346
1.1149616577489774
0.713134033478904
0.9352959049104095
0.9929894044114093
0.7239309262797781
0.7041134051681119
0.718074075256806
0.7099505814252688
0.8382872920916337
0.8497920131036696
0.8104357802016706
0.6359979269013005
0.6968670466101421
1.025730448089479
1.2175404055258214
0.7660260635161861
0.7907830735755232
0.618586179345094
0.8646057949806308
0.9580261568834099
1.0915664538650667
0.4384620016759513
0.6732123417069987
0.8702186964534958
0.8361797911274607
0.7128406320280579
0.6385985991368015
0.3912476549038621
0.9307966080020057
0.42420085529065177
0.9059499322925666
0.8538077977617445
0.4960909103247976
0.8686976936121785
0.9575268177586616
0.7715841296357294
0.8247651893902672
0.9675410823786115
0.8402199286666008
0.8484335767892164
1.0478920954989852
0.6689508437715789
0.8633984357057574
0.8132495707481645
0.9148753041896249
0.7663853891535597
1.1094855946531954
0.8908590056541477
1.0155981024600844
0.4019394464330482
0.6260746991682665
0.925562294576144
0.8141977497450039
0.9761113783935004
0.4310601541382175
0.9436779918861097
0.9778920456674735
0.8241203447672429
0.8633259559199178
0.8388633484040432
1.0400715246447745
0.46402373975136985
0.8503080999637463
0.7420513406470632
0.8186780540271094
1.0341329178349867
0.7344718285960511
1.1347845693563403
0.943380982432401
0.9411029872029963
1.1362365120312532
0.7457037333003776
1.043745490691985
0.848608945563678
1.0045290892977294
0.729029285889666
0.9854665431109721
0.9304856213521251
0.9590177315661679
0.898906515840294
1.0453314317096127
0.8502816059449725
1.0003406674923374
0.7783590022750617
1.1130833108254374
0.9454537473586527
0.7274496803513887
0.6141650151393923
0.9724310554518194
0.8448234807925337
0.86040121673423
0.6283203060097994
0.9296482405648704
1.0519335973271355
1.1216252650765999
0.8814097326850899
1.20479118471764
1.1641685614060526
0.5606554994327964
0.824425862812827
0.5268503857737312
0.8602578972319285
0.6600610081280981
0.5860636561469043
0.6345998379265743
0.6906688387829318
0.5261884686841739
0.6884490822769326
1.010764731022976
1.0387392334879624
0.8764442760121914
0.9691109900143995
0.9890638686694075
0.8168720594569931
0.5840018779817888
0.8382480875165507
0.8887484629900848
0.7664725442226559
0.8998844520579076
0.9901180850595509
0.9737118648316038
1.0184527700575856
0.6438636158907246
0.7888160372097918
0.9971809956938383
0.8738236465347261
0.8304311282719334
0.9582272200862927
0.8989032999325131
0.6961963008837885
0.7949916135877608
0.7661194229061298
1.02077626793787
0.7983528463736485
0.6765228160403942
0.854686373354438
0.6983573395383365
1.2647033728122383
1.1094394034683805
0.840939822937761
0.6563118703115266
0.6901458417988033
1.104144038201938
0.960310552787183
0.7989566575780714
0.947159104882242
1.138159047482513
0.9078759157808548
0.9080899566187917
0.6241419953650814
1.0170199213690765
1.2050683233447455
0.8493667842760209
0.6234085291549408
0.816218659411161
0.8784814947253496
0.888507420892778
0.7831840901499919
0.9460586880706886
0.9441855963504995
1.0918127568413425
0.6620552606093564
0.7354792104438136
0.6225536268580333
1.1533653352714122
1.0442371757161082
0.8760617645003768
0.6865832365721023
0.8389644600621846
0.8559342145605782
0.5189209993880948
0.6646969079231801
0.8118996711298838
0.9110937568518072
0.9955436684801557
0.6686670301872347
1.0557621802092392
0.5880174400419186
0.8446834535971073
0.7562717622631477
0.7356189471721193
0.9372913392917419
1.135924686188517
0.730134318629243
0.7954568338844892
0.7050710638636821
0.8033690848146704
0.6992978770548564
0.9567767909580709
0.874904557745939
0.8144956996032285
1.1001627856589555
0.8733298628169868
0.46167581886272036
0.7715025420433151
0.6995353572897317
0.9384095623063489
1.1085457642514502
0.5970909906929817
0.8326302292681258
1.1845780081668487
0.7942333378748356
0.6404640613476901
1.0290553016594126
1.0466724213654155
0.8164753709370474
0.6078556654771152
0.45642145471878215
0.774003624404239
0.8563797925826054
0.5327408212729645
0.9117438076970275
0.8255140345739682
0.9307992533988482
1.1960116683908377
1.0365147633676008
0.596101887038358
0.8148604600585034
0.8135975291397328
0.9808858298470102
0.8849002064657
1.0374362774025343
0.7604414181747654
1.089603442081558
0.432088897129261
0.7798597772130803
0.8213039159804002
0.8493335256680274
0.8469103934235054
0.5554047499912872
0.7445737637371038
0.8590102365258774
0.8495068139904369
0.7271765836946303
0.9026250712663542
0.7376955158179133
0.7408745174862852
0.9254188290412038
0.7072160034671093
1.0209903480000113
0.4210854893745888
0.5739318147836233
1.2108682376434996
0.696835260518738
0.982302210843133
0.851388012867476
0.8958175585227256
1.060643147388252
1.0456027801159526
0.7372463537709159
0.8522250280677214
0.5190703105211225
0.7079965281951518
0.9389534873296489
0.7163100213755493
0.668370114316382
0.7418928298965096
0.8421442702419619
0.8206051797612676
0.8557855072808309
0.8726366672430073
0.8101004030192936
0.7734370026709239
0.6480432588325339
0.7766875107909131
1.0389110092526808
0.8398399160465062
0.7600572196754755
0.9264362776167472
0.9018145686366653
0.9918163192991694
0.9606177502996643
0.9007962921160771
1.0772805565154424
0.8732962925934715
0.8070495513314773
0.615289934576102
0.7413249803268604
0.7861501430117497
0.6979320838823644
0.9425793909635166
0.909817463419444
0.8407483691459816
0.9200913422308504
0.8940197423790234
0.9310237776808165
0.8919124540919335
1.1651537844528264
0.97200104310503
0.735546748798202
0.5154535978745836
0.7144417914018132
0.8967867033302878
0.8904447842560363
0.9381563153568224
0.8435184266715304
0.8465948610596555
0.7482540369764157
0.9012951395271055
0.7478930251416998
1.2342325464957817
0.5946330629181937
0.7984598309215637
0.681974229649983
0.9240805632966917
0.8399349999083431
0.5708083616654551
0.9196061260813325
0.9525602023512609
0.8317047154076045
0.6244790018844933
0.9194325161856487
1.1318403921326743
0.8273226075771568
0.6119605201091258
0.7537450606724834
0.6499527314110228
0.7416563588742269
0.6567915343955388
0.8163558767563761
0.5135501282153903
0.7878962669141519
1.0253869416467312
0.7095452736213098
0.8251439587102745
1.0437105406086844
1.0539591067308802
0.6597392145262543
0.795991101515092
0.8459289081852976
1.0640550148908046
0.7416226259748154
1.192115721616758
0.7368317283629391
1.0429764207923256
0.690687895161856
0.8389323981456829
0.9584608377268886
0.8802557422782619
0.9455408492383973
0.8060207659224791
1.016307049017726
0.953587607287503
0.6856502508382785
0.8670457617333561
0.8287420866900572
0.8844903286067096
1.0260446244874823
0.8691666819868941
1.148385545676351
1.1104857557125631
0.5729841576999473
0.6543376505597973
0.808492730652158
0.7956801970160543
0.869594112810404
0.9297732542291959
0.7251598814342197
0.831474641450675
0.7973607243440511
1.053186141157948
0.870965503356778
1.1461324148231422
0.8828423215276411
0.9997974442153104
0.912865030458212
0.740322216350764
0.4457622409645971
0.7854299732697725
0.9622554230341732
0.6776101792619517
0.6119690166777327
0.7272524046730522
0.8695608217930259
1.0464787663333108
0.7321590084841351
0.6195938182467994
0.8043149632978999
0.8006019368026088
0.9540312966335514
0.7557847580757265
0.9581796997184777
1.1945168009591023
0.8821050427513726
0.8650296494182352
0.9987250521442181
0.8497608928782341
0.6871015805890983
0.6567709134767808
0.9675361532012744
0.7468692214633932
1.0093649171309216
0.9489240103690304
0.7656979352943204
0.8689474992462833
1.2181054455537554
0.8742287165339713
0.865515574028036
1.0786218737604192
1.2249646006893606
0.6279013356147041
0.6012736358357536
0.9062225846882906
0.9742819387507647
0.9806014435138702
0.7752256811930607
0.5914955928594887
0.5133202048687115
0.95035267340849
0.5772259958545483
1.1760210477612199
0.8092211906779054
0.5983565241308086
0.9065881256040544
1.014900331835042
0.6847699681978658
0.9091650109323781
0.6877756293467414
0.8634062423793513
0.8476250702265543
0.4255618640958568
0.787103281547833
0.8415601585299951
0.4693694171883924
0.8349792690058008
0.8483934681225306
1.1154641748934409
0.8190756159885481
0.5908301981245587
0.7132696720495986
0.7708717590689855
0.7735360741961891
1.0676839368553552
0.7685681389913838
0.878539829559107
0.7727403659197353
1.0561249357036866
1.0362604649541693
0.6860512261707387
0.9017947059345217
0.5641722046213142
0.9654951572587125
0.9327393115397868
0.9264135132968239
0.9686355668836842
1.0352623010012392
0.7216941869130487
0.8828988974093999
0.8646145058856363
0.7610280592324874
0.36701470779786044
0.9285713412048475
0.8675714102953295
1.0415285333427597
0.9083869156879248
0.8028328673384508
0.8068499694357317
0.9112380665080686
0.9775725902642538
0.3669240331247493
1.0926804240242198
0.7561727182989215
0.3832356500123537
1.1023007599654813
0.7884505937812619
0.8596185167708906
0.9687570495065385
0.9181595312891848
1.0001998056728763
0.7560450378989256
0.8219400173565079
1.078371448668289
0.942198714727551
0.6955613821412661
0.8163326155766756
0.7532243946094356
0.8494585975434454
0.815580766041514
0.8881960703148611
0.9171143597280087
1.0238170332241934
0.7910026630993248
1.266980575072889
0.8758721685438126
0.862926558854567
1.0699882883741285
0.8440907506543969
0.9465260593922302
0.9874403148905164
1.1595684930653145
0.7024500607723397
0.6779167179617956
0.9233059481201312
0.6136937349821141
0.6330087845237895
0.6953575280334849
0.9517542444101467
0.8486154032803096
1.2223717889469783
0.8501900830770206
1.1453705562802372
0.9315429006440675
0.740433657093394
0.5706208422923847
0.9967149421652994
0.874638325745702
0.6447619805530274
0.8500556877721672
0.5266940407464524
0.8279459147411602
0.8436174350143789
1.013947836210645
0.9563215426629394
0.6149499377113907
0.9102436224114105
0.8161635024668862
0.7664893486315091
0.4028235156297552
0.8670657252221221
0.8113010272384458
0.9092433822174953
0.6746360882533244
0.9172835506016053
0.9097914419235309
1.1251489010838251
0.7758699285722638
0.5760159781019141
1.1148537537407712
1.0630475423245005
0.8558343932634104
0.7752877182287816
0.7882444740886662
1.132222659395583
0.8816117077728824
1.079259862076675
1.1622607542412966
0.8396135105187161
0.8310051560611292
0.7250600587445681
0.9406022600082736
0.7167801682717728
0.8097084345268581
0.8499086883288849
0.9413204703055736
0.6932551860843064
0.9262332417535034
0.9841881163094269
0.8051802092039709
0.785590980883011
1.221937141592672
0.9611890519944504
0.841857117712745
0.8272284190435266
0.6509160383910034
0.6026993298714307
0.868647852750999
0.8299385789716696
0.7673603155524407
0.5244564274910741
1.0539493455688687
0.9866090122879468
1.269059247732631
0.92237531543946
0.7416677524822549
0.8411393287271282
0.909102276326282
1.276470704522643
0.9424214477911392
0.736521790785357
0.9618720691427203
0.6922274554659004
0.538566896335761
0.6939908279877667
0.7681002730243331
0.8796583155891962
0.855710324029423
0.8979681562743179
0.7784273790765227
0.8106781703821722
0.7546819247504472
0.7601805813077255
0.6977764745125731
0.8053022087980631
0.6032867179898334
1.034711835464188
0.7668333668565168
1.0465375829839134
0.8836928057100113
1.0112846368857469
0.6155333554503323
1.084082580759083
0.8173941417343851
0.8643326592549526
0.9696203230074798
1.026945254510595
0.6051085084636028
0.8843952006413848
0.9716904255386265
0.9140630510529009
0.8929545700892252
0.9266370529508507
0.9478953824523865
0.8767923846943168
0.729140530672742
0.7191653190219705
0.6837944938748561
0.8684647442337516
0.9988268026782496
0.8099191959697293
0.9659838453017255
0.9913582867566535
0.9366196829513276
0.8218246009014637
0.5017557834864605
0.8104643336109878
0.9418754997245294
0.8594535104440921
0.7755874957691332
1.0289126502164871
0.7480855085943541
1.1499738538739819
0.8119547877035853
0.8547264595003808
0.9980455094208895
1.0141591400886658
0.4103374845189114
0.9869039489083026
0.7056289446599242
0.6858208979148139
0.8193649660499719
1.0300335481118952
0.8559513880760192
0.8317027125241492
0.7731261659016374
0.6992849717838546
0.6525312035750057
0.6050261335445508
0.5566344277575221
0.683558191232081
0.9762967181378511
0.6553581673565722
0.46395885541268267
0.6959095881714752
0.883941340785844
1.075865290483552
0.7233855782356758
1.0907681512209797
0.94285067774826
0.4160777037414079
0.9770931661227807
0.959430799780959
0.7204148699627537
0.692040555029104
0.7330121020234128
0.7548066131118537
0.8366157017251384
0.6392349963657209
1.0301396388598472
1.007014726370993
0.7532907543429375
0.647092623474159
1.0299075862003295
0.8354146020471668
1.062291799019299
0.8820482324198314
0.9745109579825604
0.8132007307846228
0.6868306055137084
0.7556505377983803
0.9526160078163389
0.8588853518882991
0.6060343612665515
0.7238613664409618
1.0041342356085776
0.7862260854600378
1.081865188358142
0.940672071073275
0.9694029904342837
0.7929533867003111
0.8299217385360543
0.8298696544126692
0.7963827192833295
0.9278040012240655
0.8720918805245726
0.6958996806019992
0.5817401751340241
0.5274549295935379
1.0490676640073038
0.8703322739665964
1.0836196894531072
0.9034853725039813
0.8463325599204965
0.6875047947663693
1.0818196634263126
0.8046175821513815
1.0963244845506435
0.6349579902616382
0.7654835268895414
0.8803047559301478
0.6557985608210917
0.9386186663264942
0.7806881962423671
0.9612988435021188
1.0867346612604167
0.6595779185004861
0.9050860699603519
0.8719264808708291
0.8088990414867517
0.660368205025294
1.012172318506917
0.8254982740535594
1.0073352977667802
0.731092954707254
0.8289523059825088
0.8273823119759554
0.6819668619020518
1.3423472655114155
0.60306687758312
1.1525414076655407
0.9342695002859879
0.8226613325041922
0.9134941791237816
0.6725865848696668
0.7022530460023755
0.9863950331083878
0.9476107563844854
0.9114598620200336
0.46707730132983666
0.8936476633382812
0.6226826859278749
0.8462562158689141
0.8951685929635204
0.6057516585034949
0.6393986747960919
1.0494674323433906
0.8526438822073964
0.9184806036059004
1.125283443798486
0.6367184102141431
1.095000181577573
0.8983271715514862
0.9054488911901171
0.7986861560919587
0.9743675140455477
0.6722254536805485
0.8602551664304431
0.8760362011984711
0.8064182222300339
0.6704485946174663
0.886854254498179
1.04928033198913
0.821672626633701
0.7049929977537699
0.6471759297163542
0.7289822190455951
0.6107714271716255
0.9407337239679292
0.789259667111409
0.8958496532430619
0.6759626340206545
0.9046849822856201
0.6757415084690996
0.8326466404251164
0.9288888784413311
0.8180477452598791
1.0296458998165097
0.8646954756732125
0.9479819365715035
0.9373435425840295
0.9093170964700215
0.7687197226265384
1.1333941090485902
0.5999526336183956
0.8974885351429291
1.0087698783873555
0.9112656210444994
0.7494034645025293
1.0127048820762095
0.6931309249421671
0.7587715700078126
0.9107405045183069
0.8411019763320978
0.9587729656194057
0.5915904325422278
0.5048759111639063
1.170362916554573
0.8607184193440476
1.199270212388264
1.0419409996528364
0.7430692946674562
0.6693696119969788
0.7344579375761301
0.9507873240532343
1.0273107578110534
1.2365581120325875
1.0766207532041154
0.6836428356192039
0.8462824676186402
0.5833837392857024
0.7212430861729799
0.7314307116218992
0.9230265372769829
0.8682742866562919
1.0055642021980156
1.1347517915693677
1.0030425612908278
1.0871153348045048
0.7652136492711595
0.5975034247040467
1.1365474716916153
0.9118534041695278
1.233857325085521
1.0596120446892308
0.8863277938296058
0.758077083020015
0.8867574366497173
0.5995483191615949
0.6278121532436977
0.7952565644605396
0.8825145641921346
1.057351898473981
0.8142451188688621
0.8068334285054493
1.0257794597926864
0.8260685971653537
0.9933934622423466
1.0070229156118415
1.0386931975935303
0.8062610233105968
0.7517310194963517
0.8938504747034361
1.0963265709240404
0.7469460206417701
0.5802461156275581
0.9493613921710932
0.8107818479942893
0.8355456735763612
1.0007424384274826
1.0024474985488898
0.8957027878615159
0.9957103656785787
1.2081199465802184
0.7607450280478312
0.7307822325306972
0.7680245084509979
0.7078546014539225
1.0043845195503316
0.9030270290701541
0.8166818070497321
0.9884161441952842
0.839508300024666
0.6866848965540513
0.9698810292236526
0.9126555684116804
0.7032006182675743
0.8561264440916747
1.0126940669197901
0.7907975969451105
0.8995337174573732
0.8684506015514429
0.7301304396026773
0.9490375756389927
0.7618641955147945
0.8716004663311661
0.812612637595228
0.6950024917363753
0.9427250006353577
0.7454028169058164
0.9707124976947922
0.8782449774476729
0.706467174262386
0.7521176380136645
0.7793846653939531
0.9889364407716605
0.5385100518139326
0.596132355598195
1.060790218624192
0.581475545174507
0.9938514981244345
0.8618133352319599
0.8603002934523813
1.1820191429682798
0.9455590166740628
0.909834094898992
0.5943167061720187
0.7887429184381749
1.0530985664049544
0.5976116812187792
0.6135536520273511
0.887949150921535
0.9485430785591604
0.7233047855545301
0.9088865467025287
0.7630305056777199
0.8655840378230961
0.9162752186801066
0.4892642291903671
1.062999227967187
0.9122003073542593
1.0890919360907214
0.8635193396392584
0.8711390867407215
0.8508987260809958
0.8040835766214555
0.6945845640755358
1.0132193625448314
1.303266896947824
1.1006333599953244
0.8938244248190933
0.8177810364459809
0.7622748343642785
0.8729785798901074
0.5732714716079581
0.9630078808063556
0.48264046158575213
0.8501737073593736
0.9081012710820936
0.8996269088680208
0.8838454688552728
0.8278152654259822
0.6737817995017837
0.9218182279095478
0.45593193277715466
0.8217553132848621
0.6282006550972207
0.8941011169757539
0.942580077169982
0.8623016631948128
0.7954892309804826
0.8096606166582383
0.90383312112427
0.7735382602468548
1.0071873640774875
0.8362789176378449
0.8424839954085386
0.9283376383547018
0.7335469262555446
0.9511967081103485
0.42435070371252887
0.9845505081636158
0.7928615731887142
0.7810999667749228
0.8550938115195835
0.9708500024020937
0.6942426747970497
0.7565228659819018
0.8801628887931687
1.0438464105443452
0.6970134748839555
1.0540757646222818
0.7641883107764484
0.8955888556264823
0.7276714722662498
0.6462724411037886
0.8524751665157775
0.5427349549480049
0.7394141513461875
0.9576459441902103
0.7321547388742318
0.5695501179485047
0.8659603617287623
0.8029639584308267
0.8389683262753626
0.9577443547726702
1.0546248289735474
1.0694316700799182
1.0206807702555363
0.8495941066009274
0.9796061629707635
0.6077568538645869
0.8443924760288378
0.6828291633060013
0.7289114570273253
0.6597195953263337
0.9903869844043176
1.072040437827618
1.1105769359987658
1.114548768535825
0.635552089156369
0.5239581987611969
0.8197378002531863
0.916514377629607
0.9154426267151777
1.041440176488196
1.1055981571712281
0.8252089185165876
0.7504662081862954
0.8679226014375424
1.0139850284718288
1.4049817932022628
0.9239666993107616
0.822855321337512
0.8447591094703494
1.0148991626681345
0.563784545230245
0.8270370759039354
0.8662465027426226
0.7722966046003595
0.8970614355870509
0.7322887412773648
0.9688399465568676
0.8345427828774434
0.649139314642756
0.779924462061762
1.1286323503963227
1.1019002555234503
0.6972780082128487
0.8454353858138912
0.9621977945060931
0.7018463536710382
0.7180710631653627
0.9328855893153748
1.0058499018435254
1.0161325894555269
0.8763191534667534
0.996567545363428
0.6756935229930162
0.6994171656429161
0.8765065676653445
0.7049750839623716
0.6547703221935216
1.1252150182639324
0.9901471199236206
0.7428587139059298
0.8640553730468442
0.9583475893353164
1.0311242520177573
0.7240148390899982
0.8170624178971518
1.1691295439671414
0.9952290544729728
0.7374369860379466
0.7157780544394385
1.0080799351163732
0.6973667684216371
0.8116484469295305
0.8253661305283844
0.9715615801089491
0.8737429988323335
0.7418053579264767
1.0166691141060307
0.7096521323981788
0.867673212269718
0.9641868495914439
1.0819203843501564
0.7218986541332131
0.6970576809644976
0.6148039066833161
1.0205922464179191
0.9582407476628797
0.9028037947321176
1.000139049552582
0.9452131447047347
1.1181093453441007
0.8547273478437258
0.9399250237597132
0.7405856348033263
1.0192163420460678
0.9540319877162994
0.6995425198986754
0.8848601265288872
0.9737935412666846
1.0911872514460215
0.6851337197455554
1.0412636054553255
0.7675286493643385
0.6961526681509077
0.9927976090269282
0.8894290046750071
0.6927068824857676
0.9247272122242177
0.9316676322599416
0.6392728065455946
0.9490429870754792
0.9582006404463332
0.9603074755934851
1.1499245300244112
0.9178089364818958
0.6563741249294666
0.7935082360749018
0.9057736410387432
0.8176462867355935
0.767194630150838
1.0085756445596432
0.861068795936817
0.9305555391652074
0.8456233607843153
0.9759615305917498
1.0079483888803105
0.7055407341532542
0.6231269451520539
0.8607382552708607
1.033509078079077
1.0854268632401673
0.4943731236989659
1.075796582543652
0.6842247125754192
0.5414778435630185
0.6709034770576459
0.841052204808204
0.5127215826846111
0.7187935065325358
0.73594457160497
0.663742179444757
1.031271243700898
0.8440812307353585
0.8375233423972624
0.9192801064234735
0.7622220111148135
0.7499247364080286
0.7848901953647534
1.0746399755227973
0.7639976533787132
0.7349042038933429
0.8846682480343049
1.2685289499637438
0.8081073425201585
0.8703400804136963
1.115741371375258
1.0140499792799278
0.5274473892360616
0.6879674499321125
0.9780054064099537
0.554894121501595
1.1018220455252896
0.9131257398159462
0.8006552098660639
0.6392354685574074
0.9627042214607676
0.8276156543046544
0.8634118446096901
0.7438857134284053
0.7302470858293348
0.6133663568196743
0.8721266597007585
0.5367232839348934
0.7299434341925746
0.8675121041169293
1.047874119961494
1.1178158793070483
0.8090477436047349
1.1897363707964408
0.8514501848250945
1.1827889241121907
0.7478412410602581
0.8383538324694626
0.6624932316348477
0.8598234469022199
0.7701629590578095
0.8388178978457428
0.7393808039570218
1.1666658518034585
0.9128131543612997
1.009376099691524
0.7324648137312781
0.8813875429013794
0.9898542870879176
1.0107997093003311
1.0090710163995287
0.8571937083713108
0.8427207017298183
1.1734647824392241
0.9412346941501997
0.7327362617840352
1.0682968413592178
0.7562758923362962
0.9544776826378736
0.9492796713693854
1.1392918836795431
0.9180255374660373
0.7840813754663702
0.829910492416247
1.0667332405126335
0.6612729948494431
1.0993831808879657
0.7096323610111925
0.766163976403257
0.888515588065352
0.9677161152837078
0.6379979893938135
0.7696681675950185
0.8464985759200053
0.7537919813975134
0.7887723493113088
0.9190763582657672
0.8288985362200215
0.9192320941608655
0.7704019533725311
1.0655065363815897
0.7747154942098602
0.9660399376436648
0.6938874510465043
1.0694862855892937
0.9831517397434835
0.9525232343408048
