86.65233243399838
87.36824889519164
88.0872391086499
86.48886210383112
85.84550955319031
84.82535698318814
87.46479419482844
87.05832410309546
85.99541337006946
87.61101663285343
86.89820159517669
85.06961578762338
86.79560324981094
87.71156260369912
87.50261234329223
86.59300148269573
87.51076339844334
85.93630274016785
87.35311365194472
87.76545879517863
89.25319094452222
86.49248920470725
87.97700317855538
88.00105218219426
87.68891421331732
86.49147742242384
87.55081711264788
87.49024710448018
87.73342343114535
87.89183704812986
88.10549784834562
86.36118502726823
87.17539308308584
87.51503173682296
88.66813979944095
88.11951331271284
87.24277454185861
87.49081900183742
87.71724155619292
85.75271825644451
86.78946440337481
85.68325933795248
86.58712372139759
86.85893033402967
87.11412934944754
87.6646157559697
87.37890881758176
87.96386197596325
86.89885064375021
85.30973411590921
87.82936677764755
85.77003595888128
86.54164228341622
87.0384099315553
87.63809817139767
88.01356437800352
86.79571839973796
86.84683484824491
88.46688003841017
86.35818329745248
86.87911719841135
87.1130878278698
85.92359003668447
86.77960389643768
86.8933654428177
87.64173174998727
87.23975596394484
87.85985005587182
86.59522812333378
85.89337417203753
86.22181234577735
87.00859490200749
85.60114344440005
87.1886708203067
87.19185052446932
85.14145616107037
87.13445828704916
88.00205462844364
88.96381947507189
86.49216767624823
86.69016915563195
85.98283185141132
88.40636146937999
88.77489586702411
86.2061954016578
86.70578567136084
86.0919402689777
86.40481257166897
87.11753325562448
87.33396522158019
86.62676870394658
87.50660660212104
86.92265212385048
87.79611127798276
86.09626200531319
87.06698827153328
87.71559327697692
86.83975447785798
87.46463703496194
88.99981106429527
86.75700627808098
90.22578253099246
88.13152055492039
87.16783229773756
87.15810920043384
86.90482161922843
87.66702546783057
86.70408495625176
88.07015622874013
86.88897216740975
85.53280412858942
86.59078486611702
84.8554908707601
87.54100473432968
85.34005943283881
87.74834286536262
86.26857711459243
87.20714567339127
86.1536359489013
89.00997852833622
87.01557057677101
86.35384449472916
86.77011842916076
87.18826474249421
87.9180128024907
86.31528355402939
87.9060609047974
87.80987116956919
85.61174419465893
85.47717102427804
85.70609977082158
86.42000695459956
86.20039022190062
86.68351335830594
86.4768201284076
86.13990635247421
88.21988610709012
86.79533819593033
87.43925307483927
87.33089083778493
86.79961080526186
87.46883332043963
86.7528897820854
87.07216590576863
85.33623914014699
84.85699164261047
87.50535827034398
87.25985554151488
86.8957606663507
86.13619127195443
87.39473347215409
87.38397751108499
86.62983054048973
86.06442857238363
87.96238992163109
85.7368844928664
85.92734103363289
86.88977239181725
87.72209552316123
85.51958730862677
87.21096374849294
87.66384459079002
87.04822153661732
86.71472940841952
86.10300835180085
86.52986881189194
87.38972399028123
86.04097551991487
86.81861299782194
87.56056761228098
86.14114287686994
86.35863311883807
85.79959996703674
87.06749376994387
87.89745478716148
86.0932032092855
86.66687354587626
86.81015198500347
86.87980761485444
85.53385946460442
87.90380625584076
87.37655078738861
84.58442093537349
87.24529569076782
86.29286360136788
86.85358335068403
86.74590858383463
85.00097417319758
87.14783830813161
87.95848340707992
86.18423241854873
86.7313221633216
88.06413433275742
85.54912583147481
86.63659181097094
87.58351274632999
86.47254628575011
86.24910839499348
86.8345159186101
85.19881055103438
87.36614083662987
86.7970119428032
87.2716044085109
87.36349630750131
86.66409358207362
87.49054180563509
87.13517669262784
86.95223383019092
87.62388909124445
88.03006875751144
87.81327339210027
86.46901153558434
87.16528061920502
87.119679518461
87.64272415448346
85.06787303473521
86.84875665638052
87.91264405683445
86.64304161899452
86.97663893501407
86.86380055274189
86.79586120410326
86.97021577908416
85.67130581067077
86.98518957773295
87.5008460026654
86.15389385795065
88.18301806169619
86.31267105370918
87.07175570285786
86.45314569609313
86.39547903229527
85.08015945791159
86.40312540040625
85.83428767833286
86.28024419658699
86.47246901359873
87.0950764971841
87.40552702849476
84.73617281543653
85.69900401353014
87.52649442724807
85.66699571576153
86.67025239338335
87.44212611952808
86.92209697192591
86.86337283331858
87.84894762737319
86.48530400639339
86.38428624110877
86.00680855410828
88.00865038996349
86.12554531911115
88.61678529781278
86.40578180168858
87.1791079533087
86.17990476324763
86.35440702885217
88.26811514123622
87.99961136571866
86.97436693715575
85.50599068276811
86.17824062308529
89.83883398107673
85.40156581400791
87.6385570891552
87.13868453623557
85.87031482559577
86.59277994177015
86.06761506120469
88.0594925209162
88.08438822688869
86.61078911237965
85.86319574159214
85.90736122536407
87.35336465113488
84.54511796028511
87.1919174468257
86.87256591892388
85.73034707617275
85.52568710790175
86.83797653001768
89.39414998861886
86.26584621881976
88.81468249237287
85.88229969381307
88.67099276882922
87.16907639770974
86.37275295756486
86.73064149014975
86.03271584367644
85.60270437621536
87.0368137336948
88.22842936080089
88.17194935177288
87.72685349715029
86.35674884188272
86.83923496973614
88.2723887664774
87.94154174338162
87.13859248969833
85.20194251052477
85.70125910659432
87.3145327099116
86.70383532893095
86.74730192661205
88.37771758407038
87.47537812871116
88.99019926308254
87.04339376584772
87.14072308416733
86.56051614959198
87.30126429436439
85.38326266130933
87.68582682118125
86.58121958780052
86.82257984185074
86.6946372110702
86.7210068996589
85.67428628430042
87.37014792939597
87.266826196267
85.34671044906034
88.57644419517818
87.31277966479169
87.25069698819189
87.32032091853112
87.67975732736328
86.50375491370741
87.379450676257
87.38118142538258
88.01824631201023
86.16228353097087
87.77054251080092
86.04204188478687
85.10751797321117
86.39947409966581
86.40791934286513
87.83393471864217
87.17868302349558
86.34511295460415
85.26453918714913
88.18440993340724
87.16038881356073
86.98544862086806
87.79291324957333
86.32193872875638
86.16512001612469
85.72990302505744
86.39902025661493
87.48515203147493
88.42286857271978
87.63389130175362
87.6971994529166
86.29155998387488
86.06627891952878
85.24322512816772
87.03269774528907
86.51731388794633
86.63110651223053
86.29579241307539
87.9056501270916
88.25697054411562
86.50916285721316
87.63516190336868
85.1895353882923
86.43689364129439
87.9990321801978
85.5330740456225
86.36650798623884
86.48468758599486
86.81707238990023
87.07968247059185
88.31872304038475
87.76844011090154
87.10637517484777
86.87800399748296
87.06812064061636
85.33636028276224
88.1632676974969
85.10699786823767
86.63279620692579
88.10976895102446
86.70065886981514
86.60546800133932
88.65666684702106
86.88407272365049
86.71714852372685
88.18214040468962
86.53266165288551
86.02674836069512
84.19617039299976
88.4434631696038
87.19179081580273
86.71127286531899
86.65093736103748
86.47276040826434
85.78307803980353
86.27919684161057
86.66464269056064
88.32890089778918
87.9263686586911
87.4446414721714
87.58397796440507
88.10766152732371
87.45934484237789
85.84604186186235
85.97634296383697
87.16945895390563
86.70390701707257
87.56376160437686
87.22224246894321
87.44157234690863
86.976537716416
85.63940746737943
85.78041879500603
87.4398350377907
88.0240738523281
85.46490919015379
86.39126041048405
87.23321937376465
87.629859886506
85.85710229492022
85.89122018330984
85.5614385403623
86.44049238645938
88.23010578037392
87.42828485785115
87.27093848620686
87.11826587635385
86.42102783825351
86.6970805454044
86.88622809906562
85.85516133022246
86.2089785092331
87.74296413305444
89.16717573532961
87.15696292373802
86.93699617889409
86.39339050810081
86.68535005491314
85.48616076499988
86.65601530437188
87.17660187690156
87.17519479920183
86.71297078303365
84.44024272159717
84.556808479778
87.60148837155815
87.5171101020436
86.2972757263282
86.13571746030989
86.10582928869819
85.31951672552519
86.48865477411206
87.45163189690562
87.56517643629088
85.82120668747682
86.98639133986369
87.63126208457369
87.92632865792041
86.99424575160819
88.55411255358655
87.26109929430838
88.1469815314521
87.08130808475093
88.2321814427128
86.46546930352613
87.85126617722683
86.14829112889845
86.86860906457699
86.3678810149
86.68902055561763
87.6425869033546
86.41726708456376
89.8860353762138
86.86804548024048
86.65254067404072
88.34484733283996
86.53984078798699
87.19921146252294
85.65130430143147
87.4257001876329
88.64829085486693
86.82896406421133
84.94834663246526
86.86403341461929
87.80549287225952
85.78712043557816
87.887446493147
85.35035577788024
88.17462850463131
87.30633388089139
86.8039792190948
89.05473935558415
88.10712822563448
87.24252187488085
86.78980460569079
87.22951085806042
85.53519554527801
86.4054543057299
87.14425547314312
87.06746625787541
86.80385310154709
86.74236495812637
86.80758108760243
87.07465920626247
87.2780310619146
88.20064735389293
85.91644566118205
87.84911900373285
87.930226594449
86.26190773391482
85.21380848833506
87.6340690510695
87.04184206209362
87.96023602877466
86.92830771179102
86.87868408627745
85.9530980843814
86.77142718413944
85.75784273378144
89.64681895642263
87.53562593258742
86.97311090871895
85.94516195385144
86.90826308885542
87.34217435415104
88.25368347092126
89.8679573107484
85.45660959617463
86.57015628157525
86.95790821120723
87.83747505844242
88.33416356718993
85.5455084970399
87.81217472777551
86.7322055035538
87.18659396488063
87.09254953331286
86.12452277002927
86.34475194719911
86.22252053517822
86.44532081310882
87.13148145030645
87.97551623512152
89.91382517298399
87.6057750695264
88.2732406339217
85.69590648658777
87.46491083778342
85.39619687153288
86.33650459786422
86.96557999218886
87.72045997404867
87.05785446253645
87.09743974255679
87.25078280052496
87.10256938621447
87.18981005588995
87.24317883974831
85.94770529565207
85.09530580337447
88.4279213228882
86.05024911024697
84.8260762113381
86.32525066153215
85.29948040636963
88.05134240810047
86.0882023557976
87.31913838448088
87.66489496438159
86.77159919272323
88.22253057188367
87.47852703434057
86.76388890863385
86.79953427740284
87.35258554054778
86.64466898001248
87.71070226349842
86.66028350031931
86.5658261712005
86.65695301144102
86.59794606126441
87.9536531689049
86.16502553197121
87.90352378186593
87.49888871534748
87.93490515997601
87.65196321685622
85.96066226371362
86.18235490561838
88.49481738154847
87.24117993210375
87.64932125854352
86.18496489005233
86.42539898641138
87.56894026184338
87.87104276684862
89.24173744931944
88.33219864778215
86.9747682157111
86.62336090114312
87.82857268460492
86.76996959538414
85.92476177440825
86.74673990310055
86.76690574674306
87.43379766105527
89.34287701374465
84.83933351561382
86.05508028034285
88.07442265581572
87.99100519364104
86.78824163409858
86.31790720993182
85.71424024470676
87.08008271303524
87.67844901878142
87.72214204546201
88.04147840444857
86.71679996454189
86.37594525082831
85.09942388262877
86.55858182858685
88.47449130863163
86.80084214194659
87.08666173815507
88.38061340395868
87.44865671383675
87.62757103084938
86.04958996681792
88.37474308504413
86.26723378518612
85.89789295899202
86.74436138786315
86.84209243994579
88.3424201210398
88.50496186080761
86.5289477206989
86.92412655040009
86.93585360709045
87.44938125862492
88.32536480178952
87.35692776510932
86.98665869323288
86.89791736294086
86.29256902749589
86.43874214334495
86.0229586451621
88.37529037143828
85.74601466907629
87.17490789488748
86.68636864826179
87.25411383535767
88.0957656582779
87.8538248679733
87.66791360508198
85.17026152818974
86.86236153187546
87.9676085026522
86.89094674937562
85.2079881955581
87.60883732980267
88.03791500458435
86.97090201418503
86.41395013001997
85.88266952394721
85.26965545471666
87.42267112344305
87.58196686348464
84.72167964638065
86.85215682444321
87.41499171805698
87.87844994864317
86.3160963176677
86.6529494079196
86.94442423488636
88.3724454723473
86.05690005929371
87.69132479371495
86.19261454097479
84.87083070919456
87.51801276106188
86.44269407130255
86.60361173750705
87.9903081846504
87.48925768493194
88.1682502055214
85.06713292176633
87.20914028418936
87.44807600795225
87.17605751469274
88.38855400458193
86.647695703932
87.52227833085135
85.57623439589923
86.46508262778255
87.47098139716712
84.90949515203927
87.5087168291694
88.1130576644818
86.68882351859779
88.05558007130236
86.45518646772341
85.58425880463908
86.57925611226977
86.21550838919696
86.62940880814283
85.39575335513577
87.28962668697659
86.93119526354008
85.66355935531556
85.73591838358554
86.21677476231702
87.31438273254481
87.67822247500168
87.55213836429847
86.92761339014366
86.0488404734984
87.30747806834994
87.28560451469116
87.00810088315478
87.12086312151054
86.6546796286303
86.28446934765311
85.56138056083236
85.79026302843576
85.22079874131768
84.85656270001037
88.50879644291032
86.95583435667557
84.72768702548116
86.43311168362537
87.66200417417699
87.85376968491468
87.25737412571947
87.74811669033842
87.14416939604865
87.39841000787689
87.96247984139913
86.70522125161605
85.75478825935551
86.66424075240396
86.69948004395029
87.20557467439257
87.95505899987687
85.28225728476147
87.12349595619082
87.99191429990258
86.20944745617432
87.61518175928299
84.99209566824516
86.59234336206363
86.66075932098404
88.93787769201177
86.26855317467616
86.89899971245914
88.14836699754157
87.46889606674772
87.37551604131329
87.26026673292273
86.34885316311733
86.7389915886319
86.0963029675714
86.46895351231913
87.13152624065792
86.88004510582208
85.77435737120872
89.21140641030686
87.33665421151314
85.66605775457657
87.52178464229709
86.87119384345104
86.60725977421036
86.47376489773643
85.72220818832218
87.7058139483879
86.46056830470833
87.58146831820783
86.92730188187313
87.7126346832374
87.62600498941394
86.96986852610645
86.55429732321998
87.4888765856909
88.12332831613945
85.37852334860749
86.7241529990576
87.284963302586
84.61731097316216
86.37218496534199
85.57674192143045
86.56976417170556
87.68237227892915
87.56728267694615
86.62845190450913
87.31199868909871
87.41153460265329
86.39221108902834
87.67589420536721
87.02854831907199
87.01828931984822
87.5503218680328
86.77616552916122
86.90212083642537
86.9719455818002
86.41019016421372
86.68144182006415
88.68848908508707
86.872591087812
86.6303181633469
87.9145041295589
86.61873147685047
88.01627748108409
85.86329722716724
85.81362222504669
87.62304332156494
87.77590294294285
87.0831923228155
87.05693714058864
87.61867876336915
87.18502215143592
87.22761890216296
87.1042474418994
86.45960165448732
86.8268297493925
86.30684301489107
85.72402065326546
87.01744957744975
86.66261803463324
88.34226125764542
87.1362439561224
87.18643820711473
85.1407811152944
84.70062757971003
84.97941160300401
86.85259648498308
85.96200412532947
86.47986725195899
88.34880398358327
87.93709529574045
86.61953168666058
86.52190679423313
88.13387690968435
86.82441723210154
86.70831968113289
86.78301309710852
85.8841004159345
87.42506718774384
88.55282310265581
85.57966964382696
85.94466344823945
85.57298596186922
86.05450030967299
87.21015702868583
85.19614841798385
84.53895894918328
85.17734972706856
87.54885158661429
86.74569375505995
86.64688974954309
86.1783782097621
87.1658327362649
85.95560719578184
87.10529874473698
87.4353081525709
86.31284657885155
85.8092394520762
87.72551717729633
87.73767999016212
85.59915890117267
87.4829384206223
87.27790435714503
87.58340754240014
86.18474031934072
87.69527900901761
88.06873884383684
88.24631237194659
87.36579346463245
88.3725577836681
84.79307338665916
87.40755616089375
88.271605201145
86.36830572853448
85.54667453320356
86.87612223721727
86.98261505677957
86.76187993337021
88.45021850065221
87.55977536749982
86.4191425247543
86.85084665028975
88.60146568814773
87.487594308794
86.62025412433263
86.35013051212
87.44726317730117
85.73431337668322
87.07507531148278
86.40919546580346
86.71011765710107
87.54190586013132
86.52559134826971
88.2536824964177
87.29252178171889
86.8659224627927
85.85891360081713
86.49321999993475
87.51818630752923
86.08025511592605
87.8659636204137
87.29805235904891
86.9244907297325
86.61187838489236
88.15983903520805
85.60266965996023
87.70663860771577
87.71873581874725
87.63649696117909
87.73093565470263
87.04192867180838
85.94150197704356
85.3754492327815
86.40280399933792
86.17018515268782
87.27914598403707
87.53253011869921
85.25301984027075
87.52973887821676
89.30600807173133
87.12521809857805
85.60366710810598
88.45283807023759
87.37795901194298
86.64264091152711
87.11699069602902
86.85056307831688
85.73141105659262
87.03359252623855
86.70660395083588
87.12277665392496
86.42833664773816
87.1348665227074
86.60215228821022
86.63552623218982
86.04792434518762
86.8960515318987
87.17541131677368
88.72312871263081
87.87164267553871
88.1111544854571
86.90526356751808
87.38478579157697
84.63185218254993
86.89642738090525
87.25510751485535
87.01672415133736
86.0424562328369
85.92525269494047
86.99154756704937
86.7761835841192
86.72190354628401
86.87827742129177
86.23087197956549
86.7234228519285
86.4435564828969
85.7286325437129
85.71848489326013
87.36842744915347
85.8778208173013
85.79303647647772
87.18525453559488
87.25297875171331
85.4307306215293
87.79420847029533
87.84036384789637
87.45168105827331
87.61548253145992
84.72702451591289
86.34454700230378
86.64766341824614
85.30369047280094
87.24204774506127
86.19262386103814
85.53430066804499
87.50910027967339
87.5789260082965
87.90816290317153
86.81428752326576
87.51402440048045
86.95256570919466
86.86824974023654
86.93084738583873
85.90863346775522
87.1441681787726
87.13573150953205
86.95295983268984
87.42679717471763
86.4079281677082
86.97354403273165
87.8132805873436
86.58624797336753
85.15971525033778
86.81874627752964
85.79902201424021
86.07869738218365
86.55765546228993
87.29416170651322
87.38523046193596
86.36417673939079
86.50172358363317
86.09649578663831
87.82418205907763
87.32053566031962
87.11654980310071
87.49383076350624
85.16593888355285
87.5886695236089
86.75666315438781
86.6536881985397
88.19819230329068
87.24898456868061
84.93063760051342
87.86293368090288
86.78865648223038
87.09154569569621
86.74487845389207
87.48383872891627
86.9611737688357
87.88031202207031
84.70317440827054
87.2638412178746
87.03583710595849
85.97214926077763
88.69007876750348
88.59808426502775
87.02979403673697
87.44305534053228
86.82022030888692
86.83540337625197
86.05403278622178
88.00707247248232
87.88366362144394
87.92317334848201
85.76095285082194
85.7976671610525
87.2665539564408
87.33795067872876
86.3808674333599
86.31354083919662
87.30813608997876
84.99832250661936
87.4801733168365
87.51894033532429
87.88142215501026
86.61476736604547
88.46623348704532
87.27860054259523
86.1133062298432
88.20843282556146
88.10753352298782
89.33717064033208
87.35068926095659
86.38398932121623
87.12751758791599
85.96288087385392
87.75748239697646
86.26031228650642
86.66738307873244
86.47316387264152
86.2804094142541
87.35738072080377
85.92763345914362
85.28816887171922
86.50845797618848
87.15682129734674
85.64384576179928
86.88796469459386
86.7279772015322
87.27645725117253
87.41535172498726
87.04416989213456
85.96606552877886
86.70671215929349
86.6378260431365
86.12355461272853
85.99162662881446
87.63555017683747
84.63631964216057
86.90215918469893
86.17939570868542
88.51139893857419
85.53787382829847
89.62418695749224
85.78393960049381
87.57107448054197
86.83637359190499
88.07448347545773
86.611187957956
87.17615657885547
85.90544690937942
87.68760547288434
87.16416864765657
85.8379895810833
86.62634407541432
87.06068297084538
86.73173780683472
86.81922641260776
86.3166508722653
87.00831481311575
85.63288902768417
85.75879274602607
86.3103994687649
86.40008467733259
86.70293270436234
87.45226298901635
86.86481168472942
86.60346638981696
87.64726815534168
87.32802179655575
87.21698897548745
86.30896412822625
85.17461294369863
87.77340095595899
86.91086454894891
87.56654937802323
88.06307436298243
87.88153428997144
86.93910864741055
86.41174239411097
84.98901683721616
88.01721903950703
87.59327158150768
85.72041633282564
85.81234376773968
85.830476034077
86.52463630770353
85.18224864354137
86.80034074721782
85.17838188739161
88.31467339506663
86.91087662035225
87.00256388723814
86.49229107814983
87.44745665223023
87.01659606349685
87.14443851049542
88.27808640696267
87.84222440573947
87.23022472779189
84.90546025808464
86.43599335773766
86.74692595256604
87.19407477723789
87.19947653471463
86.47806107696927
88.0301913979633
88.23302954610088
86.89967888562487
88.34790409780877
86.09632678188031
86.511286972185
86.11092184176006
87.64676066483068
85.71226088223405
87.71874436595836
86.83839067765832
87.40770052282072
86.52315816889889
87.62074179230264
87.16265352689086
85.13522610906269
86.72247703464217
85.63842996212233
86.9884668437614
86.43389846924778
87.3068898524196
87.68127247852266
87.48577943200303
88.12969938287932
87.43905074429216
87.3819101768785
87.66421018099612
86.54371894664678
86.59962644970618
87.11534613517632
86.87366851548497
86.49838832409631
89.04298418598329
86.93193571019656
86.43950985681313
86.29785154498131
86.65600170751857
86.57516091429439
87.98063862991428
87.31975072962635
86.47100088103566
85.56520167683101
87.57603431285615
86.31367250163166
87.46476788430193
85.05689843403174
86.9252221061666
85.7789279454689
86.834477980822
87.15177443548605
86.08392450024544
87.77272545694008
86.48462632136663
87.91341248291934
86.26681006926977
87.99030170048543
87.26364205730594
85.24420736488432
86.94509108920603
85.71074255195526
87.71326890715598
87.564568098113
87.20090904448975
87.54528738836427
86.4069655372022
86.63000204602277
86.84814784701992
87.67419928862839
87.27217524382152
87.48173734325144
86.59171937527321
86.36149238085022
85.54247868795714
88.82038091271639
88.9296939833533
87.84872562551996
85.82070116998824
86.16992555617237
87.14112097537364
87.6533422354259
86.94233825467535
87.85080055963228
87.95570535972051
86.90578865819445
85.69849429479987
87.51407031310448
85.6327477693233
86.99392292260575
87.74812421975122
85.90732841355842
85.32531102454905
87.51401771621748
86.45465334143097
87.34619781928053
88.61698660795393
87.32218448058349
86.51948214550268
86.40867791487337
87.72719239304263
86.9719004698497
85.35843698919386
89.68337355019288
85.87877498464435
87.87918553657806
87.05216919855668
86.31649592957602
86.88798211212719
86.74034367033666
87.51003512708716
86.28024147052618
88.28187743520279
87.43367236726657
86.35617283798506
88.4568954323855
85.65787847695535
88.17375995929304
87.00215365200027
87.09343723028543
87.52177304344312
86.6162678378349
85.72593173670366
86.96781824140633
86.14716926836655
87.36509643330844
86.20401248537905
86.04285123486223
86.48613935218738
86.58838810845882
85.27837379759762
87.842215772532
86.09036040744736
86.49178498507074
87.0745750050925
86.65297085989701
87.73491023592784
87.24042851796635
87.88232129051158
87.49168729354592
86.39728334608077
85.82904506161137
84.99531412140644
86.36811599952829
86.38903482439684
87.76679420100646
85.60995683963249
86.47224743519592
86.80311941696067
88.4275693473935
87.13478858372926
87.06337525008875
88.17074878246278
86.90119031117602
84.52872742417641
87.46547227775385
86.94272740493614
87.0351948921701
86.8933727882818
87.93338922982994
87.44355397352905
86.76721925777758
86.96098237254854
85.06581183135702
87.2773062322604
86.91539694860988
86.94549633380312
86.88413355710018
86.73203245987465
88.67561161514863
86.77122503201629
86.982783675571
86.57178553981473
86.52777654277197
84.65950040151168
87.97052425236261
88.36460834665364
86.26580060686523
86.25871537525524
86.09702943770621
86.25981222413706
87.52317531340351
86.35118506115977
87.33297219014332
85.29822530726682
85.47294609704379
84.9391126075501
87.91913932260283
86.03852700739994
87.96006612769627
85.3151881204876
88.12983679741423
85.82424576904444
86.19618094474228
87.40821060589491
87.14491367111108
87.37250425424112
87.5071435990001
85.5747955602822
86.19980819860041
87.28087010636075
86.51477285358285
85.04373282991946
85.37626867756047
86.56426308415882
86.30326060445941
87.41327106259381
86.90219418520336
87.51508420615573
87.12596596241511
86.57219459476974
86.47666348965178
86.4450304085955
86.58561550995653
86.95611512863563
86.66689725102812
86.64224282946073
87.41786094194816
85.28633532057104
86.52198637857522
88.44600271470276
87.20591840291814
85.3127487678293
86.66571878438737
88.08982587441989
87.20617833772796
88.48224098368775
85.5517409878732
88.728495450015
87.56998734003005
87.02337533001179
87.09262239646169
88.16426857364195
87.57120994708112
85.44626819647141
85.45774547003336
87.29875506701096
86.33813080737099
88.09733994435082
85.98963646622839
86.50158182369567
87.88893838683092
86.26854010182801
85.83611266574081
86.19604784370058
87.37075450932952
85.64989805819225
86.78433347848276
88.73044787972462
86.95225203620035
87.45922750902173
86.40864547478849
86.46634482597166
87.64300600847304
86.82466426110726
86.0673660805998
85.93076092996897
87.60586897249368
85.83485801553478
86.21919972245647
87.09582252536408
86.61963873703243
85.36962497759356
87.63546723862784
87.53183311003241
85.50315286219076
86.40494980241681
87.17938478784315
86.93757617755408
87.24990156548891
86.83578966585797
85.95451332227809
85.3190776234799
86.38435153007038
87.05171611714587
88.58666513463118
85.51752756723573
85.28829227253776
86.2407279446092
87.1626811511225
86.77081539893477
86.82817983881736
87.6135864028371
86.72359513447864
87.55638476903437
86.99308457868294
86.95831922984063
88.09091752092674
86.90735777774458
86.80574307458693
86.72225735332277
87.24298878593585
86.4960245438675
86.23312691642167
88.06008574120851
87.4231859741114
88.02760680100486
84.83627513298103
87.03479640791615
87.563140475515
87.55273996391551
87.85818881888318
85.92440038000737
87.0618465253155
87.85020178345326
86.64119469391645
88.61928323724314
86.45849851975719
86.8504651370908
86.95256915204656
87.09032231663083
85.5224540046351
85.59043525812439
86.88552287658534
86.45776214235165
87.1013875100521
87.12394082963597
87.53508323649253
87.65246010753283
85.76934478513628
86.27853568161032
87.5180334242345
86.43552083330422
87.08902032402953
86.46814642610423
87.41827199240602
87.89767139116151
86.62804118284814
86.71511823661373
86.55418504093807
87.37623409351981
87.02618344877982
85.84632236477573
85.45657076510815
86.98657398176819
86.70364663106858
87.4000519755145
86.76082892822376
89.24063026193181
86.20446865425151
87.97122716896203
86.36972426239943
86.8510529071656
85.41081327434884
87.2035786088049
87.5285161209871
86.28405132692188
86.61809453397625
88.51009527674607
86.33410908203172
87.6141798286974
86.71760119165366
87.55126452922865
86.11108193101279
85.77783688006612
86.04340068103636
87.2871396539217
87.29212840276568
87.96351628750925
86.16384213893527
86.73329009852752
86.97424333260726
87.8516859728161
86.62768144038279
86.20321134954395
86.60596908287053
87.37379840778131
87.48239519265091
86.70447173775389
88.03442593686871
87.28846711752094
84.84933949983022
86.89868924526542
86.2180024163468
86.48023764952566
86.56226367481518
86.02748723263012
88.35339568631476
88.55443662189062
85.8888641327352
87.13534871612647
85.26888423163435
87.8979558357526
86.92670124855444
86.81014641041001
87.98872371402643
87.06167557006336
87.95798590055209
85.33812855178007
85.86886546655407
88.05552517643555
87.74934012511824
86.55421946813973
87.10880213690417
87.38223469557754
88.43556927651521
86.93382698938953
88.44106148729732
87.41344276864947
88.2496694906857
87.60004486205314
86.7420827994068
86.44554388276494
87.12529967212129
86.36480549494524
86.4386181303696
87.62445321806997
85.73322040944934
86.04167394116739
88.46987956657219
86.81019292936237
86.46070854246342
86.61837224860483
85.62287376715777
86.08371450482963
86.69255887307148
86.1862965992403
86.98957800901951
86.83516528093155
86.41545070939894
86.68760214953976
86.21852481757703
87.6731311453711
87.16095201848378
87.23229909523987
87.89945199624665
87.64357770735528
88.42978541344476
86.69653736959002
87.28921553512296
86.26045200784377
86.3766372727607
88.82199466171309
87.0592273463729
87.92853750948578
86.838394374113
87.03644189828046
86.88738193504896
87.24746989340137
86.80150396114874
86.41005891264483
88.099802164293
85.79219507144238
86.72957510289561
87.23589334883444
86.95628430570366
87.04950431962814
86.89669898123806
87.05223687758884
85.84639404725408
86.67767984930306
86.43351041162461
87.23696453569197
86.5946073108597
87.19423121989567
87.4160508648068
86.23956728274857
88.62813981708214
88.24106455405007
86.21956783639922
87.17386021597306
85.94147673246437
86.6532369358895
87.01143820646189
86.53469505019164
86.84982387010994
87.094582613769
87.61406089292514
87.87562426581266
86.78142874109122
86.1297177182595
88.23646685797188
86.18476435836321
85.65594234928884
86.99365026127134
85.42815184282087
87.58657677304892
87.16859591579464
86.64157111471923
88.5458535274876
86.37443324495244
88.2618857498724
87.16697926500134
86.85386555418235
87.19839098255748
87.69584311467356
87.95512017246836
87.3588764904673
85.68961584905638
87.05283285738192
87.37959679067285
89.04866107303882
86.42035494744381
87.64954006265803
87.43893617268216
87.14505821137041
88.88787187195969
86.57400503593318
86.84934580650898
86.06071133444757
86.03961839874968
85.81741051115047
85.59934466795445
87.07347676536209
87.23062764985517
87.4495790231211
86.79353439355755
87.75144194698426
87.26792071100286
87.66846928837157
86.7212826002799
87.04709754987401
86.26296734865345
87.24508758252449
85.83566016333653
87.20890716814678
88.05130966599457
86.23542962733883
86.12082599563783
86.31888979269172
87.43000997822612
87.3285454451542
84.6432963289336
86.4078714999135
87.94375835028053
86.75118110280039
86.46439458854466
87.94886910641509
88.38404167476668
85.22922892284826
86.82842589888175
86.2713304721901
86.94228061931096
87.1177511384832
87.6880056552817
86.00708621419948
85.92617668502147
85.9502132523258
85.76024749414162
86.09801946380044
87.67607785147268
86.17947350873033
87.13458396126315
86.3793016766385
87.63292467344597
87.46780925886372
86.6283891070625
85.44499899018516
86.16357878806613
88.4261841211957
87.0603408113436
87.42378201862016
87.30286742129923
87.13376545329771
87.67116143228495
87.3389853193144
88.01340732194397
87.23769844056862
86.26683935356927
86.61799477601853
87.00865690381335
86.86705351746423
86.62506794379418
87.6677804279047
86.96604076766003
86.22721887795079
85.93745578915569
88.42289545235172
85.39583143035676
87.84604724877609
85.73959611664469
88.05873371383785
86.21216902436271
85.89425760210658
86.77348805474794
85.890153130693
87.44399355188719
87.00390153663571
85.84291423478147
86.56635156395765
86.70079120955755
87.0237051000199
86.47425353894043
87.69615375066172
86.46517030644098
85.79835342976403
87.45551737169293
86.37996264624039
86.2894159811856
88.02609774882048
87.07648772535273
87.49933148724112
86.14383493115065
84.98503788598082
89.05951693665693
86.82927859780148
85.2114385495037
87.26595712221753
86.39696342846557
85.7085412673135
87.00564259908927
86.09837377062465
86.60631258827614
85.1796905582722
86.7220756063738
86.2933663609138
88.15716454720071
88.08311544004111
85.98557307384962
87.21411715228254
86.72706641030382
87.9294208889281
88.63641623050356
87.73747090897265
87.21735213422649
87.36342883443561
85.6466919136108
88.22848881312369
87.82697369505915
84.36158457489479
88.20161474162913
85.88182735088165
86.52272583805508
87.69751740254975
85.63350557733861
87.75041829279097
87.27677701041478
87.01601625662155
85.84934162099644
87.46232531980938
86.83465359138201
85.66478220495839
87.7438643462903
86.76145023728732
87.2733131738234
86.32020546865351
87.1425822359882
85.06233876722563
86.58896677688153
89.77665379881766
86.50840171164782
85.09705875778374
87.37112033021698
86.33544773837959
86.34098795626758
