86.11992464187581
86.03477449700956
87.7311576959936
87.94291666827928
85.56430511844339
87.76341363864019
88.2707004263734
86.91671248819571
85.7202975357636
87.12821704076897
86.00221277032315
89.89454854635112
85.64128571686332
86.78918988366557
86.72484121130854
86.26743047330486
86.90003966836005
86.43343199410211
86.2207754700653
86.64037394650214
87.87163047078784
86.99215388895281
88.634702530282
87.33673207835706
87.11315752934021
87.22563125218326
86.93481647371541
85.9932343908187
87.18713244908447
87.32260803562129
87.09009529123446
87.6818558047823
86.24500395013388
87.42785884984237
88.25609414978858
86.21602280542564
87.36447399684383
86.90752821725049
87.2557587141791
86.19138390234345
87.6367629191156
86.22439368103957
85.82115099760438
86.42975770507331
87.18568216395506
87.05721126769775
88.33356461388176
85.25648677733798
86.97206308395813
86.30751867177413
88.38707341980927
86.27993778029098
85.71607509496212
86.31014794337884
87.28908286655961
87.04373100322044
85.60167152627956
86.91564292939158
87.519056867926
86.99257780918599
86.83967002613991
86.61584107405731
87.0256792392049
85.98009439509696
86.05833659083083
88.16968942209986
87.64842675031927
85.81275570719008
87.99075435211988
86.60156246300642
85.58753797671908
86.04164059768956
86.02195683806274
87.59465882637377
87.27758671149654
86.08575390346168
87.50561905509213
87.33331636897519
87.58969007164754
86.41097436195797
85.69860035865348
85.69789234166286
87.51046113569222
85.90393882954673
87.79687855719301
86.58465048752898
87.65911731984454
86.26767786997561
87.17350907561709
86.80866981511784
85.90898653127573
88.38214082411409
85.925193354428
88.53350716080405
87.49188315794308
88.42253308939506
86.82099946104823
86.60026057474448
87.20005239495072
87.42549252092495
88.71869297737133
86.41867419974766
86.89741333874923
88.48480739303723
88.10079910781326
86.38535702146062
87.37719955074375
86.5059732318129
88.22092050640121
85.78466243111917
86.93640660706747
86.91750649948007
85.95692809593463
86.66319934760692
85.54937017788589
86.46397146111732
87.9853773632126
85.85229835621521
86.66367411314961
87.73498094917348
86.89801843831825
89.23370840084323
86.49952930699695
85.68504297931416
85.93315983757734
86.87619458426417
87.44491187420434
87.94017528998873
86.14911966138197
86.90715181783953
86.52885349656997
86.53653625442145
85.34753317806808
85.87993219387441
87.23519793675112
87.73795353450456
87.5144277085914
88.42308276089732
85.85730162222686
85.6952244196524
86.5994964544695
88.08376522145042
85.89250469624034
88.19813964751567
87.62685095008798
84.67837857108691
87.89311235083646
86.86033725043049
85.39103854870564
87.44109830270061
86.66416077405496
86.89606339121575
86.29949533537162
85.9297631500885
86.2296600178736
89.09703105497998
85.66038954827982
87.33073117406369
86.38797892102633
86.93486021795067
86.00286366416177
86.83018901202031
86.0292234343675
86.78605659910883
86.72022157836876
85.67206478203225
87.23941231239533
85.8637939234651
85.18665058215862
85.7201265876312
88.53657745809666
87.75657618567547
86.56496979096234
86.13388926791833
85.8985697795431
85.9038779927571
87.36315382470009
85.97936863428463
84.60977509801144
88.751390343481
86.41704501652539
86.87854766419623
87.76647817564887
85.51706712885328
87.68958036706073
86.0365599266374
86.3705494761034
87.31760512461277
87.7882198258017
88.27032195041826
87.58770500472906
85.67311729213327
88.29324337114281
88.32614366389018
85.746851620568
85.61857817599095
86.0584431520671
86.10949537864651
87.42466487987848
88.30213913914183
87.41697421868274
86.70971939797418
86.91792861197406
85.86468057801655
85.39717125424099
85.2646518146615
86.00793429361501
87.11582545396227
85.15732566000122
87.19761638234144
87.4324903524537
86.26496284819888
87.57002267014714
88.42753468521424
86.21599313942544
85.54827907357951
87.07830032471269
87.5778110995855
87.02990316176701
87.63105546195028
86.32692527467132
87.1866284753041
85.27035327550537
87.38637241769264
85.45504286785344
87.28399365595266
85.6872693736758
89.08179665533173
85.45865363172669
87.04353229057324
85.51880476889148
85.77388778699846
88.3233864853659
86.4728349307074
86.74954568310686
86.8401445618843
86.59063065821873
87.04003695355085
86.44397380747512
89.1043156317202
87.90678452410451
87.55295889900192
86.06725583331443
86.761987628354
86.02636584427847
86.99364323143084
88.07573252593264
87.57270089674353
85.39105959728845
86.30446770360119
86.50453761129373
86.25673891565614
86.80173268746611
87.06209828794503
88.2537333531613
85.87698626805397
86.63219462829016
87.73273966175358
85.75664482890255
87.82597824291425
87.565948963325
85.89302325102938
87.11082770999748
87.13254797009142
87.20660195041637
87.19355767270733
84.83877449764194
87.98232881555911
88.48489300251714
87.88700759002441
86.90973613399534
86.36613464124066
86.92687175113477
87.47518858034924
87.99859649878245
87.84731790543083
86.31061279343406
86.51554723183315
86.43526921689055
86.61802353331916
85.64258200138535
86.60228540412201
87.4024447549619
86.71012916033057
87.85501252540213
86.94075348389067
85.34219171400615
86.72751227040656
85.12015386089338
88.55437202116575
86.4924266568282
88.25202794770298
87.41528498934426
87.31138649399192
86.95593221061634
87.81896354771368
89.6703354821544
88.27704892685279
87.63816626017444
87.76397609964812
85.7316496524715
87.49063098365288
87.53706649045428
87.37933388638996
86.46356019312616
87.07107219827054
84.19387025865218
86.68360266776061
87.13696341645178
87.39583639567968
87.23772536344406
85.81768853343591
85.87840091772132
85.56236346293974
87.42981715821492
85.66003030471984
87.49627815290077
86.98187346354219
86.73625012712056
85.55471380754823
86.88488564878267
85.93741055240504
87.90270263521029
86.29570347111277
86.71944631536277
86.89146062250352
87.10142881346995
87.9212256312023
86.94982574205181
87.60959867234968
86.71621093623719
86.04165660766627
86.04650311287686
88.05122124301255
87.24012304875568
87.04777113146348
85.94481190894737
88.1671020907097
87.2599830959933
86.91253209752888
86.46777873584911
86.99920790305399
87.1663115953879
86.564002115903
86.37572225674216
86.81909245662101
87.25104100658118
86.49431095496628
85.63253879696944
87.07490650070278
85.83961275390114
87.98642717009379
85.5813546684983
86.73175432580508
86.9805119456928
85.97580682788485
89.51988913132348
85.96971583342619
85.28409011287151
85.84586858108456
86.3299864304018
85.70691575404182
86.40440603808123
88.04178729597004
85.55628449916217
87.3168034080243
87.96419873335847
87.84453071573103
87.40343545029631
87.30091026019223
86.2638585656623
86.45160706634304
86.51663271043361
87.83696508425611
86.57513363219434
85.73443812128828
87.22070503471608
87.07566728531069
87.36250580647672
88.47837068718108
88.48873071258801
88.4357993319394
87.2600521763582
88.22544728577267
86.27266451263482
85.79782364607735
87.43398404510573
85.2945357875637
87.7434328787084
87.40396109753327
88.13326411975302
87.43662772638362
87.39738093263371
86.40872218077803
87.19155339786329
88.5906878733694
88.82030050141151
87.58402357873585
86.7681604697178
87.70671633923695
88.09089896492326
86.33824377688245
87.87011704537937
86.8926207638199
88.04271476656956
86.25125029299575
87.16192082737619
87.91267565562752
86.91863293124852
86.46735871096058
87.51660727951847
85.72014344322811
88.28353608871379
87.71758522045457
87.95699585048513
86.48715814255424
87.39763535415271
86.1743295742488
88.30425762141441
87.75830561198977
87.41000792680845
86.29283679791077
87.41297400369916
87.55058250569502
86.37967865080404
86.85257697803948
85.23411463099947
86.44292676566727
87.96767111704513
87.21737030126505
88.5279517893342
87.81234220882153
88.20527858796535
87.03541903769062
87.00277727947736
87.7372063763893
87.20818807748036
87.39202689702131
87.95193601835571
85.90342270768755
88.09184676947402
85.03169925748284
86.87585158542046
86.68382298740367
85.73294087934819
86.24388381234202
87.77995725989916
87.59585678379489
85.97292047838275
87.40605226693084
86.22541503974934
87.49068544418158
86.88611777764113
88.0208059356174
86.28005745810053
87.73071273066017
87.81674439315798
86.12056078799043
86.09783818688433
88.3304918832558
86.27382149356617
86.22666169245542
86.88386214663377
87.0226007103296
86.83006868623957
87.22158854393979
87.49597642781922
87.85181948286242
88.6025560880604
86.83264374209035
87.41641681312593
87.7759662463838
87.43686558674696
87.61846039521068
87.09845652006368
86.36194801615434
86.95285687636607
86.77298735302577
85.63534429312381
87.27960475921387
87.37468523103512
86.78169162033298
86.39533125233774
86.34241337440268
87.22292316698916
88.8833933295135
86.33799835083508
85.95216054943124
86.05152335238924
85.77078704137588
86.58312049870433
86.08622635413317
86.86711091091257
87.70240393541886
86.85139686767698
86.91009341200049
87.2402216426404
87.11172287636845
85.75506034854689
86.61099324348672
86.86271030564849
85.27177593771553
87.8964639433179
85.92188657355632
86.64910068644315
86.72679245943945
87.1898805788516
86.51560369022545
86.61288426752283
85.87297978001955
87.41019150454885
86.60851308483606
88.65564667014128
88.17171912737223
85.63899917812327
85.30018016496356
85.6008701286524
86.8287884860668
86.77135705073212
85.77686134426179
87.02081780855818
87.32201586087815
87.07010470165018
87.30785537326936
86.77211654971393
86.06352642732617
85.72344493957391
86.20499612559229
85.32598986056618
86.3905739497336
87.83658233292495
86.48614533529606
86.91249937347631
87.48957314218006
85.98124711317664
85.4389820738332
88.10968915081953
86.96689156081074
86.65094222938224
87.87292194173322
86.21896394256223
85.89032172527229
84.92355370428535
88.20898222515557
86.85164859303873
85.16381370586305
87.1002712686104
87.54744384932803
85.6252385888494
85.73796364980217
86.72304208258791
87.89871751624291
86.61487332334485
87.13248329045103
86.40603989883964
87.37836334836825
86.44440005958523
87.65735052419672
87.95437143096477
86.3098426775918
87.31522384053577
86.3339410972994
85.30265666359728
87.07753207680558
85.55174319478536
87.51023083184812
86.28876312908639
86.21033110387064
88.25739109610595
86.95786463077815
86.90100119292269
86.19868808044723
86.48523984833926
87.05423865968278
86.89498068308691
87.06663502256144
84.71793066543889
87.15642841554909
86.02147276218045
86.42779834111008
85.48238719327728
84.40265511212684
87.56783289840811
86.92020357996178
85.50326448130215
85.9471588975347
84.91457781268615
86.19044263746044
84.60456999557857
87.61673761932917
86.39945875410156
86.66207478050755
88.1702738123822
85.83466613141776
87.27637069700981
86.02648924162914
86.8376954661941
87.44685871277359
87.17131087572592
87.251034356822
85.31740104003366
87.46909843346242
87.43276229454848
86.67336011892111
88.23757838353231
87.20157386616677
87.63774360520138
86.43364836099046
86.00125098218473
88.87868477825485
87.70020056574192
86.72707983233889
87.46460982126793
86.00558225435998
87.32832562203778
85.71804245529415
87.78953488632467
88.67191457041535
86.15411744377619
86.52403057578499
86.09151765222393
86.00418041546173
86.08309414253681
87.79480966190707
86.33537414879451
86.94858488472534
86.80235835426988
86.84330431358906
86.79261304673948
87.17557194045304
87.71489268907023
84.82186948384575
85.62248761041215
86.74739384753136
87.19488454589455
87.3027489985408
86.02587319373858
87.21077060899965
86.09513758213005
86.05706981361779
86.67682752321481
85.94408938382382
85.92088315558135
86.3711922184706
86.58437089648976
88.45723571962493
87.73630164111242
86.86162777842199
86.78754737976396
87.06444383731301
86.09517069925079
86.47727804445094
86.35626833722414
85.64404081998697
85.82870176653489
88.00795205882956
87.5080784883765
87.06051460016081
86.63266266205711
86.65402514768174
87.7342542753678
87.43165559473628
87.03273173264137
87.57509619576012
87.29623768050861
87.18353495698773
87.00214176590208
86.02267152916622
87.71696800886946
86.23266897467748
86.01382056118825
86.1393629361834
86.1748983648338
86.51412197025545
86.0553629503305
86.84707733072737
87.31289499537316
88.4469682624816
86.4588708486068
87.8686615210469
87.22524951232987
87.18659774513982
85.64808004231755
87.89046895441622
84.79657145018689
86.78601144503959
86.23733956339971
87.3435129528344
88.29215868264329
86.18401386939959
87.10653761622197
86.35318851725467
84.27693683393927
86.90815586773093
86.50483669655846
89.14465711850231
87.07501010278484
87.38520556252206
86.84264041144283
87.27111173248946
86.7695367333054
88.08403545042219
85.18166501887048
86.61771440538305
85.40351046077716
88.04301416795496
88.08440220096813
87.24973004390249
87.32769871670705
88.23556250711394
87.52540889685308
85.51876823394097
85.61460834153003
87.76793783739717
87.74583591705948
88.46517597825556
87.17961254542743
87.38146043506411
86.4650035807709
88.14183389300973
87.92469559036093
88.90363965650533
87.73435776170275
87.07228793683925
87.10745891017895
87.28542176799522
86.60203194156993
85.77895890696027
88.01741287031501
87.6201308349631
86.15223762988691
88.31626440267719
86.71182098490104
86.28766017185515
87.14409473174155
86.7329507367252
86.19166758182747
86.97509862657807
86.15569093473898
87.39842394003674
86.44465094695188
87.23122600604643
86.59147817252882
87.73664800625646
86.27137493601921
87.13138363000755
87.09999642529493
86.46684358175874
86.39415188757982
87.65178831458987
87.27716612679649
86.14874626777151
85.94729947870509
86.27189872404996
87.76659166829391
87.25389779943843
87.55812136359894
88.26733770591962
87.37865678807822
85.61140030640819
84.80892523214094
87.654216984823
86.65281658035903
86.28561101548577
86.6030330995305
85.94944943122685
86.38261792145148
86.33509924505705
86.19639527184808
86.55751769516307
87.71421729721206
87.30372889355802
86.81879983774769
85.74091335470472
85.81134751019428
85.91414622933895
85.74331072271748
87.21871077674956
86.16760493490656
86.57760005258494
88.05351265011514
86.89079261080332
86.37742565890053
86.69034529694353
86.04674554119558
84.94370309029539
86.87611389891079
87.33328631250794
86.49115398598322
85.72986998742638
86.97960523286787
86.36403219733761
85.59614791255505
86.27006107542586
86.47419109564039
86.37020387903367
87.78332800371757
86.19010640675911
85.82593062120843
86.94527149380512
87.8718796140417
88.06353620301914
86.16981586497987
86.9080034787344
86.38703834893343
86.46719304587565
87.39073774682603
87.10862262682653
86.27049391146383
85.82935007225639
88.16698636899187
87.00554225646216
86.91167511530541
86.95621451191042
86.04639258634964
88.02501149562018
86.72794511827622
88.34975411190537
85.8900101761666
86.29051576545812
84.8839005499093
88.13987003448274
86.87026735550506
86.99770663611129
85.39652854382108
85.59997984167052
86.2834772835797
86.97251283620315
87.39542952673743
86.11980959680105
84.49899768811402
87.12032777711502
87.01393223089578
85.59509046125349
86.03511725985385
86.2268048987532
87.54903039207387
86.9213833644669
86.40553361146233
88.42400886878266
86.72324605715292
88.63295989053526
88.42846532768367
84.79974848665263
86.939788548526
86.71989237054918
87.05597038330777
86.68571734536663
87.59078520117541
86.54830905487911
87.66716506565133
88.99251579906336
86.82035264583207
86.7674680079511
85.27537162027124
86.46725373836537
86.99209017000263
85.1903562138448
86.24640835310784
86.1590996847058
87.85225567902297
85.85819835729623
85.26543747957116
86.04881736627686
86.38090601734719
86.20024742150127
87.22176738948312
85.65654406613564
89.45624230956588
86.40153092251046
88.54059133636025
85.55644540857779
87.15384329882183
87.45216954111567
87.31595575939035
88.00232816220091
87.1564047994496
87.11955655037013
85.65767361557481
88.05806851518112
87.35877469900352
86.01968003477305
89.1081033249358
86.50401292672889
87.58564100852321
87.26878218308624
87.86596914227471
87.16883297047795
86.33546062152108
87.30383979562002
86.79311916157474
87.32463929439913
86.80887747537005
86.6025862633952
88.42646262439884
86.26918106700985
87.01645392080941
87.28677966323714
87.27848772471886
87.62712443014057
87.2866044812922
87.31836882287197
85.04684380822431
86.23733439359273
85.77793069169992
85.97596478256611
85.77496272976418
86.42912000558101
87.52179023751539
87.0730544638545
86.73028628560479
87.38748093674238
86.10298618085068
87.18663897045283
86.8447193765634
85.55452043711057
87.20377774308234
87.07805581178634
87.33428607523614
87.24809176579726
87.47773992386759
87.76836630486609
87.5305865586466
87.08780098896078
86.6639036242144
87.33039887270523
86.93305373599297
87.29474239141996
87.13266067800669
86.79947445781933
86.52139215831998
86.55335897860212
85.06536724337829
87.10515780244448
87.28051580050847
86.43494473546096
87.06177549040736
88.63868690464919
85.9617520067524
87.22689875599423
85.95176471270695
86.5955549904054
87.01725585852755
86.57007045051732
86.99131015093282
88.48520018141292
86.73548290074481
87.39158002167477
85.81169398338602
86.80076483870155
85.92131720857597
86.02497596696736
87.22018039710613
85.40219529438315
87.89574993368933
87.46464855465076
87.52242040042883
86.97449045470383
87.25606161980527
86.46686864557813
85.90229818814906
86.28275877116658
87.86694734169234
87.7945826724488
87.30261708173646
87.06985970085721
86.68869162749816
86.12984997588589
87.19901329320679
86.83216875657017
88.19973420356568
87.10152391849199
85.60000102761548
87.16993573787863
85.95512018198741
85.55918377736654
85.65866387039064
87.73488087966912
87.46437447051532
86.16807429323121
88.42181139259904
86.94570020610462
87.22074336090647
85.15651771614849
85.74273904442654
85.46409061851804
86.92576386813171
86.41129616276275
87.78220604002384
85.8155787476247
85.71429758308042
86.75505619158515
87.31761584224996
87.34502479203357
87.31219970397257
87.00662851572382
85.58374686703749
86.72339168469003
85.54452122811915
86.00613761923601
87.65052269242437
87.23326111877358
86.81707706307778
86.33130045715342
86.74464760366577
85.54945782406288
87.34870363573498
87.58862755895872
85.45151825716104
88.24560121890406
85.96899279763255
85.72375978699516
87.63681044999983
86.1617052260988
87.35431986035735
86.53651790644027
86.73686090567197
85.60536693418577
85.57788895823353
85.76872670554776
87.48881892387585
86.87566799564131
86.55807306101373
87.78003923622228
86.49287989487706
87.74492855145947
86.17060995789703
88.36638567091896
86.60017348548512
87.69801745274926
86.90115701939538
87.3155504426181
87.38375942595725
86.83618001096698
86.68245049551011
85.48052974386134
87.3086597590187
87.03084386017288
85.75095940000124
87.18264144302323
87.25049302488462
84.52012236706994
87.66390548256253
87.2785953456467
86.56664780950437
87.21334556035514
87.07303911664103
86.06614792963057
87.69318700617215
85.40886177232058
86.73367406021407
86.5556155434547
85.95769254912885
87.79454154825908
85.38444936072409
88.18261105830562
85.7381336717801
86.44412758627092
87.25574785109745
87.19346341166036
87.12493477448983
85.34582448966289
86.94178770587143
87.26374729217488
87.84101677156639
87.05862345007576
87.42978329750359
86.60906985505943
87.46031929217686
88.06691158609877
86.74736472832576
88.08397961011975
86.13265212684594
84.2320232476125
87.43139323507812
87.57134508947593
87.29234765251233
87.66952996439768
86.46749333908733
87.79357826654167
87.22195644558742
86.27015354990412
88.59146568709781
87.32312312056959
85.95682178295827
85.83759866108157
85.93953570253606
87.08327688753309
84.58646981312476
87.44277685937354
85.23826804026913
87.85888023144105
86.53639723623142
87.29606827203628
87.72905011838805
85.0668481952963
85.9714688673497
87.6146626265497
87.13302394705379
87.48949989658203
86.95256200512598
86.50284783059062
87.39138156655919
86.35824314361061
88.92320244237146
87.81054614138928
85.91006918286956
86.67209439503443
86.27382819724342
87.10415013434493
86.65361525440646
85.24448184592694
86.4590241947216
85.6659401912157
86.11916118382906
85.25103604138192
87.38332808658836
87.59967228993774
85.63607462166419
85.16001019105738
87.13501966897033
87.74207896006934
88.38530571440761
86.80160060705226
88.73291643606953
87.06881247747299
85.98718292860626
86.41612713908485
85.68469752964337
87.60382253346425
86.70017357093136
87.40442003047774
87.5820318476174
86.80918515734844
87.14747328359832
86.4961013541144
85.02068710373491
86.48071633528554
86.16253938886959
87.20585363442241
86.49017528719945
87.81127305170895
87.64321361720617
85.57691913965756
87.1481785658618
86.87856841538323
88.71548757776613
88.10825701503086
87.69105663988998
87.92225122500636
88.33978475448826
87.51348121218801
87.36948503487314
87.18329327240562
85.71740348402648
86.1961929524696
87.7453747657429
86.62751587416527
86.83076771313057
86.84737997407825
85.26805788017067
88.12539134697688
87.8450943161811
86.90983092299828
86.31187399654408
85.95158843888053
86.18454130050644
85.40862250593582
86.60212721035302
86.61123862001875
86.48294524059644
88.28841427164865
86.09308571413322
87.4723450115908
86.84530380042771
86.87708528614282
86.15445888763352
87.8658252605154
86.60431103862281
87.17921925863521
88.52641844020938
85.02802152776853
85.51157595019299
86.99138902367187
86.70816766564168
86.6052865479512
86.00713823253753
86.199062788818
87.15029346810823
85.56981565304548
87.28545771753639
86.70072845764746
86.01873391343628
86.20045097851094
87.67724652127639
86.2723726439851
87.49902673732153
85.95245738834646
87.38905058603041
86.85028626777296
86.60007947528675
85.75597799100176
86.3774537238159
85.37144690679753
85.6066132133363
86.42916728443595
87.14867667246358
86.49966934122946
87.9508723563253
87.61841435414571
88.46821416896563
87.24458548663651
86.14132203791794
86.736560934317
87.9787352090084
87.08245054406306
86.73586788812506
87.94628611779926
84.95600727848425
88.85236848724522
85.55774266891164
88.33410199284178
84.31510512071252
86.4666008083447
86.50965883347327
88.66619425745098
86.55869011054688
86.80722476362867
87.03917735033109
87.72840876461005
87.0216026037281
87.03653900212764
86.00788490214964
86.79417552683586
86.17866047728351
87.21415892555531
87.51213083595734
86.37248090049529
87.47341500662034
86.74049579656462
87.79585792860517
87.64465874934594
87.21574899920606
87.20150894456108
86.24039316035396
87.83400073054311
86.70748346088362
87.91193362091728
86.43525685518334
88.13949649442145
85.95590943663422
86.81542451972989
87.11450100283045
88.45881523664953
87.65561577706893
86.60308821117475
87.62292125556627
87.78121827149354
87.35040611696236
85.75059012774346
87.73823318346777
87.88763306825197
87.35542034929925
87.71796201034263
86.9756002771477
86.22372286683976
88.04556328531424
88.71364663235985
88.48994985490094
89.7387195936455
86.01901429405757
87.68996306468159
86.8566081516606
88.2485493537985
86.93551084555055
86.5062091989974
87.35550784686588
86.6365411148615
87.05931018182602
87.40124602052695
86.68856916084613
86.85065603430358
87.65926045546375
87.78241806722808
87.68791152081054
85.31924424360724
87.08855268594422
86.44118878830088
85.3020110653281
89.57515178345315
88.04884363542496
85.79185820970764
86.5499061586726
88.17328740974135
87.26071527800848
86.12538105217132
86.97402074184767
86.62532277561328
86.19317294726552
86.62421394757673
85.9926285573068
89.46057836010166
87.61507937166385
86.61927570479163
84.90913839807287
84.72644894370517
86.59470853586151
88.57442013962707
88.85716002650481
86.41792700410916
87.12439362358874
86.44566139847505
86.40947955848587
86.59513912976534
86.57986145344911
86.0118548356763
86.91089003757816
87.04668616546111
84.65683011164987
89.31111213213408
86.60295338433517
87.11641005190623
85.8131579680355
87.00138625150586
86.15517498903864
86.46861736856
85.94609221108557
86.31513616951466
87.08293220457762
84.70750783851038
86.34098522481507
87.00344811754289
86.36613465087332
89.21033380629729
86.12560964665734
87.22892190463044
87.71061587591598
88.49651058939686
88.37331308223342
85.8731921378966
86.96327539404032
86.85208153715938
86.09407390253863
88.41216017804688
86.28518177043613
85.81359721527187
86.53453331458778
87.72996230142913
85.33398603931943
88.27591402073327
86.65978294294196
88.92004922600606
86.60057030487157
87.69993682545916
86.91288474610373
85.67202250757427
86.5995648505156
87.72976354706273
87.08319060665488
85.78193465314047
85.63854866268518
86.18642428489193
86.73102846939058
86.21171401303025
86.29595365428814
86.89309769659044
86.30152415932379
86.60763156785615
87.303245601372
86.91880057664662
85.62439296289972
86.67546893272488
88.13885788675182
86.35596996281944
85.80617601617695
86.34169876357022
87.70033573655681
86.81937780608334
85.86591479264042
86.65878215532271
86.73699958844234
86.22595954429583
87.47616751378835
86.81165944095294
86.59805564040724
86.45173306183719
86.56760157255533
87.16261796485425
87.61490084877447
85.83453678844869
86.36255609856153
85.95042962653076
85.69577286997112
86.88914121510611
85.88588020129131
86.27653916283838
86.15637179917898
86.61571453768767
87.92463224381069
87.13546555903861
86.88706626535787
87.0034837082254
86.7006357204463
88.08184964569652
86.8912049770324
85.05864813139158
85.1481683425609
85.8451162139411
88.05647792572385
88.05352870164583
87.42814335696913
87.68775731950237
86.8999859000813
88.08430135593696
87.42783245565097
88.09990708955715
84.62778750532365
87.12536719482193
87.2870509508859
87.27076929741217
86.95114497813782
85.69345131686839
86.23770434426999
87.38638517733445
87.29837242171942
86.3184588160884
88.23104111826574
84.93294304313436
86.67809792971198
87.26154396307767
85.97296505375066
89.37972556330001
87.79288821082757
86.54182377756273
87.67897318534634
86.72276703098785
85.6052017377834
86.08638915094234
85.84772487482427
86.71696326130696
86.99351964107312
86.37589515054096
85.25451371630898
86.42361352845018
87.3297198478825
85.82027100745624
86.13729032830175
85.58135621683095
85.01356520099274
87.28337000670679
84.70209055637135
87.93217852673763
87.75307726362448
86.91147956864849
84.16727396951588
86.38044162072838
86.5557640758571
87.15728906266902
86.87363456705059
86.19740700455314
86.39076356287366
85.23829335834533
87.63962664427598
87.36447872563485
86.92848530539506
86.43664346964076
86.44025574723649
85.34612495718928
87.11404563035586
87.67386293309522
88.09008753378714
86.58889548961758
87.52095278119893
87.30421785133623
87.90972319027347
85.98935195711918
87.02665033738012
86.25559002673594
86.20182958799741
87.23963435827157
87.43684413337056
87.43416122516481
86.59732265574193
86.5963924639936
86.67730978546732
86.2250163383248
87.78105124157592
86.89218255634708
86.2537634129054
86.27019874117447
86.9756811872172
85.30707890015918
85.98194052200188
86.36272758930642
86.54180396249598
87.18841022351357
86.5333498580144
87.62864619699674
85.5367417982456
85.49600817819942
86.99605365600786
88.74471660510012
85.77107272689821
88.42213504302752
87.0058160580846
87.384251251361
87.48960981617098
85.80195756890184
86.85012845977322
85.33506247460704
84.48209482339323
86.03623141003312
85.97522080079514
87.36082563271574
86.84788466911726
86.81468684397026
87.62859113059758
87.03656178667667
85.98340696045902
85.39055979556484
87.72147467575253
87.95202203801797
86.35189909359322
86.01109409833006
86.81620367344232
87.58148026196147
86.45383646784984
88.95381663644672
86.03223383938156
85.1085138274507
87.41302640540256
87.84024927424213
87.36524691839719
86.30718683761698
85.24794946231256
86.78285327922744
85.73829468997303
86.22440225488593
86.4046703785471
87.72946027960288
88.11424649739719
86.32362548546203
86.71419646501882
87.69388903786611
86.2988045872547
86.07566926609549
87.27820234907048
86.3400196681635
87.46238197696098
87.14713726767647
87.7352137987718
88.40479262880211
87.34226904156927
87.19166581107663
87.42592719228199
87.08061946291384
88.15335555005424
85.92789077180242
87.43998514611233
85.30204076169187
87.2072289733928
85.03248541527904
88.24701723714092
86.96064167770454
86.85910373742774
87.58377930621215
86.98035169307839
87.03989117581926
86.26479713752018
86.37506981995561
84.10873089712624
86.49565004095446
85.76600406383022
87.08471414811416
87.64557909849066
86.60948560352391
87.7277240045316
88.30693571998539
88.39980413159728
87.16672549776851
87.04896418503131
86.58273117089415
87.02606763749175
86.45803460571484
87.14037597475362
86.90797536052136
88.07654733678852
86.84839740827911
87.45551944808378
87.46641234136398
87.9412518302072
85.05978635004594
88.48949728871655
86.06061745541028
88.00936431506449
87.47863137300226
87.06200891360358
86.63922030043223
86.20624155953224
86.0814391146361
87.46482352585426
86.11027510812204
85.62973019792621
85.00326650922428
87.32719466193605
86.84077709468195
85.54356787757462
86.85449466176404
86.77001126227907
86.18482314682421
87.25730857767509
87.55799316092902
85.8320382928321
87.31538432840986
85.31989183392609
85.54426025473558
85.39271907437026
86.8901957614597
88.07423721247062
86.97212707199039
85.9365323801342
85.40547060819576
86.34576004565074
86.77146330504618
86.59106204440964
85.01590913287436
87.75355625367288
87.63446503162855
87.20893159694079
87.25214159099261
86.60529243444977
87.75384540769564
85.99162749282893
86.20757954195115
86.84238140568624
85.78059872348621
86.33350870294943
85.82497860713256
87.33959045260774
87.86205737445154
86.91227254909565
85.6438594910877
86.32578391546342
86.6892383426888
87.83411636645023
87.10405619524866
86.77841216340303
85.99231921120293
85.75936466548349
86.32020484584048
86.7081001439487
86.17193490077679
87.60040142276604
86.45907583310533
87.99612978646559
87.50921284721511
88.82424709327682
86.88486608855237
86.08229120053828
87.67664521209888
87.27379921821382
86.26152253991671
86.72046282436071
87.35937183514096
88.11171034748435
86.2040327214094
85.96521010610229
88.48226477375889
86.80547685545486
86.45150311843075
87.61792996837538
86.83361484675517
88.0592443545308
85.89542457842334
88.49038993826923
87.22012495647805
86.29657978697594
86.17511994437353
86.74588233398023
86.50113284300606
87.06241065908293
87.84508598629839
87.40856029319623
86.9896211526119
85.74583876443062
86.52960659339234
87.07946875066384
85.19297247343977
86.11821461620282
87.53726881824052
88.29903136752667
87.72458171240788
87.35254005945626
87.31284234643698
87.24306980117773
87.75126886898293
87.49956430216125
87.1040291459186
86.76847808469303
86.06398112485766
88.64625634474058
86.53565918511728
85.74980139586255
86.8333834707449
86.8539824132161
87.11095503871573
86.62934379770843
86.20738142130395
85.8391023177054
88.07543990284321
88.47741388601627
87.39138884260437
85.94161495772784
87.10180366096182
86.45279495894242
85.79965929050368
86.97562064159919
86.34650064903359
87.07191626987562
86.50355600324791
86.89432807482352
86.15333720803676
87.00819687405104
87.54814324688738
85.6297066202151
87.84085646009369
86.47489327062837
87.45218587509247
87.64760227178806
86.3494890000448
87.24889849086125
87.81209980644557
87.48433372633932
87.27614913319007
88.64395380404727
86.7284017258025
85.71329859884013
88.311423595142
85.81451309445336
86.77628450116602
87.36638271694262
86.99536908338794
87.60161245945697
87.07002124018801
86.77894277965288
87.14175342459419
87.21549605695417
87.83543776731804
86.71303816730943
87.27844820728863
86.62740438203625
86.8986884012642
87.84948246100546
87.84732857438387
86.74180491305437
86.28850157165135
87.55634057801986
86.31496561097032
87.7671803082276
86.54702948620411
85.73867152330682
86.90892803857595
87.78689508088887
86.8245693723726
87.37931835394589
87.84229368466092
86.82770663401863
85.70825102792423
85.13641325838012
87.77345169440129
87.40311462589378
87.3518926846847
87.08655864043064
87.9930708875557
87.70799383479805
86.60559398179868
85.8876030772434
87.38060861026693
88.13849739367348
86.15639099899175
86.72692791912675
86.56633111373228
86.68292291477391
85.96206468517299
86.9658632488256
85.5623080053861
87.5947790318496
87.05264558369362
86.39552866955418
86.33551687793704
87.26022064566908
86.42643919323238
87.93713487720402
87.807008567803
84.94686339936965
86.10009711986092
87.56354695091991
87.730771551891
88.14859541036678
87.97403637046605
