87.62506385922528
87.0346335570323
88.64396751813238
86.10730907437731
86.89934931345756
85.02352651067855
86.6956880451765
85.71696106440706
85.95523154759002
87.09853675420312
86.3866406267089
86.19286334010077
87.65161872787336
88.51205116449631
85.60482392878416
87.72424119937952
86.40690026808612
87.83602021067485
87.52378608228469
87.9249684763926
88.52554436125988
85.60159947144356
86.50560757154072
86.92936071624655
86.37604080202654
88.66925002990988
87.20343580398365
87.39927446756849
87.03646649861885
87.31263273444623
87.70666180157573
87.59496748223398
86.3514118605339
86.55943851052817
87.66032054492902
85.12944558270448
88.24759987915485
87.07600984476578
87.38505667888161
86.33684054943495
86.74734377222083
85.4321880983011
84.4622502794031
88.09827353761106
85.97925147277611
86.93456868525477
85.22681635424308
86.62738284730217
86.03994145369983
88.74034720070058
86.60206866016698
85.85211438953763
87.08721240662808
84.80128976359624
85.2352430459632
87.22855191444927
87.61873161102963
85.38192087783652
86.35971741851627
87.00497300498844
87.98192592930903
87.82133062591143
85.39090188429985
85.89311329347724
86.57113169530352
86.46869174656827
86.94252765631333
86.62806839931157
87.57331180969348
85.76186056686247
87.0811158871683
88.2882791814284
86.40966857407571
86.79400963972648
85.4127579551261
88.98486082640474
86.30521888281642
87.5132271134331
86.48871166673827
85.52586981596698
84.78462768703056
86.57192169652221
87.33237627386809
87.37279335951712
86.35482477361374
87.34330798425779
86.6518132265512
86.39866976964927
86.16950343042343
85.80204583258582
86.05618575420111
87.19680901498185
86.09162129280688
87.64830423024038
85.52676983748424
87.81089597724346
88.54109414444216
85.32338294075379
85.9829920309696
87.09381960385855
87.98575677740327
86.59712705581887
85.83428281085958
86.04543187993785
86.26046812895777
85.66458187452135
86.200327378734
87.29128740474934
85.53441964296904
86.99770732511897
88.45992081019044
85.79973733661215
86.17748564746012
86.07849435223926
86.45715239127708
85.03858049003453
88.13363976867262
89.0416174854772
86.70578919782498
86.43056056356112
88.53344403292033
86.90317281379852
87.94746967552233
86.04220757788578
86.7065199732285
87.48132870773433
87.29000948838679
87.26610406229433
88.1362903224993
87.02345605102569
86.5950194216106
86.19671828042192
85.59095381999076
87.51213571449037
87.15072642886474
87.4595814165298
86.98918872826134
87.90656217347534
88.15965864985174
87.83157221231696
84.67059347103357
87.48380986209165
86.81253303647597
87.00477022855672
85.85050568254512
85.16092217810504
86.84079332726388
87.8309290012223
86.50123788209322
87.46215848944323
86.53245315335998
86.40023159594725
86.50270637543046
86.03028292209517
88.06648716256232
86.10254961901254
85.68841547466944
88.2283848106296
86.63957529115473
87.03947181577159
86.85927524958926
87.4430030958889
87.30769200775728
88.73274261749387
86.93795448496054
87.32600219404219
85.87995757573745
87.13508755777274
88.18226115441097
86.25835704111317
86.78506770550669
86.82486083640532
87.32430290957701
85.13647874275671
86.140407181306
85.64536682256713
86.549679999124
87.54029951331296
85.9978126302188
88.22960554363789
87.52992240646358
87.08560094928634
87.30943167945733
87.60250186853631
86.13674838462363
86.53852950210917
86.93209015769975
85.78893487729665
85.93520509981201
87.02110499758666
87.4331625147928
85.42941734307554
89.13525370477598
86.69400214260995
85.1329920548598
87.24408281079553
86.88823742827873
88.48963394617738
87.7093647189129
86.99635309490995
88.76557068627633
87.45792114700944
87.7928329764824
86.29860723848888
86.20396565233047
85.90919613954847
84.5441194744455
86.24916052095148
85.41892270298153
88.14860289138772
86.63514441772486
85.49265204277037
87.6500249784438
86.73597489101435
86.71081282112482
87.87026220933951
85.37169235754305
87.24442315718088
88.9715374542001
85.90766725767521
85.23378325456994
85.41546287448314
86.19168820470051
87.58880909215694
88.46098629125255
86.17228909184509
86.30991341750669
87.71955897577335
84.80344755134243
86.33406283984044
88.10326769745564
86.20722416688548
87.68619352846112
85.84187606052063
86.40382939834303
85.8234164743914
86.65724880879401
89.55408036614843
87.24263163963327
85.05821490939037
87.19204777322408
86.38462835407883
86.60844978716376
86.48843117680693
88.17461131217536
88.22126817270119
87.39996691128275
86.25571228596075
86.04869572070068
86.96686455062658
87.44599801440869
84.98197743608763
86.94066203289333
88.69736381805464
88.22142497228963
86.67146829850869
87.91951003415677
87.48170645304883
86.85888199001486
85.83419299382555
85.6564012757687
86.06881059595315
88.7081921360254
89.53911292505292
85.58626629306447
86.39232534292769
87.93153453115919
88.17125655947736
85.64254598234689
85.48803193421418
87.73161244925964
87.01299638164608
86.37783107736107
86.59017883196576
87.17239535744507
86.23457730632138
87.22944497571906
86.44666640759085
86.6490952290727
87.12405326726362
86.19680343503482
86.00544771392518
86.13226606614082
87.00356359856134
84.93733784348302
86.59111359867629
85.76695670452776
86.77401132031972
86.92695247012993
86.87743817244866
86.21578776603765
88.05741405080535
85.79102314965688
86.82966987287462
85.53245605654185
87.29473640951745
87.39769319214359
86.58658265035506
86.55259509788549
86.47822471387288
87.5942731703671
88.32725868094938
85.83578482256459
88.45090906968021
85.38599149309816
86.28870619186957
86.12812968635967
87.25425742176557
87.91173426396885
86.1973647499657
85.64121914421206
86.71338503469222
86.08516581057195
86.85921667939974
87.91740992318685
87.43757987160832
87.59024990751321
86.44436415582187
87.33045985478655
86.62699656714618
88.218024560436
87.21519970641336
86.04056863690143
86.13785546621725
87.61897833800906
87.95976313035506
87.91604876608054
85.62048024393715
85.24744730413954
87.3929941810789
86.08208738387619
87.52523961394301
87.39450702446972
85.48031909220947
87.11811208256172
87.65495533203679
84.85337343168871
87.6688483808271
86.12461340333459
87.29664647301418
86.90054826271336
88.17207344295203
86.64413912401605
87.01383493999386
88.05976371423067
86.08714659315173
86.55441316333335
87.00492376984604
87.18118199953791
87.01976602149196
86.31447361307359
86.72991949828834
87.29150122493844
85.75055410462987
86.77983542939508
85.61008758555043
86.45528862146388
87.30494666742803
87.54244112981286
87.1702072259385
87.86773195119807
87.80011681976526
86.25152450546955
87.40327543633633
86.06877547133192
87.4792281908962
85.82315472576197
86.30983047471996
85.79012199255207
86.84647821115485
85.35413943281934
87.94869602412471
87.08121814475454
87.75869214056742
86.80364586577795
86.38951724046845
87.95844807698863
86.41329635136799
85.70968826026947
86.34300861434875
87.92496036258021
85.92413074438674
86.09168710078823
86.75773939004813
87.34464860991646
85.94743526547055
86.31210255582545
84.55135295243402
85.59320241646209
87.71658995439364
85.87439617173185
85.85907734564056
85.90671462941916
87.566355133752
86.63961395055898
86.72735520653009
87.22952118150975
86.08576631434318
87.70956509105756
86.71581263498446
86.08991651587904
85.15590844896556
86.72704025674393
87.68692951377349
85.61274488141406
86.69252304333905
86.4502123400217
87.13619552180798
85.58144230176838
85.23057953904019
89.03141380335371
85.65109754914856
87.18280792633196
87.52872773067588
85.75684894197103
87.93115277727968
88.11917051656236
86.50980499622926
87.34270191180474
86.10331697443686
85.92174678802367
86.05909406368144
87.5529569829007
87.36203401837237
86.82883853434446
85.37970806161643
87.90731921684261
88.82231707934251
85.89565146677397
86.62595937798424
87.17161327282447
88.63257922681191
87.48731345251134
87.59023645314957
86.12455189074336
88.8358274707698
88.0950633174923
86.60039479168208
85.45426027372187
88.25076948074704
85.21622397801582
87.81706304547325
88.23848897796022
88.32491785304548
87.28525181216405
87.15026759789329
86.17093515137638
87.31163913997432
87.06399136187054
86.00363004413556
87.18639057155156
88.10848494027273
86.23290267686058
85.3817108591788
86.15675313092062
86.62617688711097
88.97913446549438
86.7343018172875
88.58413218343075
87.02259057640893
85.83278300315555
88.58742590514316
86.807266444106
86.69315303179268
86.18314694597781
87.21292651468366
85.58030235199567
88.01382833754766
86.76289397783782
85.73079598199016
87.93155531937572
86.02694560277945
87.24533679122088
86.18449670691362
88.33193697054777
85.93513865397206
86.14541675600243
87.63223375846268
86.0903226963226
88.33877192366646
87.08955348478887
86.82735650266794
85.82882406761672
86.27940689059214
87.16826948622773
86.64568999040762
86.32409740979475
85.73291755077659
86.1952173582417
88.35211464506627
86.97614552748841
88.43682679811852
85.34321479566293
86.8740001792391
85.92061127754106
86.07541417496445
86.38762601902486
87.37165946282347
86.90026600263167
86.88417776412342
84.86087067302837
88.33838643064516
86.29729710246264
87.76772372291472
87.5886714631969
86.14954493916653
86.96053547356495
86.35013062681445
86.28471991591537
86.97414071566988
86.83722967015251
87.83745141422037
85.22521381843511
86.08833463827563
86.90607630673433
86.99524112101761
85.41473311299187
87.56666254026892
88.35359922597442
87.35731357793806
86.85538099606828
86.92785050730353
87.58283888036073
86.71155747201882
86.0936357955198
86.95979967019895
86.2071905006697
87.52699069642055
86.92222439287322
87.57546410311012
88.6882559741514
87.9717407789214
86.49122213948885
87.5831353902764
87.46030840578784
87.74353943084652
87.08816146387578
87.83209114351547
84.38668539689151
86.87349913004445
87.0293668828201
87.31230718510935
86.51596865722036
85.85174380053691
86.75444959835917
85.82724439338074
87.62740163533726
86.09934629591937
86.8055884158865
88.91911431101138
85.91604513811106
86.99523091587845
87.60378649593638
86.43477880825263
88.07897969570713
86.74293099154234
86.27614570313955
86.49021991912393
86.11146998799575
88.73568126368592
84.91810166624302
85.57419325735125
86.24249560575203
87.01486290194548
88.34044276885425
86.75013109045193
86.61408761892488
84.62736531844538
85.57319441546967
85.49152626959723
87.91390060712504
87.5216514260978
85.60038832770672
86.50057899700393
86.15768969543062
88.21907868714996
87.81222349838475
87.57008243971057
88.19476594343644
87.69635195740187
85.0179501615701
87.81234939071194
86.74552156719129
87.3107244969504
88.42194832492208
84.72894783651755
86.82112459281313
85.49766282688994
87.27198867522188
85.67814773157889
85.71083434912565
85.39407227250821
88.44282751316953
87.73858514714439
86.71685496719581
87.14074200168402
88.71877940976496
85.7121396461521
85.42623796038325
87.16432906123549
89.0173553870979
88.08195698478278
86.87618636935572
86.55228115430765
87.33912515135196
86.14086763228356
86.78394596511045
86.88703448194353
87.03184830238261
88.23878156123433
87.81059572400237
86.38975116217266
86.75491837118388
87.68653875750067
85.53883445050415
87.37403812404781
86.62706795194777
86.2730174753885
87.85166822805245
87.91589438366829
86.19444085955827
86.91041769874965
87.49534374701929
86.81791035517337
86.081687183619
87.79700491104653
86.29283023020253
87.22467308917003
86.73964227561335
88.62920324911519
87.54324056284526
88.13836228130988
87.95763040215836
86.1151353926371
86.186332666533
87.46094878245265
86.6954513338068
87.7177982610681
88.60223893394848
86.32303298746578
86.64446196123745
85.99248521710076
86.92485644157323
87.10179500898812
87.9675958661091
86.37722416925314
86.54536976636945
86.16339801276416
87.07368119830281
87.30443293460922
86.50653962388043
85.66422770325813
85.8323458893882
88.1177317976859
86.62965573357334
87.33340663644263
87.28464087950951
88.93206073780834
86.3918311578137
85.66151324219565
86.83018239004838
86.93248108548362
86.88167036709062
86.3549988243152
87.18228735838869
87.06738078928188
86.292251640473
87.06995478891317
87.450015037588
85.88614125034753
88.46770469341628
87.22546955341659
86.43370761942619
86.84922737875992
86.89427243633925
85.21223786378783
84.49000024740985
86.94365824440887
87.23921105716451
87.20729700938645
87.47670250957744
87.21380620445761
85.06644028593573
87.1822654196716
85.41833337318585
86.09142786024027
87.78158861562554
87.40217527087295
86.5185137434791
86.65732033456408
86.96325200139091
86.71445877398345
86.06395795825603
86.90149298834817
87.1534213642364
87.30388449746928
87.08210253786403
86.65940445944109
86.54759226422591
88.10921763630179
87.41454236625201
85.2403531609988
86.52385058334835
87.56043204252833
88.26585764614204
87.04312852893347
86.07456906763899
86.42725430787367
88.60392754257913
85.68319945959051
87.15311905930218
86.48650721609074
86.8331344270628
86.41999123069048
88.66979224407433
86.77414883486635
87.58843233680467
86.82126611184682
87.9187251539755
85.26460209958323
86.56683240398034
85.42511872193913
85.60967992417362
86.149194611641
86.27133756121103
86.97217156611416
87.4167030709346
86.96716327199242
86.4870534833856
86.03678908098472
86.82548346190984
86.39912774556097
86.78074688283779
85.79127512400802
86.44384227162142
86.35697947179453
87.3250187203026
86.51464045818166
86.68598717254768
85.65445101315663
88.38667184167215
86.64171763986057
85.71089048061064
85.83000047240742
86.74608061441391
85.1685494707233
85.34541440676823
86.24334612702002
87.79440127452446
86.84636206621067
85.5597845526718
86.295784347424
86.77943645321254
86.97153765087066
89.5986840605909
87.2050235639908
87.23117284674659
86.72012185557818
86.39983303398459
86.79495617649965
87.23007699409868
86.06995982762824
86.57424377209068
85.39817684064998
87.12613493381704
86.41284878574699
85.70998061363584
86.02513071614763
85.94218265558256
86.53803915245082
87.7856852332183
89.64403243574316
86.841044743317
88.13194279899332
87.17695119277626
87.81794674642141
84.84873174580663
86.28055811936068
86.31782190344401
87.7055413211113
87.34004233925877
88.0018193160732
88.3541487221663
87.75537708265894
88.04158205946575
87.09253979274635
87.30844983282246
87.85798866879881
87.81360121062424
87.25077561243035
86.91703595828476
86.18815370590545
86.99358523754526
87.60332790302367
85.77325891697944
87.64928369350396
88.09666281290171
87.76652545830075
85.7781415017667
88.03065378020445
87.49225094918748
85.51511245605025
86.5350505620999
87.07058188088574
88.61812569839059
86.83098515933716
86.56149213095031
85.42455486338187
87.0883157078328
87.99255881544605
87.2471197437671
88.40391593852532
87.43661739138676
85.75353313866648
87.09580350943975
86.99946900678879
87.24867120694192
87.45753598975544
87.99437094335666
86.43529511445244
87.04415066881114
85.4505855795334
87.86115143099146
86.31632084022327
87.03728043578724
85.26583992845084
85.79766889717145
86.33273504759875
86.44456615879234
87.57320440595899
86.98770104474693
88.04646766011707
87.19631010533122
86.49757269393666
87.79713692373521
87.93377601224171
86.89761310301417
87.57465834065377
87.00613769641436
86.98515567838028
88.62651007999442
87.73131962046452
86.50050051803022
85.69547163655926
87.86950107764564
87.9769452906228
86.61643628941972
85.13261719989899
86.87891890551472
86.83647963496034
86.63131149416702
86.88709051366185
86.44763763789432
87.20195871063288
86.63274513063783
86.86839302250449
86.55831568788011
86.6325360138995
87.57475237272335
85.3671603808583
85.5421790497022
86.01763602915746
88.7021590677881
86.17639689694012
87.7103104103221
84.8620186973261
87.48233551454896
86.39537960298539
87.84118713253949
86.74347398893049
87.52647562449785
85.40613142229752
86.49018895105365
86.1763389296302
87.03834658869893
86.69628447360418
86.8647395010583
86.52182087927154
87.15535429999504
87.37672324355485
86.22753416275157
87.24073160961714
86.96798350970391
86.62358086467337
86.91941488375294
87.46322751354917
87.40709986570428
86.77533089828748
85.40713314877438
88.55470414086102
88.52925707283626
87.07113063619781
88.01162560434993
86.74094272130567
86.67741098830639
86.69146542480809
86.97264951692384
87.2433199785908
86.4474931242549
85.91708130374909
87.0380856724544
86.0346584415503
85.70907239519607
87.30667682944363
86.79088310276008
87.14291127907006
85.7306385362202
87.62223256594179
87.85945251968137
89.08545330801994
86.33086488152736
86.5988825549578
87.09985529810301
87.80164905055803
87.42342687957003
86.94634151727107
88.4763993711317
87.26821948722518
86.88684103848766
85.81885897155486
86.3868634567262
86.74293456925132
87.3198488157349
86.03294792146812
87.4590818287514
88.02745295394942
88.49428155065017
87.26976490224668
87.1748352348863
87.3339995312779
87.47383449150013
85.09556533533313
85.96698625339815
86.49897459579053
88.12660009611061
86.76455000696114
87.38034810357378
85.06036104691407
87.41148820606911
86.54105443150092
87.47593226275123
86.26332947559699
86.95854867425695
88.3624332485316
85.60505754153206
87.43469289021647
85.8451323769871
87.2678656077659
86.59597179815094
87.15010162286517
87.30137462032486
87.09610245789212
87.65025570126546
86.34917788646756
87.74332657726497
88.65330606403518
88.8010065537959
87.40560930780518
86.59987451014474
86.68013445588932
87.5664223916694
87.58549915424997
86.35615017341404
85.17124975433636
87.139539691338
86.89309927508539
87.9045047482285
88.32313034238912
85.92001676160264
86.71927373697632
89.10904901569569
87.94499844086326
86.08025329632419
87.02295289748177
87.0672313408674
87.61108350687816
87.69930532669785
86.38069450906326
87.59801584589299
86.85891705949322
86.76572365313022
87.40616820878321
87.73914647159029
86.32561160659235
86.5206572070714
87.27072890551887
86.5846125481495
87.68044282520839
85.91799195314712
86.43304607054473
87.36123242208426
87.26935260951434
84.87470870458733
88.21541455011774
87.80131231153787
86.82270002116111
87.24008924833518
87.0252247922048
87.27521065734301
86.22111172099125
87.1085526491089
85.41793658288515
85.44529720605355
85.72591549834941
86.68694224562884
86.05699847022568
86.75672106657338
85.42660443097655
88.63284705243055
85.00577814573936
87.7568162625404
87.61124076905074
86.95163013587685
88.3750396735404
87.208122769941
86.3328214928805
85.37160320978205
87.04052716516642
88.35707063105777
85.26501873917915
87.61060222328567
87.04395836018561
86.41901491769586
86.72000916851792
86.35164030096401
88.20935769852343
88.91770490861053
88.78629495930076
85.17641140650082
88.69173931874901
84.76150099780108
86.78771108845788
85.74738159377394
87.68577030364304
86.88771399311447
86.43873281367537
87.47931280868038
86.07713854322843
86.65743238020515
86.62571232122453
86.92166563031243
87.25234945434453
85.95406994067716
87.22109323826886
86.46983008281822
85.8468810434087
86.51300250361349
86.7459933804159
87.67927232584006
86.25839164048995
86.4633982812135
84.74383607267582
85.55897737770914
86.61066049850761
87.16719392608341
87.20644540830479
86.49431752255425
86.5435087330761
86.73215676968611
88.90375521285571
87.04500233524018
85.07408556772695
88.51252483603604
87.13848336707463
87.84475439629111
87.54792963140864
86.48647591708598
87.58900861113574
86.03251128109417
87.51224242954017
86.60068659893214
87.3561438439671
86.17636393631565
87.63306601223601
85.20915825554083
87.09569778374347
87.38854854845124
85.09460051130745
86.5030222031875
86.56370993038482
87.24927399581499
87.70679986528185
88.271397470247
86.44668374541205
86.51741297950997
85.35519425906176
85.82346931670426
87.73214204699717
85.9914772472054
86.40930004327792
86.66098718354453
89.68126656637025
85.98261929726151
86.34779912160415
87.94111002753475
88.23662855919221
87.54646732849204
87.02104607507789
87.55402664192638
87.12661784517655
89.16234224310521
88.58609683008847
88.03842329247767
87.83508542106965
87.36439111395565
87.24584104100812
86.8590949824731
85.91252471436505
87.03371519748784
86.5805451930231
86.2202522064008
88.68422275997689
85.08421838959586
86.56213216206419
85.33925341639973
86.89917636908103
86.14747211791136
87.47995716865746
86.9244633080544
87.43753255012588
87.62552405964449
88.63056692511525
86.93949664322015
86.95411257533624
87.7136076369904
87.4799247644996
86.5645558496282
87.61115745233505
87.24541836087313
86.4288317712305
87.28172167847917
87.12064677790426
88.01371014037473
87.04820165207173
87.90479201017818
88.29934365688761
87.0810856680526
84.93758436307857
87.77564896656288
86.09558439001562
87.81714812033951
85.67556010207002
86.09994488300757
87.49811345320593
86.92361084287425
86.74490595865024
85.70170132202796
85.65841722676524
84.74652673942145
84.81537541817606
86.04646278612907
88.03133258499189
87.69383598674729
88.12633382336024
88.2895057888485
87.5042390263945
85.28237373750892
86.21353099892117
87.70039708457003
85.86855489645191
86.0341810298093
87.13070512118989
87.85588399192551
87.28655158115525
86.4930752260859
86.45612073247786
87.68506992844232
86.75704697717057
86.9898389598406
85.78519948158792
86.0952057115429
87.17885578780349
87.71235878445049
87.4157886995219
85.98964572002144
87.0354904421687
89.1077874938886
87.46092880523868
86.07976429075792
84.97507529825961
88.58026642823006
88.04043922014189
86.74147585219423
86.99162494510611
85.81009568592397
87.55636725534622
85.65781020286767
85.25609344384034
86.48725136615342
86.33859554521884
86.23853316881396
86.96992578246652
87.25046305124408
86.7755221829902
89.10641525226846
86.23482602166492
86.85275743265262
87.81673314976
85.76788796225958
84.70930753305213
87.04528108386823
87.48657114658312
88.2729588224502
86.42596097253326
88.28517447500073
86.77908785990782
88.02720021432691
85.65789748445619
85.60563983845921
85.47420898613252
86.96744730939429
86.9791133971035
87.99498157633334
86.29841785029315
85.73199105408659
85.97279312444435
87.7531983299806
88.18319585362904
87.28207399559717
88.96263389147603
87.35324653063955
86.40774550416513
87.90108609754813
86.0315413953428
86.4688371529239
87.63891097233243
85.14770494391192
87.1387718690976
84.79123222265594
86.16128287693256
87.21143525721023
86.48032671908364
84.97400917277895
88.40881916657258
86.54041636908785
86.7064370758274
87.17358500753333
87.94366295019407
88.34944644054669
86.45340076411824
88.56064776391749
87.4941638697387
86.8893131536603
87.42942293773524
87.08482321774983
86.44168764148188
87.0221413359038
88.43325106399527
86.66482651921324
87.56418876763976
87.2952294473076
86.72611712205838
87.53898797502835
86.10634809014458
86.4396801911439
86.66571767320308
87.58727311485714
88.59333357212515
86.5715873854695
85.97013945080919
87.68219862852793
84.96423304243704
86.85988955518731
86.60264000745939
86.36664306231907
85.84153730164515
87.52041667511203
87.84968390995404
86.56250623865014
87.44641948964095
86.97206731683285
86.14249133699005
86.82449420822199
86.27590474046416
88.2720445921206
85.33864100443472
87.39067919825763
87.01044532635616
86.7732247830525
86.48512755425955
87.17377649023234
86.25372564423955
87.5684287885866
87.01789792504103
87.01930318162525
86.26613865278894
86.66600966819215
86.89543305995994
87.86769201613427
86.1809089686353
87.26490054832007
88.00173695617625
86.66361272222132
87.58239414105435
85.75571539382821
86.52465665631395
85.43468928720452
85.8341049249616
85.93381598279866
87.42922666449333
85.57964383202642
88.37680976978154
85.63980959659469
87.19589971064651
87.61850792403354
86.27931816041468
87.16279360033755
86.10857951630406
88.0939098485889
85.95115969988395
87.38506712771067
88.21015663601789
87.71628319842624
86.10041996780649
85.30450698838314
85.10605015265284
86.53832526572529
85.67839556413905
85.14002812140875
87.45442931026412
88.40388792365586
87.52161826910711
87.37026524401361
85.80503730121505
87.04100310567908
87.46125957439354
89.25857590599772
87.79588639416818
87.62602281876195
86.64652085281564
88.55831053544166
86.35261953144362
85.97222232993226
87.2533371359497
87.20794695587828
87.65038478992932
85.83364536148345
87.16635086869019
86.38813687784095
88.75888167352967
86.14393305460399
88.22153137076754
87.63685698736843
87.76307366043389
88.92415422641433
85.97801615018633
87.70976246901385
87.97352719579483
86.63371937068013
87.8098815270295
87.6777395817689
87.27625135697178
85.39209001823488
88.11491822444235
87.42494640655012
87.29000773051635
87.62660734237333
86.64485905626955
86.72689183380632
88.46169776447071
88.26134187335482
87.10521577720037
85.53375226215967
86.94198141723832
87.94164133298675
86.57990614154448
87.11512152481646
87.36841530367722
87.40758643522518
86.61802159960372
85.922356630856
86.7943962958785
88.13592988971838
86.13761977599744
86.83286432968768
86.64869736061547
88.69640814307999
85.83437544933766
87.96739388719509
86.89191932205807
87.5245963742161
87.66767769445399
87.18778930694685
88.0151343293794
86.11501483744712
86.49961621944655
88.32679524636366
86.71350981110103
87.18251063649613
86.73284173171561
87.68956049332644
85.55994356281283
88.43450031466138
87.06547284625373
87.24984804473416
87.04653307609544
85.92240812362299
86.55203079563725
86.89254871913082
85.8701189232454
87.3471312470508
86.55872555231922
87.19406821184987
85.44655909590281
86.75440033325282
86.4767106403282
87.22454819005904
87.88381756288436
86.85407194464119
86.6100141962555
86.60029461591695
87.12723442091257
86.65628400882063
87.24180718846432
88.33127624697954
86.01822642560813
87.16624854754204
85.10203502260997
87.24744774113032
86.91364968045062
86.88713167381688
86.26567556031152
84.39237322156414
87.5579292905878
88.32294398725298
86.84856158890771
87.54214821500787
87.04181270563262
86.45106521190131
87.25963370367347
86.47587881262747
87.05545793613956
87.99950881028911
85.93009104261598
86.53655982134977
85.4104802022679
87.15317281448228
87.4260801412401
86.7907637444532
87.12010803457372
87.06749037484096
87.01428175765895
86.68631211065814
86.22144917756262
86.63114150450268
86.52940716656319
87.41711529558589
87.03396051018056
86.54554309579963
86.09316920610212
86.92491452645545
85.36203354018667
88.55718728986628
88.92222737402497
87.35350339601092
88.22163800289513
87.55669089565488
86.92692250935646
85.97536917878685
86.61998627565428
87.38714426124764
87.77187592962937
85.94810774670093
88.73648881955654
86.23912102199556
87.46770613900792
86.0502904554964
87.29920953903321
87.36336683418628
86.85840660700407
84.88918213891267
87.15871105327453
86.88520594681164
86.6036421050213
86.14231601391303
86.52262887436125
87.12892375955263
89.15239383272922
86.98135285750372
86.60890621170314
86.63909867948178
88.50670447899186
87.56177479312223
87.04058789871144
86.40570443381353
87.5100153373043
86.87641662999705
86.54083681606137
85.87080348121725
87.51847918892928
86.43361340788695
87.28877452263795
85.9014320146099
86.65111539798174
87.01235448967144
85.72640258208457
87.59684621352552
86.79577157616781
88.39927204653861
86.25449205233399
87.7835502539878
89.08704777474121
87.89469251703092
87.17318570709787
86.49132103262502
87.92878843169409
86.82702341824428
86.32025419475742
87.78198124331492
85.59045971936027
87.86761933581141
87.87249266933759
87.19325293890928
88.337127537854
85.9153117096384
86.48688236522247
86.36562054609593
86.51649339036443
86.14593877808333
86.83480946140584
86.24623490250205
88.79401354858783
86.17900274044742
87.90294799248089
86.86714353334976
87.29999548618568
86.71331708755682
87.53819916127871
87.09758223183717
86.69766964175176
87.18552668818698
88.448788012471
86.42907310109725
87.50771614717202
85.78752551548457
86.58894109406201
86.31459762348406
86.3924497316371
87.68503098222949
85.64011401480636
87.29534640346333
86.50483044616101
87.37010766461823
85.47930517295048
86.62385755188323
86.43527168813152
87.46356109063069
87.27417014334434
87.34688425142379
87.44308469660116
86.60053979344373
87.05120199705512
86.45363630083946
86.21923369978826
86.01558018647296
86.79827112268373
85.92227246161266
87.67145380689165
87.15830022140574
87.31394692970574
85.67658282667941
87.69185541853318
86.10100261430519
84.53185472171246
88.13450955010671
86.44049745435078
86.96055684198868
86.01101178898853
87.19785525429411
86.64760205953489
86.90985773942963
86.81061375830649
86.28569102892044
86.48368573987223
87.1527480686745
87.40922662450825
87.0338621777036
88.01249399010136
86.41229229898137
87.54697587778566
85.71812085371354
87.87566823433622
86.23157140523969
86.5435907891821
88.42435234725949
87.07387780647781
87.33488100836814
87.40660214003172
86.70293148190359
87.30432094273182
86.41767690496124
84.35393590302726
88.34028609893726
88.01587879420877
86.5033589739
86.26539161486957
86.6155928406246
87.53544518719319
88.12484350030971
87.31318797580545
89.34745080128137
87.48803334762451
86.8016344346834
86.52458440107645
86.32857665387947
85.82560896070825
87.50199621475781
86.26547537681527
87.79107555022183
87.0355108678864
87.76635858081552
84.67725000064667
86.27770767696863
85.19380554560892
86.46376622025142
87.03569687180318
84.90371394828242
88.34221509845514
88.00173077031155
86.29946089815033
87.67595802639626
86.34619094021573
87.37164949355673
84.88385916908955
86.81357124801924
86.40178394518946
87.31176562192469
86.00495113657745
86.38159245830886
86.86623143781439
84.50664311559713
87.21432148211464
88.81481022766178
85.43009406895992
87.15108985236421
85.40871774833018
87.07814104934796
88.20878120177795
89.38396003184221
86.66197388035647
86.21211886300802
86.8638940482298
88.86440056349569
86.22382815425313
86.72830972899686
86.74476351373553
87.77757678060941
88.49126899143367
86.52911192469742
86.35668471477871
86.27498596366402
85.92468930704592
86.4133497366928
87.38585329423752
86.80934417949186
87.25843987394981
86.48037036545449
87.14304950917368
86.56905933837183
86.55580993325984
87.01821565078832
85.08469208052735
86.19397991232026
87.28524880261985
87.28251070843781
87.21483052769457
87.80665300749591
85.41317640475648
86.57222813189678
86.99015096837314
88.18120060362982
87.32739200967619
87.82000716723225
85.14614249839939
86.1339802250203
86.98896381340667
89.02834509192654
87.62340901201011
87.32793625379412
86.76223555049864
86.97019048418088
87.21100860467104
87.60412312461375
86.78692609675659
86.2871479543355
86.77810578647149
86.4658903958507
86.39935619549867
85.44330018068696
87.8757762115765
86.59388363757388
86.58338116367938
87.16062631266313
87.41715433752245
85.86778854562797
87.62255114124012
87.282034814181
88.75299757001437
86.15977363402804
87.47195864804696
87.76119159517171
87.04455015957038
85.83096944619975
86.92366877863616
84.71422112395452
86.93253464310929
86.80027630551248
87.60749404532137
87.53033756208706
85.85584565952881
87.0287496114116
87.97165441810733
85.65706515090186
86.30273547073631
86.04196815636399
87.13715256256336
88.62249205633336
86.03380106257518
87.63146731262806
86.75049284758512
86.58224511528567
86.26659206766598
85.25109309791776
86.33222339913873
87.82868976088457
86.56437439236313
85.78009133558442
87.59087418200178
87.92229602276646
87.04204413860047
86.7831122407993
85.75122906868353
87.96091102228263
86.61842990899568
86.2325807853838
86.5099960357191
87.58250530034861
88.15645417955155
87.10222175602011
85.85343334652688
88.12701110852569
85.65593606404218
85.8455504863386
86.65581655590854
86.73994231706527
87.49265830929248
86.96682121408077
88.20952652064759
87.26267094726812
86.98197762714543
86.39485438180549
87.61733292802688
87.79147596115021
88.46845809999058
86.49015822071533
85.78031467035619
88.67732068106002
86.8759832627928
85.98316882003
87.43793652360552
87.34725117376517
87.78606341955559
87.08205545904164
89.75134211866065
87.21602270878383
88.49267112008988
86.81431323204266
86.79626353948653
86.2903706880694
86.38329480566206
86.55487914674295
87.12867667337885
88.26364371316237
86.30941420558842
86.73437132393745
85.87721996892586
86.78791816695848
85.49782745302639
87.2952559536469
86.05347808288033
87.78733622534111
87.76118839522088
87.76695074649284
88.26203347622095
87.28942753363773
84.0878058118942
89.0840876769972
87.63419423252226
86.51183903819111
87.0564897117411
86.82499215308351
85.59192349885316
86.93173180269687
87.14981733400874
87.06198971577624
86.56928390992645
88.48690171554827
86.24732808074165
88.75076357775997
88.8386646856016
