86.96198560698741
87.336615283198
85.76063025300304
85.81257566641098
87.4245403616224
88.12918065169124
87.09991342233388
88.90548192284982
87.84348306685455
86.76332886180123
87.88909614121796
87.37236099512648
86.16276249280176
87.35130872138404
87.1742238644317
86.47435116899014
86.6772542944394
86.02836656381214
85.93931530369112
86.84844188180922
84.21058088467129
87.18581737167275
86.89128093577969
86.74853947807098
87.81443538852874
88.24866237453674
88.31843859345454
86.25600044959553
86.32323912808566
85.82708417555074
85.18094227331386
86.21821022240556
87.73027559437631
89.44573853100167
86.05387344340579
87.71166281765453
84.42891451097748
86.29389774955835
86.3227714497109
88.63972580356337
86.90499612139868
87.99206127544086
88.5259344366811
87.67966967283832
87.89509132483754
87.81533373373637
87.5697901300531
86.32130282200663
86.27733747919386
86.44154401724163
88.6769559148408
86.42976664119035
85.30389349448554
87.07336884609944
87.68962977339598
87.09044902239012
87.15132516506095
85.20331553171191
88.50435395763782
88.56081900315661
88.6781744931422
87.99992713229152
88.80287765675139
87.70008031571295
85.91053871989232
86.55837744398241
86.58034434264529
86.13467611550476
88.32847782323803
88.3266962230352
88.04256614816184
86.38624660209312
87.27616826841718
87.44538913484219
85.11114241097592
86.13370351478191
86.54724327883473
87.18925476300036
87.08444701653289
86.73169677855952
86.723579170587
86.8429350807762
87.03987209048539
87.28391136447576
86.17183395288826
86.5656703960041
87.5696921345586
86.33644519707804
86.4437725392634
85.66729587189141
86.50407396799017
87.67174420180241
84.963765288088
86.66575824667059
87.98628737413844
86.55884584589143
87.92177756436786
87.80858521884777
86.95822718558766
86.72892741292932
87.09280125368227
86.71962725575307
88.37397830586403
86.82360742746793
87.17183706582134
85.9220062281425
86.73201766192317
87.14318673785552
85.47760379055137
86.8112741737433
85.67898972604853
87.16309281356986
87.52272642241434
87.86438712857012
86.9153595225673
86.1749745161721
87.90703275742696
85.79664268099273
86.58052642472423
86.3108801890185
86.17165778194766
85.41562250062316
86.35437380295419
85.20621037896521
86.50577713634831
85.77863553853209
87.13481917170077
85.76218101988408
87.24566953675247
87.02510493240436
86.46347768919783
86.16795677614506
89.0647656979339
86.18724524316147
88.51227084451868
87.10255573158386
85.09836886508177
87.35181866844808
88.79925129001153
86.88206589941801
88.31514385572156
87.54499882800992
87.58863475235731
87.1832183842381
84.93165425089529
88.55691625525978
85.13133451715905
86.0298094976348
85.73586962000199
87.06560136439306
87.02007476333594
86.34803141674772
85.04686634343147
86.25870217204083
87.88273265271134
86.28063495039592
88.07339268105046
86.31840433110249
86.22106232027149
88.04935788872442
86.6842590890451
87.46147503136514
87.5648902705675
88.28329661265691
87.21292096895483
86.84444996182408
87.4545912471663
86.45553224148948
87.57004356046404
87.14071867329429
87.06410018781692
86.32714889140594
88.0518436386497
89.36271073747771
87.44020850524109
86.58675826511082
87.85968182789986
86.85749699434166
86.44956970936609
87.5471392446679
85.26858288259501
86.46760722874029
86.77727759631549
87.00957643643036
87.0639449754935
86.8407310086065
87.01612975243924
86.66968229994846
86.83331062377552
86.60165202934127
88.27927574233907
87.77722347062002
86.90342569899853
85.70404012959631
87.01719806041982
86.00890701318272
86.27968936710539
85.32553511704178
85.97267664626283
86.51242062188186
86.38558441096481
86.77582623257032
87.17069707040699
87.07564108944382
86.9672474865601
88.1232438043772
85.21826419321474
87.07962555485545
86.92932484060533
85.49357226185373
86.99532818203673
86.12636542797459
85.98835796178324
86.9834681327144
88.74820656577863
87.37170186868758
86.48142614975511
86.52608508599472
87.0924287303156
86.09083222930472
85.9419546675925
86.36291035751164
89.61979714053008
87.0764033743102
86.81994410964698
86.68414067042168
84.97497715816954
86.59419313329549
85.81515592849063
87.42667039797388
88.58628225853859
85.2733840899623
86.35085969476607
86.51164392236583
87.0047256049419
86.29269700585051
86.75621386769296
87.09362597031019
85.46723615108012
87.30543272484682
86.96020819019198
85.9389487138299
86.58985771511718
86.72155298865059
87.4847017324327
86.82263275154504
85.8162104682109
89.25938988774531
86.94967813888634
86.26069958167672
88.67518153958346
85.11230338712379
86.5976432261582
86.54541831583238
87.43230627821208
85.88177186468691
88.27936396330955
88.75838309363066
87.36537365255003
86.1571120959614
86.41363426202221
86.3940079572873
87.7109098823484
88.0547863937567
86.50091974886219
87.86607368375643
86.71819168130226
87.83400922515595
86.32794665154104
87.2054797776417
87.30645726872987
86.89405528330053
87.78742935664664
87.54853059838644
86.73081952433223
87.72577837639628
87.06384465336204
86.61157801292858
86.38214479243652
88.37191958174877
85.59021039103271
86.08811971274677
86.25509660970617
88.67493122265532
84.16003161281742
85.9823104651504
88.10009396551536
87.19244346143604
86.42176271922558
86.67783176310427
85.99057477412477
86.74747532235814
87.39699733256172
87.07382216647683
88.5905092488895
86.43640679167831
87.69047461262402
88.21621858368873
86.34172000910098
87.26830665155686
87.71934549776101
87.54211608994187
87.63880266427196
87.14859617169066
88.80236919581512
87.87555294207921
86.42215843280594
87.17739285002244
85.53505426093274
88.41679250364339
86.5338314797841
87.38857363618008
88.05137896540607
87.03767738714602
86.20525204183399
85.12270930380463
87.84751325798052
87.66706548687107
86.50527983431566
87.0090115139482
89.39829819804957
86.48948162985174
86.80895689957617
86.1228637466574
86.45105596065078
86.54515752057866
86.93459243958476
86.50639273453405
86.92697022195966
87.73245740329692
87.23570208391526
85.19778444389307
85.26860281783016
86.09328832521818
87.15545066780648
85.74279202752311
87.31300509166047
86.73130784352524
86.29554306251414
87.50748175108733
85.58027357966255
87.50041504359366
87.2565100270112
85.68315349169802
86.26742015329475
87.08478293457333
87.39442498082961
87.80238116928057
87.92754036228328
86.13869115608632
86.3836774276167
85.79484441135762
87.64210648299486
85.95054243293258
87.53813032051126
86.39443597705717
87.43864889166946
85.1546201018068
87.02001364891818
86.59365074554584
85.69974207336782
87.79689654006732
86.95811020644653
85.89209140379418
85.8468227294438
89.0790726898324
88.266634335392
87.38488266400817
87.05331175528956
86.28739782209217
85.71116882221628
89.15075537892422
85.38001798791242
86.82988295683975
87.46528408273211
88.18920490895118
86.62871968120922
88.52051273386249
85.69311306175574
86.5504268938829
85.76829740027618
87.55444429540633
87.10849611395224
87.04335529521994
85.67700300749958
88.01014074444558
86.96509789799642
86.54506702465454
86.91400709240602
87.14475973843712
87.65284169869547
87.90028712149292
87.81487309976819
87.38119225268075
85.85416525077154
88.35366168202235
86.02522462874175
88.18395154772138
87.92361118968105
87.74068470980295
87.3229650203004
87.95966165267565
86.95151343303358
87.14962936588111
86.6616077914821
87.97062779564286
88.0409706913459
85.37760847484928
87.17170902260197
89.51853412722478
86.80219484068915
86.95072310913277
86.53819184081901
86.8436670044338
85.08212469240988
87.98943719372191
87.1835420609533
85.90594733351601
87.38970847510961
88.92161975405745
85.25562403954132
86.86686571383552
87.94784568292962
85.69467112661944
85.65667556113694
87.01254068770871
86.13025001406254
84.59279990965865
85.80663954718973
88.31224382993975
86.27840960568714
86.15222217104457
87.94378810919484
86.76495519965226
87.7190078154646
87.48493689356832
86.99757842340259
88.19507584025176
86.85194846863638
86.99783064546025
87.4218400851152
87.37515050592125
86.00613288508958
87.58750412859169
87.04252457644122
86.19980464076647
87.53311651772613
87.35082797072165
85.74288215421163
85.69893426243975
87.96405304402218
87.4291168958898
88.64844946489272
87.46087451609392
86.21896007864406
84.91162136975329
86.55720695356554
86.49233483482088
87.57579015956722
87.894873013227
86.6959210777893
86.4681062988538
86.98190656257707
86.68078260272726
86.80366606076403
85.56733626840025
86.73092150106585
87.91160083285662
88.02129607526433
86.95947206930451
87.00419037917207
86.25099607370835
87.52098834597481
87.85408942752628
86.31016512895414
87.25176165885064
87.82710563360064
87.22593124532726
85.90421785329286
86.55510196985739
85.67129157532237
87.19686514069735
86.231044525935
87.40830381480362
87.9448522077012
85.88267615883981
87.32123189199045
85.17304969878364
86.60370956214379
87.03775286501647
87.9479573803765
87.34403046783481
86.7870248094241
87.7277184569377
87.5223055954747
88.33706946526415
84.9291253079825
86.39277254373705
86.4588969638619
87.16654302511067
87.59857327148467
90.18490240052883
85.94712741908745
86.38756336310973
87.17248657126615
89.64914374210042
86.3784045110023
87.5324582106334
86.75353878452601
85.71668512434091
88.30509014708579
88.18153068790268
87.93447234088414
86.80260303842282
86.98035541655716
86.44679401193972
88.01783638159846
87.76589520756896
86.64736664927612
88.49672747503476
88.2484680772208
86.06389637802916
87.07098236413658
87.37136922127374
87.24313986865931
86.34678358313045
86.49319822821987
88.10679546522225
87.98865140660557
87.53647780330763
86.7873999580368
87.00933435744325
86.5226246396001
86.93135569973506
88.70018321861104
86.78903354277347
86.69580028760369
86.74935648507727
85.24992572755369
86.50023134581026
85.6511886703795
86.75889212157723
85.82601723815013
86.72923501256388
87.45218128031588
87.73876159463614
87.50170092220043
87.80500769171988
85.50508648158768
87.49602787921795
86.71994831443449
86.77229704247539
86.72092097572045
87.37797732899789
87.78186883941856
87.1586381771516
87.71746803692807
86.2482710855269
89.1131639787761
87.05158153079616
86.86604368352013
86.14825511805512
88.13468444686058
87.30736657653661
86.9927898555581
87.19588495668475
86.18090181085817
88.05317284966618
88.05394339383574
87.57193094275861
87.24362993502004
88.67587064809999
85.63743513556088
87.49865246761112
86.68438387186391
87.59449744854064
84.7532240987217
84.97143213992821
86.65983181115061
87.3007730993406
87.19475389762644
85.7441704539566
89.15756640196922
86.23425323377771
87.32049621853596
86.24588144332087
85.84832864020682
86.496514827163
85.03026389585729
87.00078030636894
87.17640686260769
87.26897893246056
87.42820996387839
87.34496573089444
86.15903169751044
86.14475516525056
85.03571134997766
86.77114160074669
85.70435811975355
88.04089861130605
87.52071648921434
87.29739037914948
86.58348378967256
87.77008457325077
86.2640316013326
88.3078765796977
86.12245089490867
87.11714383553353
85.27708539083892
86.70775389514232
88.4834705319165
84.97098622484383
87.20413041345861
88.1853765389375
86.23942075855643
87.47995567089687
87.12136703700519
87.76579185379381
86.91503205138015
86.29746494554449
85.84993964067978
87.29881893046624
87.77113174838094
85.384799347352
85.44592881349027
87.82281002422721
87.3222590238833
86.80391837351758
87.25424127179936
85.77234104199131
87.24491758926332
87.12786253338784
88.89327665669428
87.32626703719187
86.88490131804082
87.18408446419538
88.2097474646923
86.73909648099793
88.49973158082994
86.93823004167574
86.63305402610114
86.10075910322809
87.3129297141333
87.35210846347593
89.08752181692289
85.88304775522252
86.11290797007977
85.99570489252578
86.5816067121028
86.3319617552505
87.77849770985308
88.17663385991685
85.60483219262687
86.27003377037684
85.5901893611226
87.42977299170164
87.88740761908494
86.4652485217958
87.38496479088556
87.16646862802753
86.12744166996903
85.99349272228551
85.70091470181079
86.88281954965743
85.43793793160503
87.29931712495348
88.27036316323895
87.07373059755157
86.43217344375826
87.1312007018177
87.53491867315115
86.7519026574702
87.22964891703958
88.17824527087103
86.57253156723512
85.70265673126566
86.07643408884827
87.24761293350967
87.20145197104428
87.03986050203319
87.06597197396081
86.19341197154908
85.81858717886864
86.71451633439209
87.35419038587435
85.74386106755962
86.07728906564014
87.50895217404243
87.82388219082858
86.97386815605098
88.72694099263852
87.69877095318878
87.00026661586699
86.3774569471309
86.79399620465476
86.6941948200848
86.41773626347914
87.80980744957687
84.66309591222301
86.35773290518182
87.66336062674839
85.4327032470328
87.99671533007455
88.07664751629945
87.03822590126806
87.33121835285442
86.67566031581617
86.53382830239745
85.32369920905083
87.91574219645828
87.65321326997558
85.88788104676136
88.27721500950992
85.66800286822284
85.25078272997533
86.75139161297437
86.40527508125359
86.79475018976088
87.05892114582204
84.68617507196763
88.71872659115125
85.99588649553719
85.84826164894808
87.47284939481463
87.26546868470965
86.12466802876288
86.94498017531696
87.05623692582331
88.32021122993187
87.04090477505845
87.52819035230135
85.30662442656929
86.97635264061358
86.80232398807068
87.74262678659731
87.20146953773475
86.36262214567239
85.993889409621
86.77038209664401
84.24726426233607
88.9116943649918
86.61032651705251
86.30182909136784
86.74448769814126
88.20156061039843
86.39675888703913
87.1087859814925
87.67357282884402
86.36600550832331
86.17505396879187
86.47858272195664
86.20310599860841
86.77175823233536
85.8799674942759
87.88707219360306
87.69566871926885
87.07703503781529
86.7791493383654
85.90981173746626
86.36558313753316
85.82208322542651
87.07786897269541
85.94994931377879
86.76496466603757
86.59919095363288
86.57757056405464
85.94680819489369
88.20410871735118
86.77666850733084
87.4683977374371
87.84002844843354
87.32085841467317
86.81714142040191
86.1845958044939
87.70145899764142
87.31285368300146
86.943765174262
88.33914096860292
87.76347668679702
86.38543618647452
89.35526730702401
86.70253912763599
86.15900002556351
86.41896838825022
87.25647200163138
88.65035557531955
87.45130868601268
86.36487218652542
85.37229380660546
85.45689248195025
85.53179982243611
86.07864366056266
87.04339167524971
85.81877273818753
86.37643512739517
86.15514310966735
87.83029427001026
87.12742961555912
86.88115822104615
86.47454256655209
87.04197645425744
87.26433565042387
87.24870900222975
87.27612405750516
87.39392201013551
87.28436604944409
86.4151060808302
85.99378099096467
87.51060954318714
88.11806213887364
87.13197969316627
88.90183615051127
88.03070586548738
89.36933692815053
87.2057924198039
87.78275999192915
87.27324257589407
86.58111988422274
88.08748974142487
87.02459925190621
88.01021940130433
86.73064403785187
87.7691538588737
88.23461469351582
86.87073226235273
87.08463222956006
87.7756373156387
87.27139093987452
86.54384500481707
87.60759336462094
87.07925811634132
85.84817284366966
88.35527193167465
87.08961930201005
87.02511783356326
88.69579217932463
87.0271620420073
87.25116107187662
86.54504727381074
87.33910648455601
86.88763002410852
87.20328715567427
87.94741171674033
87.0589008675853
86.29943665833282
88.3309401652749
87.09942518614282
86.00067373559092
87.03802307122702
86.51512037927604
86.22963848420012
87.25769757633483
87.14236734022661
86.8133215199207
86.42136109207364
88.40108183865135
85.58189741916144
86.94669816011644
86.65946192007526
87.2170210392731
86.00179011086223
87.20611111521806
85.95898047695799
85.40044737570955
86.81368760802134
87.43843766180964
87.31071237729694
86.7499440999734
85.77640954767863
86.85846112598517
87.26906448490092
86.44905381494755
87.12113345050292
86.68587209330845
87.05646036049795
86.7036504697918
87.05911499386646
86.46444191910226
86.14189600326027
86.36431142121636
86.05001824679219
86.55957581020863
87.77069346092892
87.19477273821018
86.18247255726364
88.02409919328274
88.3787474211208
87.34164213068254
84.62252745862972
86.51737538074885
86.22006161511842
87.03787522463504
85.38964438892005
87.93107562605739
86.71414061719189
87.5081116533704
86.67193119010838
86.28674359311475
86.17824544787368
86.86675944858538
87.32004968362422
86.61399243472157
86.87324314032948
88.10257487327327
86.3111872939566
86.44755171795374
86.31855355360281
86.85761875456039
85.34529693239863
87.32056577248584
86.92262958635087
85.59500742944563
85.00813793264267
87.51201938921629
86.27476845563127
87.43279616380042
86.64127660779793
87.20371128767032
85.73032919988347
87.98306679118072
87.03191678096547
86.79414992633978
85.00439244501958
87.04657103852979
88.04460949285388
88.5264293569026
86.94482374202748
87.01075618535721
87.94413429956154
86.45820243488383
88.06864872983077
87.1020488979866
86.82538524735858
88.18840595551245
85.58149957933193
88.0871798743425
85.96535932691692
86.94708999532001
86.62155541505304
86.66350799653839
87.60651841667739
87.55500941970129
86.09469229416041
86.67039449313279
86.39587640901287
85.16513511806023
86.80430905882704
85.58657932742094
86.79255358665706
87.92392755642061
85.81312133729685
88.42400666429688
86.14735702499642
85.58821202485993
87.02419607092952
87.2908625009263
87.66643564585733
87.84657497287047
86.28181550936395
84.88095998616492
86.08638798891332
86.77989302038776
86.2555693395824
87.37693027123596
87.27410052320386
85.61325353868226
88.79152616698552
87.001511328069
86.75317186031285
86.62715944838594
88.63525360271012
87.9177538139495
88.79098843833683
88.18129993514411
86.30206763015633
87.6707711391637
87.20784503119904
85.67106943297507
87.2478232541359
87.30637366035462
85.47060202585776
87.04026785811587
87.72493174053956
88.47649022122144
87.35562975237242
86.16035762581674
87.08993808459873
86.1487948431839
87.26251760501938
86.00170954051113
85.65676524025919
87.59334462088134
84.99214957395048
86.68141354780306
88.28905908094244
86.1997571104981
87.96982143157598
86.87881046994275
85.61189361899612
86.28922756128539
86.41081980971623
86.7123537317876
85.42762095979334
85.9047112189809
87.43779821269342
86.9494570280114
84.15952142970306
87.74442004629064
85.68811736212439
86.57403645747287
86.73524416913699
86.68201239838903
87.06541579281966
88.00931203967583
85.48174264215604
87.21419750647048
87.76561000532685
88.28244621929022
86.98788770753494
89.17804101967018
87.0254855862572
87.62489002121286
86.9168288022519
87.40033040305731
87.43669926538271
85.9410837352885
85.49929886069134
85.99167397762405
86.44561295774615
87.51113631769928
85.50134643600218
84.96503424318821
86.0988963855574
85.92914500855058
86.35660236783664
88.56436991165256
87.36700856367422
88.12333449182223
86.0022386376051
87.58959575789406
86.7676878237407
87.50982115348604
87.9178127621975
86.62492140865443
86.47355441189288
86.57750283367933
87.05829671518421
87.32098476903053
86.62627660847355
87.7327466413751
87.0340596124432
88.75462113180836
88.16896476939144
86.26068000184426
87.32898889526408
87.19897759504781
87.35177654311568
86.43965794297243
86.40580935069141
86.63464840638333
87.67462564786308
87.01436599082096
88.15363659627997
86.25700274812345
87.30916483371878
87.31128068135185
87.06178262569307
87.19834818025107
86.30373726284787
85.41734490983316
87.4122105492367
86.97851224335207
86.24546581769096
85.26594915555467
87.10348243645397
86.02842729229775
87.59982171147496
86.5231170032801
86.7009931304881
87.24031561408616
84.70476691846069
87.2273543802105
88.0382248933849
86.29049197162495
86.45412860841024
86.67018776653488
87.50782257792864
86.73800865504147
87.76394430031
87.73371099066698
86.81827677183168
87.2036508332742
86.90235598123058
85.60538685843622
86.17779633163502
88.23236052084648
86.35966213310736
86.07635350277276
86.57913771329686
86.92794014419945
86.37084274692886
87.73021012910145
86.72745592751531
87.56100455054859
86.40409728218668
89.53289046664312
86.89097227142669
87.539326488817
88.72146535128768
89.47490144729541
88.31090469841568
86.64027988639418
89.72879228683465
87.34870838364105
85.8942391200995
87.1510543845663
87.71812474597138
86.81798909850963
89.18574302378806
88.17604205539617
87.44275365530655
88.20848576512739
87.09291473341516
88.13844367240395
86.38308330669226
86.47384656642485
87.20140657786827
86.2275569554872
87.33060015805479
89.29012213626586
87.51350844530945
87.3324788220157
86.47584229589131
85.20916687017393
86.52541539449845
87.82412754824355
87.18271736912298
87.03254094306013
87.28402478903186
86.2761908316748
86.95561621519799
86.37444324808536
87.40846497046321
86.56536605439213
87.22741131181586
86.33576097747437
86.6524072224658
86.2879893823547
86.71432425837561
86.1528125011494
86.36124451329141
86.52627941262247
87.65794824437442
87.19804278290013
87.24107065667266
88.99645100979215
86.68287940281918
88.37943398698957
87.03058608860692
86.36002976133759
87.63837699653965
85.78777393339406
87.53999974668628
86.74001540972442
86.35483075884723
87.04291854032812
87.32518161253553
86.19786197390006
86.62859474397561
88.00055896637983
87.00635323557961
87.18463000311982
87.24928510529477
87.68456782282712
87.42639814693419
85.38264855502653
87.05474608228356
87.14725184137187
86.6210649305325
88.03169381123573
87.16072450531489
87.31231482408133
85.51850935364631
85.5861071283507
87.54550954527281
87.01524755326808
86.41157393474373
86.15689577256867
88.09595960254781
87.25872290743523
87.97982872380108
86.79675248527282
87.8196407057303
85.65944614685668
88.71126719248002
85.47523093718843
87.18006427697703
86.99482434495685
87.03138892318813
86.51163340102143
86.60345075992053
86.79606694614479
86.6373302018017
85.6124578938945
87.88072528491426
86.6117315854572
87.74542380098447
85.95973524009219
87.63290652170859
87.46157473402835
86.22717243656221
87.23034475227509
86.4621930015042
87.34323440678514
87.12902297091539
86.5431192361739
88.94352608296968
88.20989460733979
86.46021816309391
86.94595623070148
87.06740127142658
86.13089695818364
87.789699492739
86.73648969101997
86.66785837472264
87.1963980270212
87.05268636128753
87.38635169882593
86.5809700783844
87.87739049886252
88.43524630715879
88.20304241462155
88.17341572416278
87.00140055383609
87.97135441555679
85.42958454021544
86.79250121041105
87.3914514985944
87.7809853957894
86.97236256894143
87.91961460884215
86.68553444260857
88.02022004113684
86.65598175273286
87.75475524922857
87.20352017879574
87.42991114487636
87.08857683272397
85.46786348261165
86.85767090767149
87.11989797626636
87.73126544077394
87.76471953492616
85.13486580540778
86.35502881872873
86.57022741746854
86.53859809977583
86.28053807402605
86.67134527340114
86.31933787420692
86.7816972712145
86.8088717374265
86.21891432481463
87.3414096871859
86.00393667598038
87.26374140859915
86.70446404014757
85.58141008961216
87.88187582044772
85.72357705651193
88.07377953962498
85.26178969737552
86.33350522495387
87.84488752057334
86.6996213793747
86.95906432982808
87.5720189719675
88.04228929426485
87.27342198891404
87.6708056944621
85.39566467258511
85.25748068206784
88.38458652447805
88.3896341794844
86.60826402384387
87.62230210527939
85.25769787502743
86.1994915228561
86.72606825612142
85.43526198815756
86.13135167883479
87.2499044604737
85.871354567978
86.2958755348541
87.28769843556769
86.31349944877692
88.35495089961145
87.82571961143195
87.40566548586983
86.91296566417081
85.71675060323065
87.9478796075025
88.76566775188084
87.53282943653458
87.75479608185888
86.95801901022388
85.18337751390752
87.78887580409408
86.67306771325089
85.48763938829285
87.18390867272305
84.3299765645431
87.17925383868851
88.26329844997194
86.25193030936983
86.80985674547546
85.50513031830006
87.93084657617555
87.7747910957926
87.97736717928592
85.75339832853962
87.55858306156739
86.75932178522909
87.09493212110226
88.6020866027711
86.23419083848219
88.11888724973143
88.59762549893966
85.63076641050758
87.31489183132236
86.6778107593091
87.24186705977381
86.97592839577966
85.98166733782878
87.97764499821453
86.45401913390165
87.94205956954455
87.28146830305269
86.95052944536094
86.81065690113293
85.76980859513836
85.82810732000895
86.88184714581024
86.26200389365654
86.7839499263832
85.42799130786025
88.11964824281172
85.53435664274257
87.25904497255372
86.7846319128645
87.28515940412322
88.00686770637567
86.33797220767116
84.4605929601538
87.4285795288522
86.92343014056812
88.7518264883592
88.89684337358386
87.44198209679146
86.90943661905257
85.84773594376657
86.98753196953486
88.21429828359064
84.97365308513483
88.00674127971985
86.35992419791361
85.22634909171335
88.6819489522094
86.13842238120775
86.58236636109474
86.65373140289593
87.5666227832088
86.97934761880664
87.67295820988133
86.97586723668371
90.25852093131331
87.09944281297278
86.00055986493092
87.04681553541839
86.64653306195923
85.24791062899438
88.77294040506801
86.96140142889007
86.33457740314513
88.34412901130926
88.04763799540878
86.4646049586194
86.40306036477538
86.3024644550753
89.12800899136279
88.73640491406988
86.70281186227342
86.49119786146211
86.28622280187533
88.0216862563008
86.67896202217761
86.54991025097219
86.70501781033592
86.99729328856259
86.3336422901008
88.9079877515775
86.31125963319194
87.03517829009117
86.86601963290686
87.10615624734399
90.18276313080531
86.59203477338536
86.71747918839492
86.01102503064382
86.47828022658386
86.72770096690223
87.57062366234858
86.37890256322652
87.38579963152851
86.88506147596479
85.62384129474985
88.33193873985576
87.82373716829564
86.00113755903396
85.75922241285069
87.03633497973023
84.73462597957342
85.45143166508555
85.98095721143132
86.4613721598262
86.15932001820075
88.36913716978886
87.64476295250181
87.75494948014774
87.11577166110305
84.8770214489398
84.18753981885475
86.1067357351236
87.31767427790815
87.04650718271184
85.95106789722334
86.83205779294457
87.02616869580726
86.73241287969276
87.79083669491295
87.13123932707073
88.687110626931
86.01660427004816
86.23588679539519
88.05161189774132
87.50416261297998
86.15476649011629
86.9669459467575
87.30855946373691
86.14139563664088
87.18474815324866
85.62319189543173
85.82294880108724
88.46386655027288
88.40092356395232
87.40927212132452
86.50522950840126
88.7294868846675
86.87580719117653
86.6923789076949
87.21286044492281
87.30520898885543
89.23049634129234
87.38714126615434
85.73048308981492
88.95752142527559
84.87640818252093
87.59323293184742
86.57491643205817
86.49152028780142
86.47670937039875
86.57863520371284
87.80176780519282
85.53681227744443
87.49742362647137
87.40677858348481
87.06170352328563
88.82915257158578
85.13837872163995
85.614715153013
86.95089192838014
85.68216717143565
86.5501746607899
87.66201405563667
86.53488372617271
87.11545405753564
86.96153728282547
85.84051143118606
87.66839549089366
86.48060247867897
86.28200540498767
86.07799008982002
87.44023578386536
88.92339388654565
86.46229778387291
87.27834638534777
86.28127864840005
86.3905057154553
87.43489354929446
88.37812585289416
85.28254626724953
86.69924728264789
85.34140474879715
86.90145252627327
87.38385906311184
87.2532354359173
87.46566221998674
84.89584897491443
86.289990012452
85.23648578375979
86.9077588527906
87.82743570751825
88.10262148552401
85.97413265078406
86.02943006634634
87.01996230453886
85.61951285450905
88.71125043470927
86.30079029299628
86.02994909570631
86.86452739638838
86.85352165142314
86.63862005087232
86.70172689100411
87.42197302521039
86.92181078817457
87.5891625968419
87.65631628101627
87.78855514736226
86.89164348191697
87.46615528210116
87.3427467881675
87.10019817837069
87.54531716820388
87.02438896722394
86.5017671684229
85.74150329898372
87.21280713380347
86.18220002165513
88.07830819246911
87.55663862090248
85.90593250753972
88.53192653094386
88.10863904712984
87.94248825831694
87.4865528592747
86.65827534115333
87.04573107488449
87.11876700653912
86.23631104781319
88.22895380804877
87.95284613520127
87.42353566230334
85.90842876223785
85.9645347965768
88.46220295439757
87.28889457197735
87.89806762565141
87.67324130045867
84.97103493320985
84.62413198048569
86.82286726548016
87.30278732092087
86.02861949423776
87.53114121701664
87.21055091338982
84.81758678332294
87.96809385326169
86.46535930372701
88.0389142002973
88.00788585654443
87.31718820576815
86.60955814545812
87.1020183768234
88.21690145381805
86.51883097714399
85.91068164453529
87.40960197971796
86.97578350340122
86.6487151378844
87.84017567712581
86.87944082596836
88.28064958474626
86.01456055034238
86.49024346604513
86.54829861054506
87.38049170396475
87.15120783284965
84.28635051013988
86.46176211474575
87.1516444797305
86.33556982319601
86.4967875217947
85.95310413919987
87.19791154561973
88.85914310895147
88.19581827699069
86.49713066380102
86.75529643996789
87.38928425904614
87.03385709764954
87.29502828218769
87.38897807873508
87.77928339673717
87.69898131620944
86.78231531247975
86.32963826344306
86.50551775911376
86.59555321842836
88.0213033919744
87.638973752216
84.88519891866149
86.90325608815319
87.71213872969776
86.85197762849269
87.09620627901647
86.58260397325795
87.1943606697424
86.60649545465277
86.47577344326376
86.83721290648971
86.22038962704413
86.85564528038591
86.52954018143392
87.71740535935363
88.22104182954212
85.61700735712368
88.0970253149184
88.05951468232756
87.18261850001973
86.38635526641029
87.12128979381299
86.28311387506353
86.73731772962452
87.33627966324421
87.6636092867159
86.76030440817065
87.57747313379451
88.6380671142207
86.7868660556884
86.93741862337382
87.3216013740748
85.37873592318368
86.24410869430385
87.34935204954996
88.06812778315881
86.07533340529821
86.5536443298214
86.46368511804779
86.9808379899938
85.61754319898915
86.40843525080298
86.71426603276389
86.50631001630121
85.38968375473414
87.17831656703336
87.66592888434745
86.43052568394741
86.7954123467911
84.95216419703473
86.87256391688886
86.7085486009997
86.70581213975274
85.7143621737949
87.62354021716082
87.74832977132552
87.08144761105363
88.03900133201002
87.41891683019105
88.63695543410398
88.49937715962005
87.28352488903667
86.34911411336948
86.77097638895965
86.1689126970089
87.18435947399284
86.50207884310817
86.62196858814875
86.8808858996524
89.63231551564772
88.00618216786066
87.91765739544486
88.63944395334643
86.69669196301501
87.04089226402387
88.62227488563599
87.98406858843973
87.13282059747829
86.70016622248484
87.20188880855785
86.7096336177713
86.88676418479929
85.25388194767852
87.16266826081286
86.8387209990595
85.71563709300968
86.62607556955305
86.08956461691149
87.7362205948504
87.3625537968047
86.90825116301507
86.74080400744704
86.61459648289122
86.16487798589223
88.25691505329802
87.08524435408842
87.23125345477631
85.5708518782872
84.9946472292772
87.79341575951177
89.21415744786614
87.85480650219688
86.53684653842949
86.51324935421194
85.0833815902436
87.2522414308837
86.55137511164253
86.45054859481395
87.1005285967555
88.32085031194939
87.35576080344366
87.12464560099933
86.86477174743743
86.46165331515772
86.12928960075737
87.44588624668512
86.09991411562054
85.1963916007007
86.07468010198791
85.08063146207846
86.89755417870244
86.18553118134055
86.56428522244447
86.68988087464626
88.61372432331713
86.25891028279125
87.43600270055391
85.61017831846023
87.67721340959655
87.55590050033689
86.6668661029642
87.07465130636938
87.7391884754826
85.68688239083812
86.2256193675435
88.01221190025603
88.05764564205893
85.84759426535459
86.59862534959782
87.86428411222546
87.7053493911523
89.30262954804894
85.43218391891594
86.13439189535568
86.59683561060885
86.66025997379774
85.90912200060546
87.20582065422578
85.92043685971598
87.32705483501034
86.51526821223466
85.5006298279163
86.19498124446704
86.83907918889462
89.14099923863114
86.5355370845604
87.7396763944254
86.43087223574982
87.78967388227218
86.60402182117546
86.33602978625387
86.75027796079519
86.67187106318214
86.54860932413894
85.99042054801036
85.7286801378711
87.98313760123538
88.30620876770233
85.92584988072569
87.66531534195256
87.79165388662523
86.92356367191103
86.29130749558904
88.08305752090693
88.58621355575852
88.08159459023285
88.19642305417234
85.48336997060244
86.30412010780104
87.81922758718805
86.43022142410962
86.10440007742746
87.00648777454883
86.88265338035364
85.49769528964575
85.15332594473897
87.00865333198513
87.12036567772266
87.44669136275422
86.91058622382884
