86.95368314750414
85.67339055194255
87.84894131878319
87.63149463559243
87.63262732009112
86.10348849637806
87.15796607860362
85.33111377217551
85.50980316718035
87.67499693233589
85.8180170374596
88.11256861104786
87.0878205391402
86.26890590437257
87.84873612425399
87.41303364025697
87.95018308421803
86.8448595667637
86.11816267240715
86.76212916131342
88.09018808065157
86.4139178084627
86.95970240381119
87.89061852430719
87.09403912607466
87.91572266197265
85.65438008728144
86.95941453023782
85.434428178859
88.79870692851371
86.96887664203243
87.88016616602614
86.11273955340769
87.27710625913502
85.4416711575747
87.2385165274577
86.75368378338194
86.42245677136243
87.97511513318639
85.91648626803196
86.81577997854421
86.89329190859222
87.30520038068055
85.71269964512348
86.67992350092014
86.48891227762523
86.88679163960524
89.29941505129983
86.79342366830912
88.40738237659318
87.28903709063229
86.73013576218284
87.69728574269163
86.0445986849708
85.4624864926456
86.6313233162863
85.38883184847629
86.20602534904953
87.57366891521784
87.17972302535816
85.7430694900336
86.16926637694183
85.95295118706191
86.38216896532187
88.02974011487947
87.49247841700186
86.3823921523339
86.98320753261142
86.72570816206445
85.64709220467434
88.7150085357227
86.34441052646399
87.68200952887362
88.38507830811675
86.66657435141799
87.88014547309719
87.75685920737936
86.18675324301485
88.76641065673023
85.83973950363638
87.47252782909577
88.02547229899622
85.64271040170978
87.77066430168355
87.68191531440286
85.27427158006641
86.86969200869653
87.23832101522046
87.42669628063999
86.93031485950766
86.82246566816684
87.02053597779002
86.67984697635539
86.9746858081553
85.75593547843016
86.90923202412833
86.68857051075378
86.12160349621432
88.57690088740281
87.54391008796593
86.3134745299857
85.73977992250975
86.6197346989509
85.09702078159735
85.01397154355323
87.79660778145927
86.6845721280391
86.47672316211097
86.69135008516446
87.34797011219624
86.01381373329147
86.26069077229062
86.15522544451066
86.22642169377225
87.40758023175172
86.92462504546712
86.713273612855
88.10569351777487
88.7481927010631
86.08447972019366
88.90754926843759
85.04389259823671
85.45100578809419
86.27661125166249
87.82678266549982
87.25338383772755
88.40616109524419
86.2493147926852
86.70123312783332
86.46585469538337
84.99894559773847
86.20899227264061
86.94378607003965
85.71888764448724
85.49913077675863
87.36807815835623
87.82744146256695
86.52590859056133
87.51153500025791
85.9876065207704
86.90798427897674
87.02726888514455
86.08431123523665
89.05433858574399
87.85746503586797
88.4003748356343
87.73764480562164
86.6932000909184
87.76840291397356
85.90121078209535
86.16750032355891
87.82322509569367
87.82954267035021
86.29893930035541
86.65154775256087
86.36470239577655
86.58259567419225
87.30868457108467
86.74260013110799
87.2510915685831
86.52860036782708
85.94920073962575
86.59563520504
87.0582659330732
85.94409720049178
87.85384330129799
86.07806940679278
87.95313890607646
86.60632609846635
87.92417783243482
86.40403506295678
86.59170678839172
86.25755452826559
86.17302619108412
87.34874790584776
86.2265944418685
87.95437203763682
86.21486747361304
88.78995098367085
87.41434605793394
88.05590803860187
87.27640671052629
86.6840278014037
86.75188668335053
86.10331909675368
88.37603319127264
87.98125813090155
86.35139929575915
87.297610688897
87.10726493255287
87.78652296339179
86.73492913327455
87.63341674328635
88.37052186132348
87.87495963414828
86.73894216853614
86.94584871678381
85.96537146884305
85.90163675190252
86.84679616953383
85.92560945705888
86.30320360503008
86.50273480241248
87.80257628808691
87.51983950340856
87.72940191247812
86.99947712922538
87.00632750764159
87.03365736876292
88.07634555336966
85.43424181179562
87.18678658644536
87.41824369614078
87.27227799292056
88.0235924751146
86.57589949072984
86.09645752781374
87.66578164104997
86.5583185164552
88.50006557920725
86.36262463614182
87.4473968644327
86.22615985216068
86.69715435994313
85.90969617019131
86.73165506286371
87.91827356027694
87.16843833605027
87.17289331683105
85.79704842338484
86.38537272171463
85.32986476228079
88.25287587227065
86.52096196828849
87.08897265673971
86.78873950470772
88.77462579844955
86.81280120592002
86.28069618054337
86.80255326792802
87.18119885892241
86.04147256354803
85.8563135662778
85.85947892205455
88.49702447751434
88.94112953273242
85.93190331918782
84.87256233268917
87.88742469446807
87.96896872290237
86.90057868378
87.11470587385614
87.2393962407324
87.21164984666736
86.47891880090341
87.46452373505014
85.96529511414082
87.10220529335014
88.96874747710838
87.2500070127485
85.01489466998655
88.0767708886271
87.2810065336719
88.5033715999862
86.38101935281537
87.168768364742
86.90565952959003
86.25705810143417
89.2687361152908
88.02930438730367
86.9571880698624
87.83986439665037
86.88095326752894
86.8591435952057
84.97780564833805
85.50764132020575
87.1057531891608
86.59011406272498
86.21004696177572
87.43795637692409
85.673134317636
86.25796968109493
85.86598839470568
86.24905118476312
86.39205045358875
85.7364583603904
87.86532824809449
86.17387771844872
86.3704975820347
87.62039231419199
86.07255309515534
87.46467031931009
85.31142397511822
86.21088405440538
87.46184824562056
84.7263466562022
87.56405121102709
87.07203117106653
87.34698014448765
86.50913223642354
86.0516592833716
87.14946977556012
86.7908918797628
87.77141658252869
86.08280859887485
85.94184368948301
87.29659982178072
86.99326671705835
85.78993029376217
86.61246423123617
86.46914308379728
87.44705683289561
85.2970773154576
88.27869877523196
87.31503140336348
86.2472250996226
85.64521909280506
86.23948308589993
85.4699484088697
86.22382004228339
87.98763480624925
88.11272374388675
86.52642773035691
85.469986051278
87.13108057654026
87.13013498548591
84.45200044098259
87.6068251322277
87.38061774719064
84.29582253424803
86.11832940271553
87.49363735411127
85.74128962680751
87.56508616442207
87.75313505776082
87.57589513340879
86.91368178596932
87.50864238941485
86.59189872105492
87.760506056176
88.00219687360725
86.92609846952077
85.94254573681476
87.43393197926929
87.02782572474028
87.18842853632088
87.55608880888202
87.3509758540191
86.76174703229071
86.98302250031824
86.40988991932149
87.78204946676657
86.77531645973443
86.72230745252749
87.3781971973754
88.44028236762409
86.95129023841722
86.55106786285425
86.71819434077452
88.1007482232464
87.49491507983207
85.02473685808286
87.94270479777104
85.68447281905573
87.39817707138255
88.15418760771095
87.23386733364111
86.66223323406915
86.43349582702983
86.82203198826994
86.98599748367316
87.0783777686504
86.85632465441634
85.3200216297891
87.27452002491246
86.61619959364207
87.53722290687865
87.83343107314899
86.65304878759282
86.4182824385581
87.9206012740737
87.88555509608166
88.24967725909383
84.9438036640286
87.13724021636901
85.05576507213713
88.00475656913359
87.75665973115916
88.71681549502303
87.43319464032795
86.11470877252519
87.7732913934873
86.02715189112651
86.53006938760369
87.56952021732093
86.56396188680975
86.25293381082442
86.39402107205213
85.30918060440786
85.52294715854141
86.24600160399581
87.11899265664458
86.41220867285391
87.59117289300072
87.53996496119659
86.8318368828505
87.38269217268235
86.84645373929565
86.9352772252933
85.45358258294571
85.8759431313723
86.14309982969502
88.14773210739665
86.84767445080601
87.51505788672578
86.36797395186112
86.93826649017271
86.7220430945954
85.9257983783121
85.2110844899994
87.68492734858604
87.37992475323863
86.7540400798659
86.81894953104982
86.17275502778281
86.36989315517194
85.9498693353423
87.01139194533611
87.68249054037541
85.27453293319942
87.37593914495937
87.51059592123394
87.10726864673484
86.52199289520102
84.2896355493418
86.48897565733807
86.8249725451431
86.53229940822213
87.58184145984504
87.70677146463237
85.50682882525075
88.22863195387691
86.64334182181126
87.30005994130784
86.0676531275888
86.58891982907902
87.35147752331727
86.2213635222326
86.67180870725558
86.35046187470171
87.00906697393773
86.33145660424339
88.6003331824557
86.20665747533137
85.58203407012323
86.82440881063972
86.53181787854793
85.91940850288664
85.70624987201279
89.17838628092167
85.61616388154258
85.47559467766844
86.73557446695578
86.66084797844067
86.86713513176721
86.38365211468883
86.89082459885371
87.96302569153073
87.52001688288826
87.77397980936554
87.78021079047926
86.30163602513517
86.28819446619354
87.75780585069833
86.92367054623259
87.10077498791803
87.80569767710021
86.353038965907
87.06933198554289
86.82177098970264
89.39692452805602
86.31013958328195
87.80313080267518
85.77982411174675
87.09716127859613
87.50881856408733
87.74090079887876
86.7105166354492
86.56356701804164
86.28710100728857
86.7370235037308
86.38264474528356
88.39327400423329
86.36190330494155
86.45989912463146
87.92073394357787
86.82259808374697
87.49868774563724
88.74418445903251
86.5518118903298
87.10764586515785
87.43613035374939
87.81725816995713
86.09665671047321
88.1311672478396
85.91810155314232
85.4257687335158
87.61619955800192
87.14233033041121
87.93850195421108
86.40649676720332
87.44633374529252
88.28994713561686
88.85312402665615
88.07032019889711
86.35744442479346
86.62074062120656
87.27282171701633
87.74281532596716
86.4781728195652
86.34126615422937
85.66559359208891
86.24060105997246
87.3886981626495
85.582503895219
87.4517055417307
86.25284015762075
86.9410199353121
85.28780858290361
87.9587353233737
85.60131570727603
86.51502739697273
88.4780804898387
86.18953121251467
86.81663025977869
87.1781390680518
87.2603923477999
85.55053047957759
86.10188253313042
87.04429112398772
85.14079938942047
85.81257483610197
87.85248935967017
87.01375303970025
88.09858295810082
86.92822378061827
87.95280384079445
87.79909951866492
87.38423070204966
87.61319433478837
88.23910559580013
87.56311381078585
88.07970106910685
86.43404407125587
86.73377872546448
86.52779078827909
87.22481269930174
88.05921469499552
87.20443283671626
86.74267262325908
87.43641590898508
87.00839492871737
86.34639607726595
86.23666709472694
86.53668355338276
86.38212882756812
86.93542020516797
87.66482139323348
86.85628223031866
87.68453778991814
86.77425474900971
86.64695814392715
87.14156820328083
86.51845187470049
85.8657241412394
87.52240993945114
87.04977586024064
87.05598636605905
87.85206481351226
87.5236885167007
86.14494830351377
86.18515288766508
86.25214755517983
86.49193759439447
85.56465250821347
87.90380336130153
85.87464135840575
86.80242976313484
87.3075572771919
86.0072811076899
86.55056924419013
87.90621400798639
87.00038139231077
86.97507878823214
86.41508781999596
86.93267990015327
85.72905062980564
87.4438104603574
87.6206189195459
86.64514288300428
87.75781954398654
88.30704356783042
86.16812308439015
87.3002768456193
86.04380065010623
86.5537841330775
87.5550278455922
86.68247844245536
87.88745529412904
87.20339762227091
86.67596380074285
88.228035184924
87.81672560018784
87.25960846248418
87.0140459914786
86.57007908956699
86.72326159808338
87.58130986677614
87.38434512043746
86.27816741296125
87.99823102286152
85.68791014677235
86.22627068122262
86.83142145003319
86.0038492627644
88.713403576333
85.76197286828486
86.85107121675684
86.19874153042726
86.64798950465251
87.27511283107724
87.23120578948205
87.63549691631611
87.29751838438499
86.56363292984211
88.088742073828
88.27961744059996
87.58270413805539
87.32045373821049
86.798987230304
87.32642395980082
87.0565354514858
87.87960623090598
87.21436666218797
86.6529107957628
87.15560306018696
86.31557927916487
86.77554835708524
88.19185343830397
87.75761696197142
85.21206433570389
87.70029225512977
87.70392402463891
84.69035068059424
86.87952496121287
85.88412376465315
87.54493869004351
85.46409477322534
88.11728785111025
87.39565343400145
85.34629405569555
88.80864812620536
85.72566832577796
85.78690473449494
89.1141970130141
86.25458564910294
88.29891985910811
86.7244353004583
88.98538853213435
85.25458055393268
86.47317082846054
87.88884878549986
86.61847931588578
86.16737825585918
87.58175370725203
86.73739682487256
86.95273992091307
88.41722016081424
88.38306620746403
86.55815702968903
88.2681884523573
87.90954887637241
87.58398996564769
87.2370996448198
86.83480907167174
86.09105919850073
86.8383852674696
86.92219073021896
86.44049533786827
87.68177464769508
86.5631996232927
87.56099411277275
87.23706397223101
86.71315349412552
88.21618467212193
87.14003304578462
87.8283894186415
86.57700366153809
86.94573752939034
85.65075630279429
86.98726670130257
85.4553950629805
87.94585158539897
88.25404973782148
84.42597426321413
86.64297915694345
87.43364059494213
87.14890645546727
86.82280096291295
87.59767085657668
88.29129953324728
87.35168519687673
88.80855836503603
86.0872011942203
86.85423688440996
86.83778793348077
86.90524316340192
87.1406415408001
86.90177011784054
88.25501256454658
85.54351924060165
85.34789769895183
87.48069952313803
88.5973484705848
86.96366521155527
87.33829279001537
87.0996502636446
86.10205874840123
87.82381692082735
85.75500288134656
86.82993833226887
86.27605976392469
86.58290645792712
85.08075271537294
86.00180092983233
87.3049941192795
87.66573216553019
85.52943628927441
87.3635229990963
86.02604970136571
87.03611492554121
87.36148275791601
87.08578612628892
86.75875138271925
87.86435842681041
86.07186089818512
87.83501714792877
88.22247839553447
86.02088240718315
86.70112795434453
86.77883411409569
86.59801256866858
87.00984980155722
87.11285657539729
85.91256593601729
87.72644569557663
84.38980843844843
88.14418015192047
86.32433401292697
88.39632104094382
87.41392744285793
86.0098188586841
87.43763935312985
88.08670319553875
88.50243841663173
87.46680919533753
86.53993238144322
87.37403219004493
86.2127203547633
87.68654077396873
87.12655038801428
87.69051742549937
86.39425903753971
85.04771353074347
87.5110512079184
88.23413336553432
86.79112330595707
88.12074080737823
88.64710342228241
85.96857625736807
86.78359036599359
87.51303192744771
86.99677912617702
86.97913863547609
86.67060855318876
87.71826307975195
88.05130298852357
86.09304808446684
87.97390279962201
85.86552079767509
88.3605421404489
84.97193670482783
86.49329938121717
86.53471361045992
88.36269080760746
87.87165340448243
85.79600042448024
85.8320398882946
88.11790872707361
85.83647349952913
88.05654723141484
86.39717307845717
87.09361867428035
86.37956595103647
85.57873922253398
87.30378783670888
87.06985444129703
85.78339564477366
86.18735401740861
88.49150852020325
87.20659491486215
86.50732462333102
84.52972819566686
86.9478799329183
86.35736399360202
87.68629957516721
87.56520626172332
87.15130522489376
85.97440655693144
88.11867451381836
86.4985627991587
86.60283440179151
87.68957021846172
88.70514345737566
85.82934717133149
87.05112808822139
86.73011790182744
87.3586525489028
86.6848452271821
88.07884946386112
87.0287242272264
86.97975270368582
87.46237393937439
88.2104054999532
87.7419842325419
85.17939294474431
86.59221458691914
88.21662156784063
87.48688886431508
86.64298382067932
87.22056845386255
86.66683431353965
87.21492890833696
87.97401749720429
86.11645754253965
88.25119814543093
87.37718874296345
86.51436014869392
87.46103440116984
86.71229455170462
88.22953283843817
87.63779022489497
87.32800688642554
87.31423081351335
86.57301381475614
86.66636008066087
86.96485585187882
85.83069447980388
86.68970871249265
87.8392020953609
84.99021046459387
88.46798431186062
85.85407913872021
87.25448051963237
87.51836638132356
85.65289291728782
88.34706195886615
85.0428411856002
86.88836257768712
87.09237562749921
86.84676173683854
86.54278799923623
85.51670806733358
87.1651006951748
87.8936616569906
86.52997989575636
87.58948463040923
87.3565899242619
86.62200468104035
85.67977393882117
85.49973010186211
86.98025127725936
86.25527926875549
86.85332903640582
87.38703967130755
86.28334028525323
86.63655905527865
87.3655030923907
86.95039179988544
87.55467451322777
85.42420672892618
87.45208780028814
88.12105935377866
86.69390266285369
87.03723356239202
86.95525544510824
87.78396239734549
87.11086385871451
88.00329601683693
87.06676283887722
87.69114302290836
85.55222904203248
85.02432577189606
87.0420809769452
86.16227111065514
87.8056055470367
85.2773840236253
86.00076623211915
87.49231337131634
86.24194357845337
87.60006408347414
86.67248591990328
88.62823130508518
88.05269203414908
86.51267531361779
87.22409024004298
86.95029424649347
88.76946990430423
88.62825347316573
85.57722403277651
87.2362525849755
88.08354183120278
86.22685784782762
85.54535165923356
85.75047065958618
86.85136056102417
86.18291561977911
87.25599792987924
86.64705087075374
88.01161929102442
86.89512187659291
86.82619655805401
86.25782897815051
88.99495138257839
87.7221169292083
86.25720706836883
88.19025504177172
87.09497477232873
85.79642377484068
86.51249502714188
86.49514147100533
88.5126925193962
86.78067053752828
86.95265772377816
85.78579643478623
89.0935783847935
86.96695105010521
85.86967995561658
87.82528191645075
87.53377995363559
87.65090037551275
88.28057635657825
85.14802778266484
86.71407242155553
86.7546918358371
87.80864864944829
87.54265661770502
87.7945127028503
85.42344956966944
86.96151333637083
87.41820079965188
86.05990735242081
88.79903788305788
88.1614330537942
87.91037290970586
87.18768319478615
87.63058859222937
86.68011496463164
86.6612817035969
87.81366711840253
86.77056362453294
85.54709163576099
86.71648128887125
87.18640352670076
87.51451738996343
85.99364655524624
84.5378523501686
87.10060179024107
88.00693683584984
87.67656490360886
86.43449319605588
88.35653743388421
88.38741257397555
87.72447353497958
86.18763498113289
87.37312712592069
87.81382376043166
90.36411658527332
86.02227396051724
85.71758780191789
87.15072090643176
87.01352933215794
86.86733534477499
86.3070156021618
88.81493689627493
87.14664519521601
87.35319095290728
87.37717565916068
87.5047093553167
85.77283754468921
86.84906683555839
88.53988425413121
86.89516224803138
86.6650130791818
87.0820504904856
86.80642851505188
87.4234557049943
87.92726135885998
87.20073189553409
88.04805180463532
85.27575208178287
87.45763250738871
86.43534807399253
87.19098962318256
87.59914351861002
88.30062802149634
89.00110562587184
87.01439811121126
85.43073986788704
86.91845776449016
88.19407576731257
85.86352566627724
87.09487158888481
86.96837974777766
86.55795240499418
86.16347566518883
87.25545506916215
87.82291071374226
87.56220205105735
87.31964109330602
88.12308269223541
86.10593443397582
88.2576040355695
86.11374723189181
87.65371469964386
87.65104899907604
86.69620252599034
84.38471060459398
86.23876896424079
85.9742276315039
86.8177682699694
86.55035722607542
87.46094418764956
87.35198410340402
85.65102780408027
87.22187560289316
87.01708940459432
86.5772512065216
88.50128086895715
85.93432616481151
87.08063551112214
88.56570211985736
86.32235525203097
87.17779307565831
86.4487678648368
86.20452007274892
86.3760164407748
86.5653060677522
85.92644046409143
87.29091221693537
88.1946534561425
86.42261055900876
87.94613034855712
87.61975633469764
86.27480807163931
88.04678281727169
87.50443070605994
87.78685985549944
87.07425977819528
86.91310338404132
87.7695197613852
87.61147043641913
86.10359710422506
89.60920899655989
85.74243951954534
87.91713768073359
86.94347408227725
87.42327177140011
86.92228953378228
87.0790946640271
86.32826452186298
85.95489739894604
87.0257256656982
84.8776317065297
86.74869170451832
87.37601716472679
88.28797551554815
86.21125097795701
86.2799886388757
87.35236023198048
87.124076375215
87.87097176054569
85.06765898799206
88.445673973824
86.14386380025981
85.97414162519469
84.62415082382982
87.48022911848176
87.6524742202111
87.29629774169884
87.43668164233928
86.48186585783718
87.1390585661528
85.41405497503973
87.38595871314881
88.05996430535164
87.36724848916052
87.33821906751714
86.19980220842857
87.06625227095219
87.43272063293405
88.06729250170967
86.71223998005432
86.34881984449031
86.73372814444267
85.12266293604254
85.11682621335535
86.60177333808284
85.78546476677357
87.30131538213864
88.3750857247906
86.32161758835203
86.77670814194391
86.09301464002186
84.86846876072966
86.64007651583557
86.0200837081288
86.03978967533895
85.67719420181866
87.11357077066523
88.37325293456686
86.15895671848767
86.32113404820498
86.70028055026873
88.56186454846113
89.20377537254251
86.95088911669036
88.00008283690558
87.95059897526968
87.0261477566287
87.37983598032821
88.58612467983305
87.9417926031993
89.07522645420828
86.79784424230348
86.20819246456837
85.97342442076447
87.39758262447387
87.05277778934258
85.75146927129062
85.61243503014867
87.6052730632828
84.50280697569883
87.34430136606045
85.5237051188391
88.32842454221202
86.58493756006017
87.25052811641041
84.85456568242635
88.74813801471898
85.84318951811257
86.79089193313109
87.93859883951254
87.23106344979492
86.72700031563863
86.96993156077286
86.7275670040726
89.0814672388691
86.41720009242577
85.32420370614808
88.2066248504771
86.37821080349981
87.64404607693673
87.88945516637719
87.04466864208734
87.35996340126322
86.72092598341972
85.70837069676563
85.89804977369067
87.27177456921909
86.06427371765535
86.59866114500883
87.9441415449609
87.93345287235113
87.6874713147754
87.45743579386206
87.22280833000258
86.75343542699143
86.42877088363994
87.60632293531485
85.8167554629256
86.8022321653331
86.4414654181345
88.24905250909507
89.04648827134127
87.97360575113491
86.61730431298147
87.0201787533524
86.7567492444402
87.99419860714461
87.93481036436185
87.07479631304085
87.98001277096647
87.07977602167405
86.64802161569996
85.75778568470717
87.85883769300808
87.15138851926808
86.93437442541718
86.61931652575247
88.49094749309576
85.0298831467167
87.50931313108373
87.14473660080125
87.33622577335514
87.98778914517315
86.33028042741027
88.25640369940012
84.45951440678053
87.14307032544538
86.65358147159051
88.13102611900985
87.9429700791628
86.65727833933263
87.54569412745361
86.7000222541985
85.56977468582284
88.34830815677871
88.43231359114526
87.07733198640328
86.79603315190481
87.10828938743484
86.32160890949449
86.06153606513146
86.3565274733081
87.96278005030852
86.48304352300856
85.9243238503776
86.15782779292786
86.33191203962659
86.40318538783019
86.25044898141303
87.89534682808726
87.62007162464234
87.42811973148554
86.80747236780682
85.06539989656216
85.27305715020309
89.00689758620342
87.29451967367666
87.06493485790644
85.9868016049984
85.39151140280089
86.63497776901771
87.63264947716391
87.35882571978058
85.49452993086132
86.06859025467475
85.78264361089478
85.85308880317854
86.91004465884326
88.8203754461303
85.77332765084232
86.26132823038584
85.76489576199228
86.89536946972962
87.74152500245077
88.14891466402864
86.0298538166812
87.00568233962413
85.43220867653007
85.92826815661559
87.33858101789262
87.65493219145611
87.60231577473765
86.57273472765682
85.72657601592145
86.63485677704278
86.94056007671965
86.0400181047419
88.33522303336323
86.83472451480809
85.85238730615498
86.48039345314714
86.08395848993075
86.04162519564578
88.86718298951101
86.77591554338534
85.46264532360773
86.57918987386363
87.03915548072156
85.49023044448168
85.91368716181302
87.67777967279619
85.64253784374826
85.45483526017593
86.3201873663587
85.30007982394714
88.25691174182012
87.23021321102433
87.21836796464547
85.20316120445904
86.83953977505615
86.46441151600298
86.07317648188112
88.00590631996597
87.06346879492237
85.68648850108035
86.19152805767696
85.68826091418741
86.9074406589768
87.73394260862969
85.69266676671117
86.87071529743177
87.35582957655562
86.08819869807692
87.72513212440526
86.88312571157128
84.7188415667884
87.42780057699139
86.51508511650992
86.63562588387997
87.38853992572182
85.91798696647975
86.11091127840037
85.88724611678643
87.86614133163707
85.51100303231938
85.90378116030003
87.47781414864085
88.75882299129961
87.70411743400751
86.58305530820438
86.32417992583214
86.70571402579519
85.01015628683163
85.52293508546293
86.35134749854072
86.46251932476815
87.63762861225709
86.7251590320889
87.31205720668781
87.00115256292001
87.84958067469972
86.39509151457978
87.01697829783605
87.89530998130512
87.11791636590361
87.08633288441895
85.91659696497196
88.0861861164548
85.69804447611416
87.2134836184534
86.48769443402169
86.10374398603511
87.59225637763998
87.05562340562491
87.05363667213915
87.4489061817506
86.35694502489774
87.46495635886627
85.16641277214269
87.20048099525758
86.56436269008269
85.16176685981543
86.87327299516343
87.85131627149345
87.8624372053835
86.3835829375628
86.04341859254163
86.4899094918181
87.75429251220783
87.11909060261218
86.99635941294787
85.91495213340691
86.57390991719896
87.11322736780674
87.89436914912326
86.44246263157392
86.44823106564733
85.69923892849559
85.72216765839366
86.8145316328327
86.5090763400905
86.60330712930278
85.98478145990232
87.4997117042899
87.95999148040934
86.49394729172676
86.49368983472972
88.11302576263039
86.39269986421772
87.3995098894178
85.80477808362221
88.36950937167077
87.86137779819367
87.207377459401
87.23242899602093
87.10310636390302
86.7479204330037
87.49030647769253
88.00500093552613
87.46220967259292
86.15918997354777
85.35326478662967
87.62431554829037
86.80306951904615
86.49753094235051
86.07046459002476
86.76541373364984
85.83655223921576
86.89172564428158
86.6120776450499
86.23034319389328
85.96176683079618
87.06513228627492
86.51743334746739
85.67085717469438
84.45884519342543
88.24482536733096
86.62039524443513
86.96114021250817
87.78902806971796
87.74445503459144
86.47688914856565
88.13093290940974
87.13546061073544
88.14882244407345
87.60870969540909
87.62376628118275
87.08794486114448
87.6822034639211
86.91276507708584
86.65465452676891
86.2384941605712
87.17572931740203
87.71678207892698
87.91035758349197
87.40801460632535
86.0706253794002
87.82663175423322
88.22547676044297
87.20618106862138
87.14053588736097
88.88304304140836
87.25674148762263
85.7191410040621
87.77751886385612
87.06663920433458
86.67299487316326
88.90136435110585
87.56164046961912
87.89553412782756
87.18008763359632
87.72448151247153
86.41703001054522
86.74932402543749
85.70630010547916
86.17031390345014
86.67699191741384
86.07217573100947
86.36399574983629
87.97144790227323
88.45716846826978
86.18842093577881
86.48176178069703
88.21085448662886
86.55437544982397
86.89358845276404
88.32641520429519
87.34003218667226
86.74262201496578
87.36374279193198
87.23506992214068
87.26380928909906
87.64103372892862
88.26910195790538
88.79875722813307
87.4510246582605
87.5009866450704
85.71162315452898
85.95511769760773
86.99075166222084
86.81796197283441
87.02610238098534
87.87095088331255
85.70174909730349
87.78042176341594
86.48341549994475
88.2487881446647
86.82563456927588
87.46166138975084
86.37957866383324
86.86749737970105
87.32780643362304
86.54230746650316
87.03749468723082
87.3848101332634
87.90991703024675
86.87459909697628
88.39159501239084
86.60524391508184
86.84905549873054
87.85956449262585
87.82048774988516
87.23132931993412
87.91443510602976
86.93193778396474
87.37763074134872
85.94400786454854
88.14884706926689
88.16662924103336
85.83884745298049
87.5931401670593
86.84829105105467
86.94875591999883
86.61429472176611
86.21069290704541
87.25334069172986
86.26894094089154
86.13892473886771
87.55126938028776
88.2542092503638
86.43233432257847
85.50452884305402
88.1612949075952
86.34188696250193
86.69992867242826
86.55161156292576
87.56450276957213
86.1644542975195
87.31521568410557
85.3982720382725
88.25650725823226
85.60095189374995
86.32982665603471
88.4320476516102
86.83259440248408
84.63096066384695
85.39051632865856
87.32217052453635
84.78904050904768
87.2635241277381
87.71722891983723
87.00526793894606
87.17768231169433
88.01107621168396
86.72163712402744
88.03057297470714
86.48919305012127
87.20095331016589
86.94348170907364
88.20423896777064
86.38203613219335
86.75587040226334
86.39076716453549
86.4776337822422
87.21725642805049
86.93733656946549
87.44979740923088
86.01168506800235
85.23959300209388
86.44946873166187
86.08440920549657
86.53873670427767
86.44965760033796
88.58583478338167
86.9027916979767
86.33870960063975
85.26786322455818
86.58623256206334
88.57438516824953
87.66764650673227
87.84073531662091
86.19251928126174
86.5711259817822
87.08272538984878
87.11965439773878
88.15678999414392
85.81703125891539
86.94923208183373
86.29033194656074
86.301599292097
88.56439365603023
87.26503841974832
87.16873296426525
86.45139116801215
85.92738156336367
86.88339454134702
88.21451924749181
87.96045230365667
87.06106296131
89.26331036404343
87.70606624745962
87.42774140224115
86.29090495301439
86.90448740874498
87.07596516623336
85.63641006712793
87.49523747007788
87.31986619678221
86.07450265233415
88.3621790968821
86.4257810032149
87.35697247783766
87.03871060551337
86.74024382161852
88.69961220195334
87.51551156240771
87.8360584264546
88.18722114231791
87.60830590540168
88.31708676665102
88.26987427834489
87.37183887614357
87.26746315406545
87.36047073078745
87.80065886106735
86.43752310234676
85.79467483429264
88.23331972126132
85.58177826276382
86.47719111506298
88.96112677220742
88.14134702793312
86.41096253156581
87.48694716768982
87.5300139988049
86.9441734905002
87.90543077018488
86.44299149561353
87.00482013090794
87.35736409550283
86.60050492970197
87.66167730720099
86.9932944690827
88.21775737199921
88.04103025296112
89.01334252301272
86.99939787182943
86.41430319441288
85.06533205950025
87.66256560211673
85.91747051206681
85.6734584862296
86.22539077563573
86.95894047222195
87.12197253401955
87.45290266581334
84.94237485635055
87.01412944608919
85.68891019907122
86.61264660773989
86.90777929382371
85.62882545805083
87.4597613755341
89.18150216618885
87.06765488322478
86.15526258242843
85.29032479523748
86.31518922785396
87.34724243407229
86.54164137299716
86.50050855762646
86.40762527922352
86.48396140480597
87.44919276237809
85.88962652475831
88.51568701716648
86.86456904312865
87.59585143262122
86.92166457839375
86.99807760024896
86.14428712403203
87.15221966506218
87.19230267703259
86.69385756441451
87.1895207018322
86.32942289860556
86.33918156335277
85.09123840717157
86.58698892843888
86.79573711663546
86.32132194149477
87.05889980085256
86.52025999988612
87.99608334206061
85.40373356646923
87.3812854272611
87.57829953595025
87.6393713412546
87.71850962887895
86.40928931421657
86.5419813374332
87.23793058507027
87.32175437718581
86.54337561488948
86.56734216491118
87.78238541129429
88.03748238193968
86.59737178361699
86.25454194724584
87.76571957386555
86.85441108766315
87.40933905912735
86.85220982180188
85.32327561204681
85.51533902235997
87.29121950902181
85.88506529868296
86.82715471202374
86.84232230451235
88.89102933300055
85.35945270507337
86.48060679786776
87.16881057843901
86.09246120642325
87.0986785600413
86.28564864247952
86.66567915404316
86.94809200738706
87.05191433311118
86.20587358333152
86.30579776299432
88.84051794254907
85.75063599640819
86.82699555134963
87.39519033417874
87.65470095149568
88.30285481426745
86.66248871251274
86.32124808486607
88.19407017556011
86.03215977331098
85.82088713623632
86.0283842814409
86.85281620687293
84.94574594024071
86.52212156353032
86.18789759613793
85.65848408802077
86.97497535302318
87.84078367625294
86.15911685797452
86.93245307759774
85.69016007638916
87.81077113413266
87.29546775629483
86.53366213170233
87.09216239157631
89.75429669661949
85.6755339098451
85.87525561265737
85.64086324326435
87.3393869014873
86.69337908242775
87.49082816089921
88.76357850815621
85.91388770326964
87.34276802338722
88.62595860259775
86.51342745632944
87.78106783055549
87.54722940863046
86.58299011906524
88.27286286114918
87.40048327628405
86.8796370714413
87.47156846861883
87.0173722916399
86.24058408151659
86.50734076386992
86.86785345342895
87.44600274171388
88.71441229991709
85.72439183466165
87.265873950879
86.64686320182773
88.55537249154425
88.6695242502058
86.88455136124276
86.17087146119357
87.6987234209686
85.99266099007033
86.96910202061694
87.0936010723022
85.66314229254907
86.28756078318904
86.17829496318949
86.4811900496683
86.96665347369185
85.73474507457094
86.6647868111184
87.585271851512
88.50860470740753
87.12783175993526
86.34785236262859
88.14919375721153
86.5390917676271
86.37324993053497
