0.470955690121339
0.6917426389384218
0.6685523083340463
0.5736686784735078
1.3352586373328428
0.3281223008892472
1.0209598445446015
0.31665659025204473
0.4080591750727216
0.8569871402095375
0.5046943121190678
0.39358043267849707
1.2264584611336804
0.7173015766897332
0.13228063107566124
0.7316013405401685
1.0090869778527405
0.9645775761945219
0.9167335742647105
1.086594305689148
0.8633014059025554
0.8043332135136461
1.0174153730121223
0.26150611348829567
0.00941160152865883
0.10364568509058647
1.196267614509751
1.1952518482188306
1.084776217204082
0.1748257613235632
1.3111348463009436
0.8950026479239229
1.2119631245158082
0.15073741020329745
0.2940450366381113
0.9863334922343593
1.3823356479779574
1.2561469515283246
0.812235325444452
1.31217473877386
0.11020929160377646
0.8252898637411706
0.1103171646293325
1.0102109241720942
0.9729911556919308
1.4079007372992023
0.4842051366476401
1.0434469885252138
0.17276735762341877
1.1931458098512788
0.9190783165723871
0.4511639073197356
0.6867455580391443
0.1405707907645214
0.9287938170412077
0.9760458842720438
0.41971516290429767
1.3157494849785683
0.7647405016998262
0.2663608159742573
0.7732541204816372
0.6488935190070574
0.7521852253874983
0.15949082074834553
0.6082579878050494
0.043850935580885375
0.6837719954750607
0.25051417453548575
0.38679497953629177
0.09821090291038914
0.545370437949092
1.0119670244645798
0.9040089041492384
0.7079814724498641
1.3588272576103257
0.32918872744293437
1.2658628325321004
0.19444890232235046
0.8183482603348158
0.5904254445901886
0.40087242015842767
0.2887295314282141
1.2870558933414604
1.3187504622624653
1.3147551303063865
0.8173739934313503
1.2779269086097684
1.066802694053161
0.23655027221707203
0.9107210346327496
0.7686069690465083
0.9352781949273048
1.1440008612598416
0.2494908208989347
0.9600428059596452
0.028732527203596314
0.5198610959459768
1.0871138413628008
0.3068922560274313
0.09545136949346111
0.3473788908462442
1.3268265851825363
1.2805877791422233
0.3533346774219493
0.3847392542857403
0.7018578049137493
0.4333028421646278
0.5965239807376306
0.54261076189801
1.217139520384435
0.4658360460902876
0.31433948286081115
0.5161075481316633
0.21176974577916974
0.38325691270332984
1.2162126163281897
0.5817271217203317
0.43861478929241815
0.23999156073255168
1.0824267579456577
0.014777374889709205
0.5968164895223715
0.8759343762466828
1.1034119985932636
1.1948739671015747
0.5993290764505025
0.7557111116293362
0.9553176982949032
0.7732075647251494
1.0136669848781859
0.24432781995977548
0.21429217204614415
0.6491324241410906
0.8067954299594164
1.1639566761707467
0.19122724151005888
1.0312394518794283
1.026972920855975
0.9377032770079348
0.8785847625068237
1.3079742849935179
0.976411067101702
1.2396250966004336
0.6187181557752532
1.2398092474280975
1.1143679081136069
0.6391457461870004
0.25991559917291995
0.9232931712304043
1.1019087598166146
0.09345626165865706
0.49342240594215686
1.210164685442245
1.3777899705455328
0.9919867571886755
1.078635748035286
0.2469888176861068
0.6663500396472432
0.7006248255665334
0.7456404640522933
0.36006067804022623
0.08706136232093442
1.1856643368555437
0.5825853323809531
1.0150167510588786
0.512366945213985
0.18437423679464837
1.1560395714066658
0.16290166742122325
0.6911392425003804
0.3731758600692436
0.29870633591641493
0.33332082440390964
0.9267432836758849
0.4701544700990826
0.8126267003173651
0.9235106730510055
0.9642465691603872
1.1245035920224122
1.323183993204053
1.3769238781889706
0.2060171676798368
0.11924888033955261
1.2003151795251543
0.3130971812004354
0.500657422945763
1.3357334428607568
0.5940398607038138
0.2820683192537299
0.2521233706506658
0.2516345008740748
0.07679299934051476
0.5634637774022184
0.10070194155115664
0.7836310409463169
0.17789923629368332
0.34717838735499557
0.7492072590833481
0.672568488863339
0.3395317284448497
0.878402259445175
0.9710143478846354
1.2285603733443737
1.1651947952336175
0.5606351960720763
0.32264989168439473
0.9088335499408959
0.931640556247088
1.021605726974997
1.174409831645594
1.1206440250866745
0.07367529460140942
0.9119669840330082
0.5894997017497945
0.10578874172467723
1.0053637598934866
0.308604021154838
0.24690980729603573
0.48212621519766125
0.8921010740129914
0.22400736741009053
0.3223564029088537
0.8022648905362209
1.309590562229575
0.3642793729847627
0.8718746056762648
0.7279916962449717
0.7827350219772777
0.5283617063467516
0.790965554991794
0.6500804567534475
1.0330054260019377
0.5728731050270442
0.6601683170003803
0.8697312706975165
0.018421420911043596
1.3776530690634856
1.176455252711747
0.07333441852209022
1.2271068907489724
0.05728497590333359
1.3725043865365014
1.2312463288453155
0.5081209141464185
0.08439652295717115
1.1170480633542386
1.0991053595231106
0.8338841657432572
1.3888854443562775
0.22474218017273784
0.42710192614960446
0.8334931934299777
1.1825306596054985
0.9512691944168754
0.5148781559885265
0.9178721636310232
1.0974837383273304
0.5824797248252793
1.3700702667192513
0.4693020556877329
0.18404852150282547
0.3319191073485116
0.5834262861247231
0.571519077574674
1.0181792295617091
0.8395737326203966
0.03599331311141496
0.5484078246387998
1.0236782956225203
0.46819969214598
0.6603260406032817
1.1766863900458178
0.7843322547712588
0.8067230809399912
0.32546957538997767
0.9218681456835346
1.3444325529121877
0.7688646876509562
0.6691552972823865
0.054838564878850526
1.0694185778491605
1.129788604853468
0.25111430660110456
0.3596630489833607
0.14764271766821235
1.0252636792445586
0.5082712563800094
0.08511854239934635
0.8460066363475339
1.0726095420903707
0.6051527968786191
0.5074785670024815
0.42324963977018265
0.10017938308568675
0.07846598375430525
1.1443048463345844
1.243537408278399
0.308413412190501
0.45972641621280547
1.180986163587095
0.8008636839105953
0.04497608820216026
0.3587026772710185
0.12386337483861298
1.2237295249519136
0.19776856800812248
1.090833182894646
1.1789665209439553
1.1106751472649408
0.6310537463214838
0.1217343503557371
0.8400023306588074
0.286488133031481
0.1160940558796083
0.5448040377202905
1.250934159726089
0.2654373139180519
0.5901878619213108
1.315244597014905
1.3743098349873721
0.4585634644000916
0.7496761470485115
0.44427146406462614
0.9681563878280697
0.726233714387368
0.33595349505821337
1.3975852873922272
0.5119378406870201
1.1509151627082757
0.46890142812744207
0.2679805325878035
1.371288461337722
1.082120727029198
0.8493830725627861
1.088662269712023
0.9820708063718334
0.8942162241331212
0.14462553765964903
1.396998144499461
0.8136969870155818
0.5598046912506043
0.7744142448366176
0.5426696140911018
0.16712756104858617
0.08191123743506012
0.7117672782285047
0.46485113228827674
1.2741044576346046
0.8016911049798964
0.9188745565092481
0.16239321958627229
0.008060615509536517
0.43302056323367955
0.47579999593103117
0.5684136480919733
0.6589223661362853
0.8007623651270056
0.04392669824667883
1.0880815247517948
0.7625126871924857
0.6014837802966351
0.4164534710022398
1.284348851440765
1.3738052347492973
0.5862545643537612
1.2984315350476208
0.9673683022395748
0.8229432541621685
1.4000148644201251
0.887893415487067
0.7793731758820178
0.45145990379721423
1.406319727314936
0.8386068153399049
1.4032073436227837
0.6258889762924751
0.31586143854970317
0.9080432618332458
0.6450537673795713
1.0168604531134229
0.8591360850915544
0.9071161202303545
0.3414732896063495
0.262751107548162
0.6027309817250275
0.22650164166954867
0.08489454781621564
0.9831889062469148
0.3514304407089433
0.5466707897058178
1.2917777861512734
0.007881249795460121
0.8893127735234807
0.6643687459384825
0.5406801978227573
0.42374867055917187
0.8692433199311909
0.5485196765844432
0.17780120356781448
0.47550292472457784
0.9145910998182379
1.397786226816749
0.819699938986446
0.22305539179185052
0.246075818725924
0.7945171678405657
1.2293296464169257
0.8308674472042809
0.0636998862506225
0.8033354284076168
0.484278783343441
0.2774302805294867
0.7095047366467914
0.6316795423270268
0.011753411917431733
0.9147898500967546
0.31045574549774857
0.8333632509154022
0.7464898187183094
0.4403363801168297
1.1450967538421695
0.5897813264589801
0.533338374577421
1.0282416314465848
1.1562446116995346
0.6028747546741646
0.8969722097569125
0.1988742877005404
0.2709574591183056
0.1375567751266914
0.6666046198355166
0.2905799194746723
0.8529469535461416
1.2019161788184105
0.6703972053420084
1.3951369079761733
0.07707279396598599
0.9061096005396803
0.723227136180083
0.6192419481236517
0.20524628955989066
1.3507109948184017
0.8194390705897223
0.8933781198768902
1.0708163794766041
0.4430717062510924
1.1525077534329051
1.4095526218378758
0.3468219593026596
1.2390261334402455
0.2875513169639453
0.18991643920653678
1.363056702712085
1.234027708310345
1.391718803884546
0.6600194641300181
1.0503643223286954
0.09542786736577724
0.2184133658537084
0.7759320672430718
1.2447108729207692
0.0181139359529654
0.020443504585327954
0.4864197691661757
0.7839306086356321
1.3723640310172476
0.6261850328625305
0.37966083405398093
1.154257021393183
0.2871681075221377
0.8741725546913693
0.24701689574403662
0.7712880598302934
1.3160670838895472
0.6052140932816914
1.077113147987113
1.0538411495175293
0.29467104339891337
0.9688937684112976
1.258351143816245
0.7517808361965079
0.15863013262622883
0.12278514068074475
0.5394426928082126
0.06505578370331933
1.1007003058885902
0.12217967993534085
1.1037342473094593
0.9230421405842487
1.2948098348221782
0.1193012275948514
1.0489172483067901
0.8471886912116737
0.243021085835042
1.3156521736904083
1.0792609625047755
1.0166664520359163
1.0886045429859958
0.029435914397133778
0.21223518145174736
1.326933895504248
0.9302714003357965
0.9116692231361205
0.3601862936617255
0.36989431210296203
0.4390669727333177
0.5721554236465256
0.49870798833393487
0.031205899357020006
1.0234568787832863
0.39934929490485516
1.3823486521189583
1.3196547369709408
0.7059917006613101
1.352145560394367
1.3361341076989315
0.6852076828864789
0.0776982507218058
0.11018841480629338
1.0012367084636522
1.046971268668543
1.1958987831055319
0.5595615798327598
1.1228758328015807
0.2739964164820389
0.5826857749098793
0.38478128126568906
0.06483931370728202
0.6099702548263364
1.282595763198261
0.7022341900882708
1.1980997442162038
0.7608831709697242
1.1155247761148757
1.3551529870303454
0.8133221741391109
0.5138710643252695
0.5326174251590348
1.172442875968817
0.15653384202547915
1.318593348335505
0.09206141159587122
1.305026720824297
0.8950020732661147
0.22165423855497446
0.04424051736263124
1.0450722370554977
0.3215873281163014
0.030760820156302993
0.12601368002690772
0.17594721920858103
1.2831001867841827
0.33016938303231536
0.047712594254696206
0.003495027616946089
0.14366371901005637
0.4553058286586917
0.1525554996676961
0.5889223820392092
1.219058969636627
1.289757280131154
1.3626538714191603
0.40455730666812223
0.5162494926617518
0.855815850986312
0.0923581445271131
0.26090127407414776
0.8356853503690128
1.3697987933512166
0.6578889118112989
1.000545011739042
1.3432191496991226
0.11615418894264684
0.5655556079436228
0.11202458029520457
1.154475151462182
0.5341215836072714
0.691556766910558
0.24029987677001519
0.5265462540100452
0.813576824748575
0.4464708438243794
0.14788792970204312
0.8807354459294483
0.7353076980717552
1.4116322117904556
0.30906483232849924
0.18568997119190334
1.119379742170737
0.43358584470074385
1.1846452336050293
0.6066744337313397
0.5961101348910746
0.3976834836000326
0.8309786048759195
1.0859268736211676
0.2259548443811863
0.9954071242627226
1.1736170666623988
1.3605487016506093
0.6763533662772802
0.6442460079787996
1.0293106672730323
0.5204518291524479
0.4344287126815189
0.7847192092520041
0.663445590766512
1.2624481666799108
0.31846047911760356
1.1242915629896801
0.08948292069910546
0.84429765574969
0.3871557142887745
1.3880085446438541
0.7427612282853417
1.3424581608673376
1.0028145316230526
0.5527713291260089
0.823782689595599
0.22833064164321148
0.5576364975391466
0.5333195464254058
1.0309451277827995
1.0348111366524915
0.1773863693081703
0.4404022398024662
0.6876181624911788
0.0036824522849550068
0.2121502788627322
0.11561474807643501
0.4933223636145496
1.1389289048913709
0.06983559086502189
0.9847638937190508
0.6498354183560264
0.48365745032023827
0.8495377118215035
0.11059229472544096
0.700033051050092
0.9452863880957905
0.30941532488652457
0.5943097216198951
0.42866108955767995
1.261662956578617
0.1102743055372819
1.1758247068280963
1.017369308855945
1.156652609650127
1.2848106692199408
0.1370937342577636
0.8855183009126142
0.4046079858722083
0.28065476063854977
0.30266946539329553
1.2798509640219276
0.8423325917662822
0.5614481680732769
0.6472083131531714
0.11396972146271611
0.952301002780988
1.3023238460953857
0.06788629708346017
1.2630283970061358
0.5721288810555634
0.38454470479256736
0.9217918907727993
1.245530851848365
0.8899154429195659
0.7653195980812006
1.303548593727129
1.230144476046955
0.08803874506453557
0.9561686545205202
0.5735147877769453
1.3044553179515352
1.1041618324570042
0.9951673305318276
0.7523051173577835
1.3579937789514045
0.23302576565927335
0.9242168437471964
0.33143612175000026
1.1624849737729819
1.4052228771887747
1.2310774944041427
0.7984962733911403
0.4628625270874404
0.4374102136340885
1.1760057784198095
0.08136921129277441
0.6169231063013458
0.8716516750613447
0.3919314222005726
0.23661073579344138
1.1931614457210582
0.4398133482845855
0.9352174317678812
1.1167062794360663
0.9784896217207093
0.667769188908214
1.0698368666457365
0.35483585967213516
1.2820817014992878
0.7684437131496329
0.6156108748045758
1.1199887715860997
1.1433835716241845
0.75349167035596
0.7901435401810518
0.9710540364240011
0.14542782916834085
0.9567527138169654
0.4872362573345432
0.9872340695375933
0.5361480135258315
1.2406750815342205
0.8637347879551154
1.1744777354203997
0.856996447978082
1.3669198620395875
1.0075867550156143
0.44604475605098415
1.1920136615690704
0.7549319415624636
1.15397042789967
0.01916271595312191
1.349539494671513
0.7156000107622683
0.5129007914787963
0.4296750132903648
0.6125443679819993
1.100700449101942
1.2833016574801641
1.3849324946179582
1.2189975744076098
1.035214802827896
0.8568267075349828
0.832944910964669
0.18239186703242938
0.013891095954088106
0.21716404461229488
0.8314593108823198
0.17398128359752751
0.6111155187735275
0.697986117694763
1.0513494751583548
0.5047688881702326
1.4100720752027223
0.8531705668950488
1.3259468232253844
0.07586163032098336
0.3528220885971794
0.5845856713260953
1.3699544468539795
0.5167190651791786
0.5495345432062965
0.3535288939380537
1.1165399096583473
0.7650467883579908
0.16760297022622284
0.5806608773153926
1.053873217408551
0.9463142607353193
0.290480806907222
0.9175803594431916
1.3138074362036378
0.24760637829244625
0.7851070561609569
0.9566635344408345
0.9988774445205467
0.8917788348300189
0.9305224118533288
1.1858279213632639
1.0323398305978277
0.6883021497425428
0.3362920441489039
0.19183815807233973
0.329380929775268
0.07908356656144244
1.1279117524004638
0.18578318455068543
1.0830456541883733
0.891727465284498
1.405167051706441
0.12065354530137895
0.4521236299577802
0.051412633914998285
1.2751991064903017
1.325155852054347
0.4398578695391322
0.4038584531183891
1.3835609334665802
0.25486567875713406
0.8681432499015346
1.0494578140129545
0.4924742743296086
1.280193651537826
1.0012800963034003
0.3843653098042842
0.9313808717363588
1.1338271119382184
0.5171804580019681
0.4810631357291782
1.2712864860084756
0.19344077716733188
0.2170329223742129
0.8403916450026873
1.2746887794633444
0.03324555915147687
0.11179381782470021
1.0662104389698774
0.39103482284191965
0.35015373769588876
0.5567972602446543
0.39480496106350543
0.826967585074617
0.1938845289557114
0.971615023546941
0.8778734200580613
0.4471488301990685
0.7497146766555621
0.9123693607127089
0.99610005993893
1.02640311574583
0.4565027417696133
0.20986290068400115
0.3957148859493569
0.71028011583983
0.2144827119247359
0.5977614174891003
1.4071465758242403
1.2238099648194658
0.9702171524371933
0.9944795790498928
0.38373066590960486
1.2667091021827916
1.0798902731575986
0.2579009194858298
0.7137126512842862
1.2455230932333696
0.7127271620284215
0.5035827092541201
0.29916015483303604
1.3247072927799624
0.14904896942556378
0.7058358365640369
0.5852362390705566
1.155215168464031
0.05820030163583112
0.19505019596183515
0.2981320909235812
1.256631765950989
0.25984290909178775
0.8730654419945334
0.9499955868907608
0.6643845714779364
1.3376507405985272
0.776430115542898
0.1953290861152267
0.6834755887297863
0.47380954895277083
0.5095004151372351
0.1677828330483303
1.183555175574012
1.0632848248636075
1.251347764191999
1.0601500005024593
1.1180276261957767
0.09064317850989312
1.125154675386642
1.1300617717619295
0.7294712778485326
1.2688997776755953
0.185712058290179
0.1928594092433079
0.2891144339435615
0.7522586048824932
0.48887347429928313
0.6031628121773697
0.175694347088574
1.1907573673735143
1.3795098408246123
0.845660079859554
0.6605611987134904
1.103383967321483
0.13367756972548905
1.276270786131038
1.3993153701480971
1.2303892052187868
1.3468127435700312
0.23334187002891227
0.44567652394801593
0.24047479442039787
0.7913897710576093
0.7939544341325574
0.5667775399746267
1.3127704514459446
1.3304033478800008
0.1833129778604814
0.14382319549474565
0.877126230794413
0.8927598822999043
1.3558494360472593
1.2997074453757802
0.00850351453889564
0.623337487935291
0.9351596539334995
0.9449168392242516
0.508230899653836
0.6102564271677731
0.23263756380132483
0.913786932618902
1.154349356676934
0.40595008131509647
0.5706906425102126
0.226744107772487
1.2624038701807243
0.38041066250897765
1.2003890335753054
0.5241830408159516
1.273755446285413
1.1422693063474638
0.196878842617361
1.1848733025495832
0.4010975164801962
0.8766784314182312
0.28001824512135853
0.511128080563057
0.2454124782325573
0.4455277103347982
1.3531039058525578
0.5864805412216266
0.9353004433143961
1.0641588626035765
1.167563380856429
1.2139152128142647
1.322433711526888
0.9517838348167327
0.9199830126191109
0.3949932175705802
0.284859221154641
1.054331051081754
0.5628407849070125
1.207627733765747
0.15659786722262226
1.0683465961511394
0.6481056319802371
1.2562621959415008
1.2065924102315029
0.6243540367152073
0.01338801088028918
0.3000098827547725
0.9994207199148097
1.1179484667119837
1.2137975305646203
0.7211420937102069
0.4383034329084909
0.9681191931246733
0.054913906315498084
0.16742706676859553
0.7447547390929513
0.035203667098469005
0.3473392661943791
0.10865723786155468
0.9546218202356109
0.566833604307436
0.37971532154215154
0.5787654725387823
1.1875227942671456
0.5327300280280931
0.0261993433056944
0.24613303855787816
0.6269779268371687
0.8862005886836115
0.6502817614234144
1.197301972609208
1.2232748777750044
1.175805300006034
0.6587274864180495
1.228091341170471
1.192420905913861
0.2643743069909553
1.2280708624803025
0.678938338799969
0.6923216897540436
0.5837631378831545
0.2638929867151093
0.9586765561816916
0.4354100532110139
0.4388002149438939
1.1845547958025193
1.0392928174149632
0.0031524058373367803
0.8730886763214645
1.212351855927198
0.35182743263521604
1.1654659017469908
0.2872289670279947
0.9400466517507169
0.9317558452321604
0.03810658373530662
1.2413998848715178
1.3283599165110873
0.5656037620618007
0.43859223405776343
1.1373773832843863
1.0645927462725076
0.43464209520899316
0.19409420815869127
0.19138983498018047
0.45525316988162207
0.5303143319108929
1.096154170286456
1.1526539048065603
0.28617472861727855
0.2074898598164543
0.8169301230601539
0.5172153248202034
0.3221288094127426
1.2328329823645277
1.2220287219129486
1.0161123109589765
0.37800377356531445
0.9838124048428347
0.7314228545776098
1.0500728095653629
0.3752072472480297
1.2047880534006794
1.2621438666209426
1.2151881361514356
0.07352504508185798
0.7400580539529293
0.1594554584506528
0.14869967215046143
0.5602479330627115
0.1945553123094098
0.08461375942680849
0.052433579843491396
0.5368687767273119
0.8368428092983154
0.7620299799171233
0.978553427564026
1.0508453963755715
1.3049332834102345
0.8593819908860272
0.7284437619782149
0.21084529455324508
0.023713003885733164
0.29531761188545425
0.771025879804424
0.895668101957259
0.0611153847257081
0.23354803714306938
1.1244567046597083
0.8200402957346091
0.08117980029119143
0.0554209940753525
1.3168399078061945
0.7350783211566174
1.3563638344228677
1.1929212122599542
0.5208551531275419
0.10111093805447624
0.2930474997016189
0.9929603924920185
0.830849745966261
0.024203210630252325
1.1189785287540115
1.204979117575732
1.0129843380916852
1.3171316350288198
1.1460348167744223
0.788343839148138
0.22274420401603878
1.258334306409838
0.9702186668896007
1.3640963368987102
0.6718463804683099
1.116802326879438
1.0639158223021368
1.0006589317863572
1.368554278251803
0.8533536253134206
0.24522615999147757
0.12253522416298301
1.2398566165698965
0.7215297233829169
1.3743957806578844
0.2900459642659988
0.9522558094788354
0.5754007066078743
0.9547875739202929
1.4010758183095833
0.2363254771775506
1.366912430341636
0.2624010278903054
0.7376742184514603
0.7775273889930904
0.9469975381878784
0.26288027985904483
0.9193601321294936
0.5904667431191887
1.162882749040738
0.43092400354078203
1.100474326049764
0.6136483031580157
0.2022376465449608
1.1090652368024494
0.4097914782392237
0.9719122962360951
0.5669918662700569
0.2027234942856888
0.680498675049377
0.19017455060405009
0.47782910184078226
1.2624710766776193
0.09805816372760079
1.1241392124805412
0.09101011644945423
0.7134232706747605
0.7841738344578225
0.07701073540827774
0.5387967271587748
0.044733022504880426
0.8414440202147748
1.0971888028659154
0.9561987719622176
0.8984514040262273
0.5034312871616574
0.8117991761213236
1.247904497193852
0.4836919491057127
0.7852611847332266
0.6105853715816804
0.31551518101492027
0.5679369251643477
0.020161433835964915
0.36615560877292597
0.013114417962630465
0.5595914769286789
0.07520596419664116
0.22008472375019827
0.484483622742655
0.7105158552807977
0.8808793038406205
0.9825760842298923
0.17538851190467908
0.1483393538557266
0.9578403400525234
1.183788095434621
1.123613686494721
0.7037461216483925
0.8127552650512702
1.133176679227541
0.8733852776179116
0.6436093651898314
0.22255681960713902
1.1984313565103264
0.1003590647448993
0.16913992469627137
0.23859683391617603
0.6858708294414274
0.6634206990351335
0.4298008836135004
0.3725425052988428
1.1403757852552467
0.0041759478840794895
0.9364162754382861
0.8881525353466875
0.6189571239779843
0.08772280865082083
0.5206505055417294
0.42759168095750233
0.624924260140433
1.2886769574095807
0.5971091098218668
0.67827607464152
0.9396290485085443
0.8459592599446335
1.3978629357436714
0.988868092389821
0.07761541534848182
0.17165769337734904
0.7257285192236953
0.4286761146072279
1.0758471812035766
1.1255204801774252
0.10805381390567803
0.5596011565648162
0.056866819146972114
1.092606740191463
0.023985725968940663
0.474818809836957
0.9098723785953104
0.966006201134321
1.3518970971749353
1.111534130874887
0.6448050626703595
1.1301461083061344
1.0201718565685565
0.5834043759040477
0.6025312808415919
0.5118348360716682
1.0811032366370952
0.6091012773536079
0.20534326913549494
0.7254467233974815
1.386913143508735
1.1433741879416348
0.051827870082088
1.16356193650781
0.06264862964362106
0.2888145906201661
0.7977069592524259
0.44308754776405557
1.1725407288912173
0.4218208676088988
0.6045838395530772
1.0645870346536987
0.1820707645857773
0.5175512874622351
0.9433822288129513
0.6659129526037777
1.1148870711197165
0.6290751582066365
1.2359152739884038
0.2759032147549445
1.4112960560363725
0.6548884664519448
0.5417990232430236
0.263996498030437
1.1354864863672356
0.4822530612445347
0.6299852736337209
1.008064579351119
0.0326022519477297
0.400463024662173
0.6987879367912493
0.9151357567938926
1.2315259986266949
0.4124435489651109
0.39875053048877757
0.46057824344096115
1.1104794247376748
0.3383418023889275
1.0487077164992853
0.16818220614210444
0.07111760257350841
0.9083971862519706
0.5964310019690996
0.3502210768600271
0.5003862273875139
1.2463944985124953
0.003352159664756993
0.5427287258475793
0.655064237820806
0.5046373415497871
1.4154865173753204
0.3721745600922929
0.3171770375281241
0.07682007639062105
1.373640085268558
0.5162436084997242
0.9405551085088832
0.23275133242856627
0.7747625922782202
0.4330374064762724
1.2866881347637562
0.207295036703395
0.48825473553423065
0.45527316863443446
1.065538288391521
1.037865185236393
0.9528796501082578
0.0200078095838091
1.319563182061354
0.49132111262062894
0.5836073437438671
0.5907869544670383
0.5387206795458059
0.24080339544998441
0.40204361937501687
0.6430729465973046
1.4065159621099288
0.22620978827965632
1.153062862372452
1.2643896679598952
0.809770431232206
1.2252560038516127
1.3960812245093321
1.176043468782858
0.42348492809568195
1.3519940064123976
0.3255364102284031
0.7810627860553602
0.763080292609299
0.4713603078732173
0.8423529546941155
0.7907238566358047
1.2467875854382686
0.17759203735569373
1.235329280377818
0.9748971731654814
0.5837481231925001
1.4098722902950187
1.2925611917725675
1.200337129035029
0.8559174457332812
0.25477688774982155
0.35589513954566315
0.7309059595781876
1.2000906673338272
1.0115595301839453
0.30270526321719093
1.004365948697033
0.9089593087065334
0.2890441454863313
1.2577969167949425
0.7684682591564962
1.3665340138493365
0.7403398219131295
0.5425444637536863
1.0888728109607055
0.6777288804265168
0.9900251267492477
1.1633922407362358
1.1224841429768633
0.8012851553875838
0.6592372616097719
0.794286155422792
1.1699305160902114
0.8623407831975871
0.04816107934430747
0.12440477244229142
1.0842705319583468
1.0941342503968339
0.1817473223374404
0.16147164685500204
0.9427525766578796
0.2461754850268223
0.16353547988651462
0.47465118356188407
0.02826261871134217
1.2160365870974852
1.2765814581917743
1.1605473906182466
0.1093973524644366
0.25750298700491236
0.2872366112254572
0.1874247060430384
0.6933689336238481
0.15726018866652614
1.3933170848154561
0.9333788285289848
0.6351975705668784
0.8293101025260867
0.31091150548581836
1.1049909124755588
0.505645601848945
0.9977774110888823
1.1604982683146328
0.07281413239283596
0.7283260123786395
0.9073602357199966
0.20822636765707336
0.36379308662948645
0.241056306374833
0.4613891220162464
0.7924401141743344
0.5067590133650997
0.19948165441491417
0.6168081771589171
1.1247422472227564
0.1544249101295483
0.697171441387575
0.28276379983067434
1.3660949626669976
0.49110473171636687
0.7861565084298194
0.025789098088642604
0.4499812131337079
1.2898479164820722
1.0676636273217863
0.7738293463726043
0.8046693534809247
0.469599157488615
0.9129464505173989
0.2459465367214554
0.04111640706367692
1.305981533890468
0.23490451061932793
0.807730973750668
0.5533699671440067
1.1351718856877209
1.2032927377209903
0.09154477893501378
0.21862296298151473
0.3880579039721844
0.6841708535877434
0.2476783280321816
0.9562326781969874
1.2512400034360402
1.1953102486154819
0.6908309424257786
0.7761307952037108
1.113540751094014
1.0715119038283647
1.4028244100422338
1.0070410398163525
0.9864573354910655
0.5203246367357213
1.0691567170459841
0.4714632576782308
0.6943851961533813
0.8691089244899453
0.18807498051960958
1.0572123843896022
1.2185963865056353
0.029673248437521615
0.4399895604673167
0.11163384622739836
1.0315526036132279
0.8586410557668667
0.4156609721012774
0.7469988931323123
0.9069196408454059
1.3730921737153898
0.8636074688395715
1.162377673581091
1.1765439656432508
0.33102856603478115
0.21147031651860027
1.075903542313771
0.8410307263651178
0.8558465444303232
0.8589541103648446
0.6537828514535773
0.4670286528760835
0.7162579266439331
1.1879748593703812
0.013029219014152327
1.023479387413172
0.734833784264207
1.271555509964399
0.29008137329746064
0.005429532180665442
1.2592465847987384
0.5337381647529567
0.3401970904385522
0.9982513243370994
1.101536481879175
1.366123679192163
0.9547318196133523
1.1673066421838898
1.0124390601087943
1.1050052901814909
0.13351914268307596
0.9687332573594123
1.0569881719381384
0.4846294247511745
0.008601575666727923
0.9624672996877591
0.1926373724978896
0.1570992270943603
0.5497801179600487
0.9539961547588024
0.35681137388445366
0.30711334776550225
0.24056029289853564
0.6342909352588646
0.5801173027605012
1.3626606671827366
1.2805074011651565
1.0412467315862035
0.18692170833191524
1.1957897731140064
0.585473576171794
1.3267891323106276
0.45672481879648286
0.631276472998826
0.041297414173861235
0.1927192311788668
0.5223419447178413
0.7743528349568081
0.4997354737692364
0.16395538587126235
0.8853427839259446
0.013553780179461072
0.017742206397488136
0.3199608597382587
0.13335575948332246
1.402765556492818
1.13105348798116
1.1518301009926135
0.862904859480747
1.3087907319790135
0.9830496593603032
0.515622669381035
0.5204883114920296
1.1401676268146812
0.8603529952558544
0.43245877144690753
0.16939052345545946
0.40863890059144764
0.3541130873724758
0.2376638228857152
0.3675410613537193
0.03643599715124124
0.7682556994297418
0.39115302904695537
0.5329403317074608
0.615410894010209
0.18431618623150958
0.5889512717814336
0.04443663131038089
1.2301550893146647
0.09630673292621073
0.5095447815176297
0.31582295032082475
0.47629886227415374
0.31898270923065264
0.15477944093833418
1.1964358506943678
0.9817310759287347
0.20906061452733526
0.7681604847992602
0.5294244454947163
0.5834638285521765
0.811726389536595
0.9153927261445084
0.2772322239156394
1.058421710821473
0.02542033254293896
0.6340887292528246
0.04510660526927157
0.04004486705533772
0.609277515350553
0.5733011318692226
1.1145327704042296
1.0798175176945746
0.7797468881612772
0.3443402566255365
1.3286210566015952
1.012875598451901
1.230243450758806
0.33659303676364793
0.16677399855089414
0.5032679259191514
0.4866826763589646
1.1476575518982095
0.987065132423745
1.1837294592622658
0.29879875840556835
0.8325980367453477
0.552328331487379
0.23469892324075292
0.7013440181491574
0.7168774987384687
1.0564631010231227
0.34890579451389375
1.237496754381244
1.4044796898234893
0.4693057884344691
1.1869787635526512
0.9835229029388335
0.12222732026281868
0.9026286877955828
0.09824541564196554
0.5717140429409068
0.7350394395802765
0.6675874259390654
0.14354917587852556
0.10226045963873065
1.0765831151176695
0.6629985492948163
0.855350436414738
0.74067488890657
0.037711305102370196
0.05523349541841349
0.03288932578877801
0.3955941309338853
1.3094865253909262
0.8269476250745422
1.2015431014911278
0.05151434223903628
1.147498757057889
0.5945641489304624
1.0447114999307594
0.27031078892396043
1.0481679874633332
0.924122078204727
1.1322662282748819
0.8928133454511088
1.3612564493153645
1.0169484817739673
0.4187806290594227
0.4641114717110441
0.643072297408283
0.4333395635458096
0.44909586239713484
1.2999174370991162
0.13897493871003208
0.8474443449619741
0.026766523693332878
0.2925254369208269
0.34932479954206297
1.040564602863854
1.0386416110326864
0.5833963210244004
0.835564166873126
0.6245227141386445
0.2982129374635185
0.803711978086257
0.5971974278220167
1.2265578691627037
0.7166693682728198
0.36015845177112266
0.041902634208403455
0.10896712432781952
0.6042567449302181
0.7169499083284264
1.2466943173993932
0.21396892281818536
0.6159296972853454
0.22400710307108118
1.3438717386127337
0.3198041022704736
0.24914974531050382
0.11006675781276698
0.2994898265927697
1.0803606639466274
1.380046099121548
0.6293647423364783
1.2847697428263491
0.29920738940699365
0.7630351406718205
0.20760500438841634
0.5268435756795173
0.612070992350698
1.3314099234140662
1.3947043432586232
0.7986010986651818
0.26777341044560543
0.8873045664447197
0.4344047808396812
1.376050122783935
1.0430113540283126
0.5674821695442104
1.171458503140046
1.240285201959399
0.4726318914498504
1.0506241338269087
1.3721410071760056
0.48626684935094294
1.3207794139597255
0.7925245078262496
0.5168787165218958
0.48241519408191913
0.3902339195299772
0.37889362878134636
1.3540806448652352
0.2431475439861721
0.41932395883205553
0.41375569900433673
0.11957108561389485
1.4095482716335308
0.3742560256880897
0.6215953598102147
0.15675870476705678
0.36988973645194767
1.373571981012656
1.303586835380036
0.8151089434917974
1.0742461342844232
0.7106640085203285
1.282485454146674
0.1651360539391843
1.1357085474263866
1.099692455798256
0.6840249543662796
0.2884120177771301
1.1555307466057672
0.4640578081319299
1.2208675830680265
0.2598281498533672
0.033245222519901585
0.17576906696247585
0.6710881687145676
0.7898572077524288
0.17242397842386004
0.18126932572306576
0.3593599279123312
0.42843421757050854
1.0598115348844788
0.5949479837198335
0.02770216712339857
1.0960315774217144
0.40094611980697087
1.3213737417645561
0.5677426836342844
0.028774883717427757
0.5694584864677356
1.4061146631006662
0.6411404628813118
0.939566700331344
0.851345263816687
0.23850642320726578
0.33244545139684356
0.09314718549723955
0.6118675053170008
0.7407123922905463
0.6385378285325212
0.15388460874524335
0.31266849617406045
0.37528835392766124
0.6329679542197437
0.2846805878024943
0.7421149863942252
0.9153308013434097
0.7643826812253939
0.21107221852972347
0.40057233901585726
0.014227530091740603
0.9541476075737175
0.08586872128747702
0.7192144667341374
1.2376760112540155
1.1382805753214822
1.3285632370362528
0.03483114909004603
1.0992694377462904
0.500358009631321
0.6987495406166562
0.1342488066793165
0.322176872196249
0.4838956825951564
0.8777203181356307
0.9126034293426851
0.6521834574498917
1.0698741245193333
1.3828981878498678
0.7278748785228871
1.1255047984379636
0.3252436777777752
1.240608414577874
1.0979280873546369
1.0657478149391137
0.9523647525897881
1.3014180403604851
0.6039959204192813
1.2242491321979916
1.3333126562727844
0.9367337960876735
0.8397966091520669
0.8227753584507586
0.034884245829429394
1.2144207029724803
1.1146492543577724
1.1606700453230612
1.136445527031057
0.20922298521654104
0.7987111696763864
0.5644513539668572
1.0196131946021794
0.3911294072547383
0.3388857680716004
0.7185249428169458
0.17196635738763422
1.055440709309297
0.1273406435730311
1.26923229086957
0.900136802082574
1.2059230113381454
0.14295360859002015
0.5186944637597706
1.134448168625513
0.7236118977623289
0.36256342613565967
0.4626440759328583
0.15443419856439244
0.25896853520725904
0.6541105372504198
0.31530553351553825
0.9155691463296962
1.0097398188507638
1.2113999243581055
0.5548798238202362
1.2880107029341534
0.8913414482396139
1.1379841706000995
0.38268064775175525
0.8277615327801342
0.4633860547019219
0.7725942881009281
0.5710824656568245
0.1350357516962709
0.3909701960726079
0.2059101024387867
0.49990195807947885
0.9795546209793813
