0.4658150461779322
0.17262764009685305
1.247843930457512
0.05563135699284438
0.10477764760120523
0.4274886433612038
0.7849390304326831
0.10825023566111158
0.7854911304757515
0.9786306372159185
1.3387790353539537
1.0174266441981197
0.4564919185149343
1.1107483767570543
0.8905748315668816
1.3435804045398316
1.173725428170721
0.7241430279334918
1.2100934541398938
1.0816440515558159
0.2640968421594321
0.5448473926993793
1.0959653526126203
0.06673272482055559
1.0560070375905612
0.689652086968412
0.6797534680114
1.0178962137106369
0.5759972355059435
0.5382847272737006
0.6915520161126838
1.353978053052193
0.28108721030422823
0.5429936678974246
0.8480824751625422
0.06401546639661693
0.6210788770324049
1.3346100203781104
1.3479565181728803
1.1131950705750682
0.6742788328380646
0.7364878662146362
0.626125285972384
0.967749410783108
1.3363946612069388
0.8967458939784642
1.2313711869986048
1.1483063431236937
1.1850353640611169
0.09201594870288743
0.7923334255016345
0.061443057931638956
0.05070801736379971
0.46527598247749924
0.5136024160853125
1.025916450902255
0.31441128236418503
0.1438375769052459
0.8793734546616705
0.25522421278832785
1.2075181891671205
0.5774432176825925
1.412216978662424
0.8928333175095267
0.4303729073521598
0.762310052551231
0.12671225968455413
1.1718269774944914
0.6681676746759331
0.008441946388334953
0.9825394791449816
1.0922434998437174
1.2477734154930349
1.1647352013946919
0.7088487650625245
0.9815480310974404
0.993925259344945
0.21045011117042067
0.19793155740264023
0.4313667895433617
0.2673286910524464
0.5694300914181389
0.9051234216535435
0.8543786824491565
1.1435379526018439
0.8808980627692653
1.0175440445293868
0.17906516298783748
0.6914294939521528
0.013148535796624006
0.7575065689636217
0.8217367106046303
1.3914048241638586
0.5865761012346581
0.03013317163015783
1.0710627639199388
0.9591783564878613
1.0615473595469314
0.23077039701828417
1.3071369612658563
0.08520905201042095
0.2062909567691611
1.1026419237096639
0.012188148509652219
0.4363812453904229
0.4291951690294669
0.5183544264198315
0.8455014792438891
0.8242414917948575
0.7907982341986605
1.0958365864896409
1.0722669018406406
0.32200618208230025
0.5327481576251625
0.301652059653265
0.7348533423452489
1.1233779018315904
0.7881163300614169
1.2310689677359707
0.9457027320742947
0.7104700305873272
1.1125287640251265
1.2316025597466582
1.2040599913032284
0.6425671797356127
0.07617715813653714
0.9988707899921272
1.3696584514070071
0.6260254779594683
0.6842049766759378
1.130253846852586
0.6753336056535374
0.9472122278888458
3.7891410842427753E-4
0.3128924609827778
0.9822339887035583
0.2374236628264772
1.025297222711067
0.035371633008033476
0.2430922266853508
0.17359729645046973
0.4279084295338424
0.4350712624216084
0.3965955853393803
1.3823615863551286
1.367730211020434
1.3301660272625433
1.188115707534327
1.3514122394946348
0.9837904978660084
0.33988953514469744
0.0686826896282885
0.3286760630846487
1.3284287509818258
0.36042026073581557
0.42622430736246875
0.7680584571136868
1.227417449418367
0.007887561535285248
0.9798739459614635
0.596641857175727
1.0368392413088978
0.46272434192056955
1.290882642869664
0.5870764472148622
0.16578738449867336
0.49666718789877873
0.10085510836501221
0.3527932022882085
0.702537820642465
1.3989045258717114
1.033761959887391
1.3856599724680627
1.3481293978261022
0.7154305002183046
0.7542823348645178
0.5002412376034429
1.1598426878075374
0.5390896732344794
0.8294649113620932
1.288389125486759
0.5128470862410361
0.7300587874765663
0.026322659599435028
0.5495924476498848
0.18166529154711997
0.8987298570519567
1.144818763823747
0.009490087783297185
0.9775132833039808
0.4012802789384928
1.1119040237252178
0.35552634698861824
0.6321930016124688
1.080252526472833
1.32906939055906
1.220819151905345
0.590346125553793
0.9047256331991458
0.8791851947041268
0.3998809719460399
0.8673477035329437
0.142911692488633
1.1916453476160958
0.05722527885801465
0.15404472789090617
0.3276801934973169
1.0074394234728006
0.13037229457637312
0.7050750200886794
0.18889913104135136
0.15879944590918127
0.3433563387299967
1.231198228085345
0.2593209420451611
0.6174522534819752
0.5596584800179683
0.849615256726445
1.3517750739484446
1.0360225283927105
0.2219401334715223
1.29908389679813
1.3146206813675017
0.9864636451458489
0.9914783928171027
1.1121224492107964
0.7842615683647783
0.922759008249357
1.233849542921105
1.2149758954878667
1.130040829941851
0.317241418709334
0.31504802336257753
1.2744879618027785
1.1930244971824862
0.22711953049338685
0.08810396386809927
0.00823396519051156
1.3868513728953045
0.10664474646210098
0.8454492087000525
1.1069924805493354
0.6664883276416909
1.040912411353401
0.8157776200437913
1.2106225205981351
1.1495307788978564
1.1954653845697363
1.22198227360829
1.1273267217624265
1.0026595590785161
0.5779905051841064
0.7944061215203333
0.4476899331881076
0.38960489311771224
0.5456806925090782
1.2750352109188432
1.2860249220072624
1.347599830253634
0.6929436925811795
0.5177799762499438
0.6812277633540512
0.879751720372006
0.9403061114897415
1.2587797870895705
1.191745725002832
0.2308368212297882
0.030511612345283767
0.5499310237255186
1.240110107187959
0.7711421095037975
1.4106451345394033
0.30203223190845807
1.2456558544142617
0.6726398305527297
0.6440526212826769
0.5972452711109121
0.13902261511080527
1.2707602052001172
0.848713561004479
0.05736369284837939
1.231127491340311
0.3436826043810522
0.8215948562241909
0.9583808231584674
1.2107458270339428
1.4036129098080314
1.3257035164277091
0.8721836464510918
0.8692719921910551
0.33668452155040296
0.934530012620067
1.2328187099914583
0.30960670678316504
0.9501113620926235
0.47888577246595243
0.2815111529544172
0.8137908330126544
0.9673078731902858
1.0227959737213144
0.010910187145710348
0.2354820108255914
1.2139875992376183
1.2694445371332561
0.2992479686846743
0.272615364458185
1.0141665131965665
1.0184375752939256
0.3315605250454259
0.9182291357919913
0.47704571115088995
0.8999788124463598
1.3826909349923135
0.5754834721896247
0.11118386084757825
0.10244561070796954
0.3213935646071391
1.124831422643053
0.09492065806286298
0.865647277816531
0.7620038180411007
1.1300682768971444
0.7041904648762711
0.37339349714065284
0.3367255025635135
1.0688467120444642
0.3821725601983485
0.14673245203595542
0.9949840758375215
1.2518900236785129
0.04528929119205205
0.2780165413922695
1.1920432285829181
0.2538759963821643
1.2620427612758816
0.3089317517186986
0.9111870219585189
0.23814475170467841
1.3046033457561454
0.7352644370254934
0.4373139529983114
0.35383935232284897
1.111150613158994
0.5527443904413272
1.0715733277086599
0.9629314311648034
0.2982843275560122
1.1660193026539751
0.8056428375556025
0.4647415472336205
0.8421088505781922
1.037471171282183
0.17548565769991553
1.1795879434681973
1.1888222723853623
0.5594796160465146
0.7811380490939608
0.10149234939627927
0.461466188299276
0.9978465901102168
1.3670442313612252
1.0108949409526633
0.21490992546319276
1.26900952332529
0.047085200407329886
0.8757123947068755
1.0067912785439022
1.099802953740638
0.8073807906611703
0.7337987143879
0.11084433169383234
0.5480165603794127
1.198315051288228
0.18793004754712106
0.35728281274640017
0.00762226782738995
0.10764074112028232
1.3444667251235367
1.3979723357976135
1.1362948620327225
0.26093073177421244
0.08264310404129038
0.1349855096703928
0.4014412362380703
0.05260505329897103
0.7242389259211208
0.031442202860176516
0.6998603352084688
0.9977099756262591
0.4724634793534638
0.9727415310639225
1.2636151970270622
0.8893336062600635
1.314349539356994
0.6761863439466772
0.1591588907798943
0.8192894357845127
1.3147973678020801
1.0387397895082797
0.5695177040101715
1.1489782092103686
0.6777109157639682
0.7027083796633377
1.268486405960373
0.05526585761806979
0.1496674517612666
0.2531174400970131
1.3703066894943077
0.7474185504782775
1.0305956203386457
1.1452864688226168
0.13716494903670695
0.6233462735678558
1.319427841083358
1.1657438251478824
1.23865986342793
0.29904740461035006
0.35558033205082673
1.0205350684427985
0.700084414203728
1.3074177828869726
0.9336744173224791
0.260371251942787
0.8482554379613226
0.4710696967423788
0.7255498144137622
0.14039444765265885
0.2995090470144409
0.16848816256581733
0.14003405710418215
0.8991805509609219
1.0909437087177243
0.9149095323867791
0.12102244820218644
0.9668763036908414
1.298295180529235
0.7250426658238186
0.6278343635007726
1.3855624144834797
0.27370663225485803
0.5955838402789179
0.3171671717413237
0.9982538766579627
0.47566237742859674
0.885401181868327
1.221141120332667
0.3648140509939396
0.2881079507307023
0.8237985054805079
0.3579532663528703
0.8354062669023994
0.76924098816577
0.12048710178835376
0.4084358130640264
0.671170595628969
1.04550440838287
0.07280639572535497
0.2789183240044294
0.9209247235188301
0.7368793643171705
0.09890963694517652
0.314697843669693
0.8696651075505354
1.3588046676138545
0.01429913927014359
0.29395772884663296
1.1561499525085266
0.5303017022392047
0.0808685189933801
1.2572601522698843
0.6790601209250701
1.166181921843407
0.08737922507767304
1.3219654557932847
0.107268318757753
0.30648428460032495
1.383839922859201
0.5874147810721716
0.8057462771820526
0.6002806070733474
1.1568380656714334
1.0782373377164078
1.0415127930682533
1.2538863663896338
1.1564697683017038
0.5448121582426879
0.736401147612886
0.6097333299977428
1.0072892390937582
0.7047976458320412
0.6267922664861432
1.3158927508043858
0.6476622068403382
1.2253757980140239
1.2696345489728054
0.08007806548209428
1.1906488734327274
1.1202689759453683
1.3096693058726685
0.4536206942782819
0.9342139001379176
1.3909548664381304
0.4169880258125956
0.9581100716343669
0.5628039002517418
0.544561778531327
0.26382811826832453
1.1982841551885623
0.5965430790182443
1.3658125208026841
0.9655976052632621
1.2587284951682363
0.02049226278938865
0.24117354074566755
1.079775669638201
0.8922781610608002
1.2082896094445723
0.6876691332751792
0.5820977788509789
0.9003581525244441
1.0829311839064186
0.11506157620749835
0.321934570528459
0.3726398563788803
0.5748978419380031
0.6393780117843949
0.3453920639280568
0.0742363388828915
0.7086326704470826
0.3626393621175741
1.0472678381066112
1.2345736439807635
0.3234860564891776
0.4688534374915397
0.56583268335981
0.12306462650092309
0.024262037120364677
1.1427006984453194
0.8461479313528867
0.08198027004804209
0.3877058141359937
0.6553736684749771
1.2160778371983627
1.392428684114655
0.9235515321325224
0.9164987771742305
0.5334137838566886
1.1652598835995582
0.08177557303832383
0.3465281070961156
1.0932985019910844
0.9059054809077336
0.5818080564444266
0.43896512665403326
0.6970669059460328
1.005120908461615
0.5345573360460321
1.3365014555025896
0.8878112158435713
0.9328415167309637
0.2876181318800629
0.12765071036082332
0.509668256209503
0.8587062630579341
0.4226712720110666
0.850626629503647
0.07773138050256234
0.6878923766078351
0.8964305119232593
1.0766956158048142
1.0555696007302104
1.2320610130983594
0.6422200632914212
1.238286410542911
0.08547572146132931
1.2446951891363454
0.7516680343294622
1.315043119257297
1.1385495569809745
0.5868560947891082
0.059643501176969815
0.16501304317363719
0.7698571992104509
0.2752793287427512
0.8119325742977973
1.1215680441620774
0.1619714159274802
0.6220776928645059
0.7283820779875867
0.9123830756726319
0.9837038855097564
1.2936705854272983
0.8718577113933537
1.2701361796462298
0.49950049878921876
0.9351873765346684
0.02328547637220857
0.8924535796991543
0.732677302640506
0.5023666312430033
1.2707912746553587
0.9193749090235
0.12202158732629798
0.6602377524803599
1.324522641998271
0.9774359423221082
0.23429221396380762
0.17618376071173625
0.8121450253992607
0.4768286702535177
0.8555212344483256
0.17093873543752902
0.950099314772085
0.1980767190935373
0.2564062390241377
1.046628605800412
0.8880579970576034
0.19641990202142134
0.5203721093293288
0.2389727024843411
1.2955035780250155
1.1367761625553365
0.6440544867122175
1.288324768848014
0.20851865286907323
1.2022696649573643
1.30578463648805
0.4786852885819639
1.1487843728587661
0.9985822768441459
0.29666771797397584
1.1416040331403243
0.6406502970800169
1.3449521860267812
1.2269295469130075
1.3419728318817845
0.19401220704570354
1.3208838527349926
0.37059134263897814
0.8775395213183617
0.8993622324221866
0.7395317811826635
1.0277509627637322
1.2943837186668852
0.8987790567988534
0.7651132619529611
1.0513227357415451
1.3814744967306865
0.01238327827589314
1.275453681538413
0.16203984197182097
1.0084200799529583
1.3750889731420455
0.6861238884529541
0.23815661381302922
1.1911150226524165
0.16588487152565812
0.33447819111686117
1.356188697993983
0.8149667306061174
1.4120534411148533
0.9084763740490736
0.12836406970530967
1.31484542163957
0.8781452165804864
1.148279878819409
0.6108365108464312
0.3101060407106795
1.1945870218930579
0.9495548609370705
0.10384590396934623
0.24909749775964796
0.409670693851652
0.6222308246160946
1.395573389183049
0.6368633532646693
1.0471361756930857
0.6009147954804908
0.13163751635935605
0.6924972290432119
0.33103639198323354
0.09430420650285154
0.5318549861414443
0.13955427788520647
0.4310912511998687
0.3413370802411849
1.1478640574320689
1.0039806729037664
0.9149731503139793
0.1005495854097721
0.36904558149366745
1.042511985914325
1.0976939279425397
0.7729359365953619
0.6137942258956461
1.1858426284929604
0.7944731235058168
0.5226603492069974
1.0784292255969947
0.048263316859948446
1.0708012069124795
0.8778647041029324
0.470444093674621
1.340025520628587
0.699763854343535
0.36557398098974636
0.6219924581464793
0.6143993761194589
0.8377634400737097
1.1299680524636164
0.36309301430330254
0.6721730088822679
0.7474952842934308
0.6953788639237567
1.034070362904331
0.1626082886269412
0.5992970538799811
1.1279234116947854
1.1447273903707496
0.2209861211271238
0.670633314150605
0.37825289548008323
1.012494819180973
0.6122752567944779
1.3250091267876678
0.5368217046324846
0.4696234199196848
0.3635778303852423
1.2335749231010418
0.6732697121955588
0.4248278189454598
0.627533706969236
1.1527773560200474
0.9238493459607884
0.791133661700141
0.45270059704985804
1.4145121132497327
0.7873357419123852
0.9092861823251596
1.0114219931971806
0.9784792284731438
1.3988752133110487
0.678143309399228
0.008843517038025106
0.49730352884988765
0.17460782391839302
1.0596942406256193
1.2754248225143667
1.2626337923190545
1.2684501897110165
0.3589927282985948
0.3514126654211123
0.6016538007001262
0.8720245202480449
0.4761791898291185
1.1492255143817374
0.272563586581401
0.7964063543903934
1.2565972004655126
0.23373998495444315
0.8797790293433807
1.3206617165510321
0.677730851474934
0.8765008190685615
0.281324401387101
0.29208499317178016
0.6906411695358402
0.4438763002620852
0.9606707301729726
0.7591477455155479
0.8794646978506212
0.6243150832691453
0.8713745346965304
0.37211021032347774
0.19504299391790703
0.8970326470219498
0.18981612338610077
0.19838519609066463
1.332536919874083
0.9939164187739005
1.3295014360941317
0.1930254485553745
0.4100599079363448
1.2060736852009963
0.5192269944336435
0.6297243975813981
0.4006955374390728
1.2897714103835678
0.645177487550092
1.140589071534576
0.7932615622711475
0.47167959876198007
0.23805383526033108
1.3637839692472096
0.7326048309141734
0.6276182174227679
0.6095050277449691
1.3521318215140807
0.9338020320669288
1.172417856406069
0.6894202610273232
0.07684672273247717
0.9029101623278025
1.3462442911501313
1.1973364893951564
1.4152207446934586
0.5767477224668203
0.3817021391425822
0.9676887150556648
0.6793464751389915
0.32008331153356817
0.26228201164465326
0.28120770616366975
0.008387941730085502
0.43775271022417106
0.5245438023809883
0.37655829291037823
0.5836448187238537
0.9579059783586141
0.1425068819387828
0.7014578875570037
0.8620945614905159
0.8670921805963285
0.6282950893795003
1.2220685155858046
1.0193318523744637
0.1821566606717432
0.6441599354114064
0.05992829948467027
1.2840466379914925
0.12162397685677662
0.3145576486038495
1.3278651041898637
0.8958350839623369
0.8971710628543476
1.298667941239116
0.23470774051115362
1.3561724130801398
1.3057993885638772
0.32366991865334094
0.736521477801765
0.7181388408635199
0.7951191162215772
1.1976842410357775
1.0243869476024376
0.8101089773326398
0.15426899108301717
0.40160640515409657
1.2212884296141098
1.0644662729712475
1.0841005439345188
0.8171205602725763
1.3106008600763084
0.15528639451979054
0.5589119579114236
0.9530190381198289
0.8108312750125212
0.07258899680267583
1.2764763162765804
0.5289246993169465
0.5113212202215534
0.460274744430366
0.7215290163804224
1.407115960563151
1.4154558753627815
0.6870285110943224
1.2812800008196015
0.3854643579425063
0.29734819084179553
1.2444918071408169
0.26844937953335946
0.1938801314678844
0.24145411711424014
1.0146703903793668
1.1870092640466685
1.03774107618705
0.7466987870511828
0.902394744994468
0.23552818679394205
1.1357914932615596
1.1700451715885647
0.404763119948126
0.9851349434669352
0.710752800791868
0.3347861511873609
1.1859900944132584
0.719369998608082
0.16650879060938395
1.1091987968436394
0.6915050997975295
1.0883760610268314
0.17125239460870956
0.5520098054249889
1.0081842362557574
0.292800180434586
1.0424328799095157
0.8109161452574122
0.4049927923059885
0.5770946472158722
1.180208549395513
0.21713778644767123
0.9797076499514634
0.29424148763631475
1.3854613513071135
0.9855206398528402
0.5134217479626291
0.1460019331660264
0.6181969844100832
1.3158220056413696
0.6378786173719924
0.39976054246990816
0.9189289188033454
0.3357337100758928
0.42009888171076526
0.4658396746144495
1.007018526607522
0.8606263562224993
1.3463852531234815
0.24294733243664446
1.3897374477549131
0.5388634218086463
0.8117967369936814
0.9738977755005447
1.409718722037339
1.0947912604154548
0.21340875086936006
0.4551040445861546
1.0948643797594455
0.21621522394226012
0.018824618623359712
0.41222884457577724
0.26964298501217976
1.2615584919949188
0.5673825241569946
0.0807901131419001
0.4319264589889428
0.1411360534338476
0.18463647401852734
1.404937136262543
0.750924557784444
1.0923857295653714
0.18908811327799824
0.11400541757470739
0.37788449752315495
0.3761909652556278
0.5845142799842937
0.11144556075396916
0.3931424864480612
0.09396790394950427
0.1838206192828702
0.49815605271284236
0.7224258152597873
0.6382227456405356
0.6529032153127813
0.36794550048586444
0.36467979782424553
0.2793038621205245
1.359276693453858
0.07434069303591062
0.16477537109782603
0.7557735026840184
1.3143241489113064
0.407816218258985
0.7262522881276606
0.11537934517828952
0.23176667583477595
0.3739237580053021
0.21493892384961644
0.08015687248251047
0.8404207546487329
0.9772051622953704
1.0236860582851146
0.41842041231232335
0.27489905191987873
0.22036385740677178
0.7867604035880139
1.0669613089840402
0.53073796626672
0.16529872286674008
1.1900561836513455
0.6737031381033715
1.2686550137188102
0.1250160096598938
0.28281490017479216
0.8184855212983917
0.4613477296445682
1.0160107724367604
0.35630094033528026
0.13829633097604155
1.2255000125964304
0.13992273825104196
1.3808834689619656
0.49294002414560295
0.6339577519699755
0.5107598346418076
0.588599854068398
0.5436718778403984
1.2401775133190864
0.8885711966911791
1.1931162010317553
0.7713344593813267
1.3004513024119042
1.0669847513534583
0.1737858229611089
0.21690545334591882
0.8823462413118409
1.1796538736847846
1.162343999863032
1.1883311074452556
0.15611233367021426
0.9100787892091591
0.9363325538132962
1.169750562991999
1.231045930107721
0.2761984036198847
0.16555841894803114
1.1114324509831839
0.7796447695138826
0.13181184125745382
0.45468664443459544
0.9761685859003515
0.344819388006492
0.8696122885773154
1.211300329033774
0.9999770843163611
1.1044137328202603
0.879849711011556
0.15284888494388194
0.15361874992237579
1.0342418352237028
0.3483291352221187
1.0758837438005466
0.11779209130650703
0.6603212333887232
1.2388287640548417
0.8127448105576001
0.6726481556634714
1.1746849605213256
0.23876286224973375
1.2880391721283888
0.24606147772880727
1.1792936344891647
0.9640001303457324
0.2961827084146772
0.652511313664694
0.7802093807953604
0.658578064335068
1.184618366452934
1.117598743869877
1.2131475507537783
0.7947485071960669
1.203766339924391
0.6757811600816905
0.6114042825503285
0.03140206506401477
0.41952314449026895
1.2267290585967277
1.2740065009615396
0.14848444591972176
0.506411455199437
0.5178388070303687
1.0395264777213418
0.41350773308790834
0.6430383674575318
0.4995525945436798
0.6109230227940108
0.11267413480621924
0.9617949166195531
1.2137759901366179
1.3154480749439244
0.45693356735678947
0.08600859873073219
0.5806082714347125
0.6228971341287725
1.085530389520606
0.1732486193268088
0.5069074712599001
0.13542370187466524
1.1366423686178977
0.13272090086035648
0.7057761482178528
0.4292073738994999
0.06451005722966074
0.5675351185250563
1.278500050558223
1.1338450381479048
0.9188073320462642
0.31655737637085735
1.409817382168875
0.5819177801710197
0.22674173531620845
0.9888118069877814
1.201532265781513
0.4879243646354075
0.949139039510398
0.05845339808854433
0.9240785136210304
1.2932459029365257
0.7737827145498782
0.6953819481489502
0.17343745731230276
0.16729850022357617
1.3698055653342351
0.5418619123971233
0.2927356362629424
0.2640985907823824
0.3491750377322902
0.5038466467807927
0.31362996334131354
0.6588575164051379
0.674651240046293
1.3079671304274125
1.1443752095322743
0.9800663020954415
1.2865577584866572
0.4685971377389983
0.6828980862840764
0.35490699551661037
1.0524001435566255
0.4623905593630532
1.3640600790428206
0.39676725105317634
0.4923670318165374
0.10815797615585432
1.157846122498973
0.9167230164793571
0.2395037803175032
0.09307686856786024
0.8731264714465107
0.8480728516167976
0.7312768365128105
0.07178344365752909
1.2723088620850396
0.01989956033353868
0.3776109486810767
1.027893491858837
0.33782195563508766
0.6037544516143001
0.40605466310052396
0.43035991413674407
1.1415858185092245
0.6387440655225435
1.0966724553328198
1.3381475377619445
0.7567442677095629
1.160159299765693
0.8152111948456365
1.1445303711134553
0.3071494437632495
0.40209941289146856
0.724533324368369
0.09081967114335665
0.8208732739993555
0.4224570294797737
1.026027117868968
1.3188410810389453
0.6663596958277745
1.2547709914700358
0.45402090201796813
0.1021423557167972
0.7772169001310962
0.909805127299764
1.189331892987814
1.33967232359633
0.21560146910865718
1.2228446801404917
0.9671131007775351
0.2556225512280307
1.0372196326143948
0.7396631034286426
0.1702158441154088
0.8000445405382406
1.0268932169000267
0.008686131701940769
0.3255890834600037
1.4146669752888557
0.761318780484678
0.9536036559767883
0.5477293817934167
1.0867317058656754
0.7738616138953993
1.2188071320825213
1.0987730913511693
0.5148602818702424
0.6811035869569051
0.3772441760988737
0.6581616817864251
1.1725692828295693
0.47043014743995815
0.5676489429106877
0.3669599758179959
0.6972863602310234
0.29943521628642833
1.2241400345996583
1.0333202657683402
1.297757585243141
0.451029788377962
1.0032045976816393
0.8668538203003716
0.9040066515331644
1.2403945347641465
1.1970147222018468
0.4969976120970365
0.15847310739604759
1.0627217051474593
1.2466101689404718
1.0089680461050026
1.0746735238197473
0.433168912441921
1.06203015453043
0.4634515720707032
0.8293380931204497
0.2856515052446631
0.23277408676496014
0.6636288734201291
0.22141020536676148
1.108218179563885
0.36874961579969195
0.8144867029771737
0.7312796405583345
0.514293272059813
1.4125092861000637
0.04942513410668836
0.4203998712698223
0.320351018520011
0.12639450811234865
1.3235870674551855
0.909664941380809
0.6758792832982182
0.28032688942249984
1.2257566326620295
0.6386673990803049
0.740584533091251
0.8288578258120052
0.6601774161308828
0.7492875181599619
1.3810086788597207
0.11132977084172246
1.4044369532430563
0.2852983016260363
1.1178373738876453
0.8373303479927422
0.2271785220142124
0.5856118997099811
0.7388244840732312
1.373326824510107
1.121969051824791
1.3907549438569302
0.24252727676188202
1.3797596750571346
1.3999327703582527
1.2799828205231267
1.0312186867648023
0.9857694101820855
0.14677290383636388
0.26751650547159445
0.5582336999484623
0.12291620163598893
0.5267789306678237
0.8530801877216799
0.13171084169658065
0.6790529841970484
1.0740300880646572
0.755273162984367
1.2235507334130613
0.12015508326300084
0.3175033892144965
0.9554057031633999
1.305255684374864
0.009003172349081767
0.11828501920482704
0.755614029965069
0.355592358148169
0.562102632356746
0.23655864936318638
1.4045600272566734
0.6896847463895462
0.026887782839871366
0.19000523781170187
0.18306515087290964
1.242592017273335
1.050037340718695
0.36662785910517603
0.6266952478454504
1.0725278400475842
1.4129529862248584
0.5483203476875153
0.723674990558705
0.5782888520025979
0.09876583569310127
0.6343722157349395
1.1904491513712339
0.3861383806616345
1.3702939385042658
0.473418586883433
1.2801120261837236
0.8636632860813328
0.03354362911661812
0.7330885317640411
1.0240173846515204
0.042389828467770285
0.836302719427564
0.2591132663579875
0.39121215645676205
1.1612941527589877
1.2428004011853955
0.7041465718055959
0.2215848614745699
0.3656560204223166
0.009377339414428865
0.46022493899255634
1.111829877343193
1.0134296413387924
0.3263571932110425
0.9641475801684131
0.45938664454705486
0.8254847248683095
1.0060376211206463
0.18248062920277675
0.25948971992039316
1.0306835269228398
1.3479366628236447
0.49442223255746687
1.3535511584719204
0.3750665375464492
0.6552830469653419
0.7910060822559702
0.11478001940616711
1.0587647996940122
0.18059213906872762
1.1171272138628456
0.6996236651474206
1.043128047443431
0.8138431781071765
0.9457891140793302
1.1308294152674685
1.1392333346233234
1.1170378504980976
1.0119719054294962
0.24013465818526536
0.7895689687364552
0.17252052067895718
1.1231723699502612
0.9273625986672849
1.3355418816033309
1.41163759335267
0.2867206868775336
0.21091223016493488
1.0311785549642447
0.07040913595764753
0.1334254165839881
1.1130881283078715
0.12997938361003158
1.1431664280587128
0.31837412111753993
0.772597571275067
0.8354884646345974
0.09403690702310707
0.8161271413671337
0.7089687780852477
1.3441193613543152
0.7637775199394415
1.06813508244607
1.1900762020276296
1.2440106519067098
1.2043042080686872
1.4042563558420822
0.5350323754124588
1.1365016188438937
0.08417062997458913
1.2822341954708434
0.7286118080909333
1.1743885189123562
1.284046959052069
1.2795620879476823
0.3433034466015441
0.3019400283875282
0.43193974737207536
0.6755502790278913
1.2439877940689983
0.4090557448651005
1.1753811302270478
0.4027003880144158
0.3514955621083178
1.1665711133188466
0.9247530455893581
1.2449764608418985
1.253852934517
0.8492764146951759
0.6057986936887438
0.5607928818598809
0.9934163493194307
1.231242240101776
0.22169908505640878
0.6033378533081905
0.6238267854111302
0.8892446383507322
0.9055536625783911
0.3759540119473326
0.12107450801724162
1.303414405525063
0.6482801496456173
0.7052446453067662
0.6873160321175832
1.0888320791361188
1.1863457181589507
0.1674161158988765
1.2135881307199226
0.8667558604384534
1.2009354282907714
0.16511046043840982
0.3105920246223707
1.3832906996636278
0.3238008069047764
1.2234201847085326
1.3419369238932088
0.48134159375515945
1.1939804156425615
1.1903546052199863
0.9264807476327402
1.0172839521005383
1.229006087219737
0.48253739277748586
1.3989949792604703
0.09992985893558348
0.8982284305084842
0.5007471852122338
0.46229305854242375
0.6061619958726423
0.8051488104296896
1.3923290461821307
0.18674835972777537
0.21422066251923888
1.3534533288331438
1.3189756216678932
1.187557169033134
0.8101131376435284
1.1661297581489425
0.18941445756858177
0.503881507973189
0.7946350379472846
0.08597890628500715
0.20194533019323246
1.359949708940088
0.08192495690999946
0.8551139698476868
1.0999416015735717
0.024301169467059958
1.2995140545538288
0.41734613909666085
0.9221449186602834
1.2291248585625965
0.21697555611893515
0.5752408793285269
0.2645374282553692
1.1181513027738434
0.5001479932232444
0.2394818018366619
1.3239144742408882
6.320941485232767E-4
1.3960958021769576
0.6698890074308749
0.5648394642826147
0.44932291184718337
0.913339402897301
0.4586343661124976
0.265716684167954
0.5099137714073493
1.0301448908515027
1.0402992993687286
0.9353988175472315
0.10432572772779214
0.562660702206357
1.2027359800751558
0.35367962250437046
0.34526066803810723
1.3269500781462398
0.8092746577338652
0.45186365300205034
0.9155456064203638
0.2187729092813544
0.5417974796824345
1.3932578249317933
0.9661019272775728
0.9001754627994248
0.7363941321177688
0.8784583368626037
0.5568070620811636
1.397843475814823
0.6549538671712344
0.05601089500604439
0.802421798361858
1.28371838630101
1.4037860996872658
1.1222195028436017
1.1015280319361562
0.18608014218793312
0.37289048189254403
0.2132587055580769
0.15816080228309037
0.14167259540719668
0.38180353495454783
1.0303074425124819
0.470795240997617
0.6362364079731573
0.36094998440760595
0.466360198101946
1.3192676868688644
0.0949689355213581
0.40039663185024466
0.4826965605569868
0.8920628903871919
0.6199040002302659
1.2087305727686108
0.4841947165390311
0.4521027535072828
0.20288779403518542
0.2940710302442896
0.5018681613383404
0.9533486557058355
0.17355825395619218
1.0401409851200245
1.2960301134632763
0.014093900559967176
0.4176659004408717
0.9958097609089132
0.09186146111216043
0.06529357253869428
1.1130962197296377
0.8878113472788407
1.4060307648522286
1.405461449336156
0.3949465366395828
0.32206328940559004
0.040311259867913285
1.1216548262004102
0.7413758512979878
0.326305005429929
1.0777613077643646
0.6271154207890725
0.7623990942207609
0.9303740568221771
0.821902990754608
0.348552777531796
1.0609198791720047
0.8916991523825484
0.7477868027042184
0.3870069679547389
0.4171583554999938
1.3766147334049679
0.7229001202736022
0.6807048164170817
0.741840003076642
0.5112504097005319
0.22275667389844356
1.1243183816537945
0.46250682863743703
0.15342617606373277
0.3110959343229559
0.7493936998887659
0.6567599663421053
1.0404597553103743
1.105152910310811
0.00655739573374492
0.3339236721965406
0.5360459389596732
0.340966579105793
0.18268172914605052
0.4297013536166754
1.4138261714484046
1.0980967396316035
0.6152424060983426
0.8810185152182218
0.7953430466005119
0.3814808548398486
1.0859665548427162
0.6264520104683357
1.0826795314907542
0.15097133640154503
0.5635967421924807
1.1903492323502844
0.5950638679710202
1.2093892975591634
1.042046787998915
0.6509389694174573
0.07643753806023312
0.22537276467062828
0.047287045934134686
1.134042353925508
0.16940667990883407
1.2625896211319518
0.782453695384034
0.5339355351112454
0.3308255092120609
0.05835193821047546
0.7616593121321281
1.0259679925250544
0.9670491888352883
0.16941867319576276
1.0598774077354578
0.6112633998049867
1.0571661955090315
0.28311635714190375
0.18584780378233468
0.276593389419733
0.12901724361255917
0.0017488330707300381
0.662443625258534
0.17228408707115328
1.2284180555161275
0.8609590058013569
1.0796682954310763
1.2239040206195744
0.574994028221111
0.7214954651255627
1.0929272251741249
0.36233785503615706
1.1024385341098295
0.3722405111777105
0.02552254744901372
1.0673163484595005
0.7513374593942768
0.19069808444591896
0.4777663859954764
1.397567446824918
0.5108104806520528
1.046900335412514
1.1048082544662137
1.2536120453689645
0.19859979694665753
0.9732496767877601
0.2797974501461352
0.8158072952878858
0.5284927404105251
0.48532323573742386
1.2683524385676506
1.157856611652452
0.7047987753951859
1.278960081196878
1.2375177427162205
1.0525736983125882
0.35357800415658436
0.6449155504368757
0.37139062846042314
1.1819429331153373
0.09349902315496517
1.1005910427950867
0.9162085229264709
0.910620676902285
1.1950945029531752
0.5615611152441072
1.0798720363270073
0.5210228391210789
1.0823504578740888
0.36368474966026615
0.6352588589002656
0.24434075229905183
0.9955113464171139
0.8306174155622372
0.8630054113057454
0.6069046456679266
0.07326014710243778
0.23556991192145627
1.2267537648161329
0.5548236662384227
0.3403083958778491
0.9243648627623159
0.18594799141101037
0.4726461880730058
0.07495100301662483
0.2442148874324339
0.7483557398490597
0.330456772901219
0.5938774518885026
1.135607372193232
0.2573789128656401
0.7382086275107753
0.19714302795265548
0.4615484944391934
0.4083726728217799
0.512923077179099
0.18555593246778257
1.0927350638595397
1.1853793746279566
0.8822604941908301
0.4957874943483608
0.500829042570618
0.013375471960448304
0.039358064183682706
0.924923278026263
0.04941239611686121
0.3532881220740903
1.2768267082927556
1.0993262939180677
0.20848933979888706
1.414181642688504
1.1071933999720032
0.003508579034644188
0.7634560713889311
0.3489502403475153
0.015652150841747647
0.1665811754000801
1.0569607403934698
1.0176096681597875
1.262777924630873
0.08865726038173116
0.28373897886022614
0.0665852857285627
1.2991451299390637
1.3079351710819522
0.3803181845339391
0.3122029370924898
0.9426889368779057
0.1753169411745964
1.2573410378043501
0.8230533961544647
0.6646877098348858
1.126875692488225
1.4035290259177091
0.25721108550485394
0.17580626952969236
1.03341404203511
0.6462711049686471
0.3937427668094008
0.06313830553615396
1.171256473189155
1.0236618026028228
0.3433148542219747
0.5285617017110197
0.9137784270608431
1.4049883624785098
0.8654814913372729
0.8618479579049867
0.3801566988358169
0.7822626002020108
0.29143582043449223
0.18274049521432123
0.4388126550065821
0.6886083464007353
0.7535876650023745
1.3242130352799426
0.4130154446663294
0.20381779268990574
0.24535566563508793
1.2063897135037507
1.0500801623216045
0.3790684814182668
0.9577495630285413
0.1318077998427596
0.5118185340324872
0.8928886046000384
1.2914783217300096
0.11586265879190005
0.48563514209235836
0.42221463089712036
0.1856515859334329
0.484756289613971
0.34421120551546847
1.4004167461114814
1.263329759197139
0.8968758162622607
0.8096535026550915
0.894456411051263
0.7689163424432969
0.18547678416193814
1.3535581756301172
1.061784675316386
1.1073825397179964
0.15776995629045598
0.3430500188952761
0.6437538207725668
0.23829603119142906
1.255823769186252
0.6437846911386422
0.45822365050410846
0.2128218525432467
0.4999639926833106
1.126895728693598
0.12815172589952295
0.5996007177805782
0.7657883444773318
0.09346568396937205
1.3339472720715515
0.786094768616443
0.5530065599851473
0.15594538628424315
1.2961901982287203
0.08517350255538869
0.461647224908666
0.4212974129893761
1.2089357669613519
0.226435576487108
0.951486585528873
1.407583951452065
0.41704913437389624
0.8007130761761955
0.8237681074882998
0.8313736295145538
1.206729004482516
0.40046174074486635
