0.336826315372023
0.8562141786568953
1.1130855953036898
0.4613460749383873
0.8830704719009291
0.30590753263243153
0.5701806786730514
0.5761647216866002
0.421993329491304
0.027804910051729692
0.36543678718981715
0.02063256118218948
1.3986718427947433
0.8945991707900937
0.20794145318104296
0.1538169509460271
0.8320339253248934
1.207124122672095
1.0879130381156792
0.8527060261855527
0.07110759490423746
0.5792875435951284
1.1103457820341336
0.5775247824717888
1.2376455159397812
0.43437131104109067
0.7109063228098964
1.111830539161409
0.28976366455446134
0.01627449505008649
0.3372423737939312
0.1633403237032377
0.1245965105193656
0.6732230739067815
1.0167480963441091
1.0090185372285763
0.8613517067005695
1.014767210343971
1.35855845536774
0.5719219229073358
0.045409276964685774
1.3498889743598994
0.9649516734313581
1.3716137339559067
1.3466877962175516
0.057548038313221306
0.03863718119745685
0.3521646309605783
1.3303905014126947
1.1515691895836868
1.2696251525683249
1.4098236149416763
0.08728701707771991
0.5485965709278744
1.0487452317015946
0.02330002446977686
1.2786019139259928
0.4490194231714448
0.8726264937972128
0.4834515959468545
0.28937620149154886
0.543908681891522
0.05200979953727802
1.176472337627031
0.11556718261114218
0.5850758528400778
0.8948119904390356
0.8976118538988415
1.4115793743254863
0.722270749023158
0.5723739183264791
1.0985697031571167
0.21960700972557057
0.9354199167716704
1.1281181492133567
1.0511090073814096
0.4800237492897279
0.51437487250453
0.3445485826867265
0.9012138503075623
0.31132335900447017
0.8493599240402683
0.2981541011317965
1.0308104663961113
0.6348197487569974
0.5550332373541366
0.6490613931338115
0.17139229076514684
0.0113323508370613
1.1908002720120083
0.7295211414501305
0.25026561905835676
1.3906540105134635
0.42771037676689855
0.7630793626134356
0.5835078503487179
0.2531993926267232
1.079278730533223
0.5742256004220476
1.2640357655706955
0.1279496964161423
1.1968959909699466
0.4574980946713819
0.9177447578591804
0.526098530094683
1.2343386497549425
0.8545310542263442
0.38940868948942337
1.006907403078845
1.3193682603639614
0.047499858816808294
1.1015286711158938
1.2282923806461068
0.3800624043835085
0.3788310291655936
0.3255952661425029
1.3649909081416491
0.5251672916234855
0.5313714607093432
0.7527541898459643
0.5941116690510967
0.9956864339604479
0.05241870845782237
0.7556071132607158
0.5752342389810597
1.0828364716853434
0.9117143313845432
0.5377910262184616
0.8415971270762777
0.8800024596571854
1.405299006599944
0.009930199920299199
0.20536977731134154
1.2879896904465349
1.1932162119266374
1.0345995487419424
1.2981501848033088
1.1224854401475963
0.16251341046894396
0.9387743547604096
0.7159233378041977
0.33116950958012925
1.4079103176602348
0.31171480252208217
1.1216835644651675
0.13795998877059668
1.2261788598085106
0.6187908178196873
0.8041790487581788
0.446160464211499
1.050396401762524
0.7559727755597977
0.2925056482259015
0.7948040727589306
1.2692026378426848
0.054386937594814166
0.389361591926329
0.9485849541298139
1.367445118934714
1.2938234049160133
1.3376605682734375
0.040282394672098154
0.6371433405260406
0.13593798748374364
1.3892681765736679
1.108120109080937
0.5474188076102138
1.299882278876122
0.2397974758855279
0.5239858251448796
0.492142734654488
1.2969491073787092
0.9155158436219131
1.2347800097708714
1.388879733731986
0.5304543242281894
0.015593253805880725
0.9049996782411552
0.20892317298399965
0.1806758772414626
0.41008080808848457
0.14793634176353188
0.08369184889880199
1.1611674806753376
0.41260343285069817
1.0698523750939208
0.14861599362756184
0.6268918192042298
1.0328606017198971
1.3307359968130554
1.1762710619111865
0.830213779583088
1.020003750625036
0.2675937869114462
1.2333574056505654
0.6871775437096144
0.8631293943283738
0.8685973113869092
0.09357962849090884
0.7085970664991473
0.158776381962355
1.1964785244754648
1.0598569348471356
0.19650794733026467
0.7285485904065877
1.0211182668831493
0.8554046972000378
0.38533237710239077
0.9194617527106681
0.6513471192683593
1.2418410413432057
0.6749840244270918
0.6623123320047947
1.25351331600592
1.1806695234905995
1.3205841553807027
0.9646385657333183
0.8691547701605016
0.09623747178645947
0.38937191185903947
1.0193891052161137
0.36702101846970864
0.26885507682973
0.23984444944843386
0.5620745042439965
1.1704887879887997
0.5075653275994928
0.809966318903074
0.31925861086545515
0.39544919884153806
0.5157590290107665
1.3305845210453757
0.8652884469866015
0.09399947675601428
1.1027643061805925
0.3254760849007434
1.143721515927158
0.963797798940259
0.0913231191735604
0.6893154565721258
0.6124864481810693
0.2613072856724493
0.24227085269372028
1.2251778515198093
1.392332766039107
0.09382914519353303
0.3133760554733611
1.0530118638888757
0.17807785471503568
0.49088157509341124
0.6996238089132086
1.108938973695401
1.0179505693245374
0.8955009790021845
0.6645487165713467
0.6121336963481211
0.4165930684427473
0.1811522813408598
0.6631832089301397
1.1651292662443342
1.1983333817706199
0.9608330349454492
1.351750682039186
0.7369374723711393
0.1427289704152822
0.4668660277481372
0.4373448139665329
0.5489210898642272
1.074270842453733
0.9809228792514841
0.6619999363483844
0.7919995159077781
0.9126323216798188
0.6391547673615261
0.20413825535559438
0.6510173766587529
0.48973181565145263
0.597368240642979
0.7074356346128943
0.0934233503778541
0.4430237550262596
1.0400691259220691
0.4641840199681389
0.7940310633862375
0.7852789933693779
0.6026255005587445
1.2540406395574721
1.3309570951921372
0.17285747773612592
0.1877228893735483
0.7457216719788136
0.7336377335698849
0.7225655567175493
0.6608020337997267
0.4108554470493372
0.7462863381945735
1.1006641279735887
0.725536271697203
1.0520172413264965
1.2600334145933536
0.4348612924845956
0.10653844862208262
0.8714388816166423
0.41641347215512214
1.1031323657461543
1.0889045613265562
1.0105781771472788
0.543375399282785
1.2338581858301643
0.2280793511304079
1.372364617458552
0.9088239968363282
0.660100038633771
0.326448892945415
0.6776423874342616
0.7216023582865597
0.4098594059742942
1.2856298415949459
0.5227619290643305
0.33666117181704314
0.9252224381975079
0.2615135052846467
1.3980359834801173
0.08375130593505198
0.9993568055662346
0.013203929330930175
1.2272425084073046
0.9517464862852233
0.7183033661458308
0.44301813831523407
1.0978737782575636
1.0717174891568206
0.08288650196976044
0.14466005259790693
1.2228395420230544
0.4522195909134377
0.014270113591283051
0.5842615519115208
0.655860458084735
0.4555119991792252
0.9477679644922995
0.7220022371932312
1.306786771636261
0.20696508472989117
1.235809355072542
0.9907526617130339
1.1460727477517956
0.07428042162548298
0.4696356355696224
0.16099973619736607
0.45423597839402613
0.14647408529803052
0.7374393668396781
0.16152318232503848
1.2965969978438214
0.6936668445891015
0.6481901617893432
0.16125960888364355
0.4275660077216364
0.22724702362491633
0.8291798827747073
0.6223617219808482
1.2268521293812558
0.3923298225564164
0.6300036235492517
0.08547986281825903
0.6756894236131664
1.2601284913393733
0.7721126175074494
0.3374597470243449
0.2519786943931871
0.2213333540737379
1.1211531033315947
0.1597029535746397
0.8909759540140224
0.7898699408780765
0.867504986733293
0.14786455193686365
1.0440805527168173
1.0509511837120578
1.2873631382256545
1.1408673677946497
1.159235861645604
0.25687698593469377
0.3395051902089101
0.47169480815920617
0.5563226360251602
0.5974539542623089
1.0031899188699098
8.350937582236595E-4
0.2889267743455095
0.07839511140242728
1.0883219181884267
1.0902854149620222
1.1397975490593788
1.183050436597754
1.1106934283918866
0.739890385856724
0.9173139520183554
0.8538038953424697
0.9725272171837839
0.8662832622267125
0.6590536926006912
0.08942832578826954
1.1684047332848295
0.897936089417622
1.2647576112817305
1.3340001798234138
0.6646553615722115
0.4011107449897698
1.188646927772502
1.26080031352548
0.5309573989914724
0.9105483477909455
0.8096775228531984
0.7720043710325183
1.1089266365092119
1.0337635234919236
0.5590094647104438
0.8461348025476013
0.6025964570507445
0.5175682937495749
0.3142526817489498
1.2749114016652936
0.1289688937268696
1.0273785191246934
0.057877962286804197
1.328242720731688
0.6844691901409684
0.973915814076267
0.6050034985506121
1.214872431395115
0.858283975851944
0.10005871411906286
0.9193206914686444
1.1961578416213487
0.2847096001008429
0.3481001036852408
0.23619877003439904
0.04749348686542565
0.3539694863790721
1.0226892944593724
1.087752455991575
1.2081077960509496
0.9467430707882215
0.9801243177062059
0.281893663861434
0.49518344923839525
0.6377240535340425
0.24344163410601638
0.08740647963157844
0.45772285505665705
0.053391555674499935
1.0995471816687181
0.09806859275642354
0.8809208968986957
0.425728444825742
0.7276448335739917
0.6083664313836182
1.1691506003513634
0.3634139507224963
1.1818590196568097
1.064699210816814
1.3700926192240437
0.3203768206439951
0.18517827665580966
0.11913554484652489
1.3597373068815148
1.3523046054044818
0.12398851738300776
0.04054968899566347
0.4610433717001152
0.9210504296659675
0.5740723106906656
0.847187044825178
0.6949634118600343
1.31478518218185
0.1342451624950075
0.8180281346493775
1.3439470872670205
0.7799436490764966
0.10546108303590174
0.050256688114287296
0.8053248965881014
0.3978358950975833
0.635034348089894
0.2800409075719672
0.07360054768262236
0.6705195596728046
0.4260767501120453
1.4151494000945
0.5061657355225242
1.0818464456565193
0.33648567699525156
0.19454434163704926
1.0924374275169786
0.6763188088341759
0.4914987172513406
0.12518059443436014
1.1433685072550999
1.086867897330027
1.0933705492409522
0.4315550870048582
0.04655654527340991
1.139972528267558
1.3692141371239703
0.3118576381391638
0.562975879940176
0.07479240108235485
1.4129576578805545
1.0791380057002313
0.6251797166118236
0.9521867091137467
0.335491191765834
1.3781604355026162
0.5996528413054767
1.1319858338098872
0.6784860377578821
1.1686173112155513
0.1623190401131287
0.5174102309352848
0.6105208411517222
1.042446183251709
1.1777331542485956
0.6347505839378751
0.10413794716687685
0.3986764140363379
0.9899857907240093
1.0671118556855066
0.49158484780115125
0.9734913067178776
0.0028589879099339965
0.9552712136698688
0.18547835710499017
0.8550751819064828
1.352617261319287
0.002068648147954155
0.4887452954146754
0.87275322797535
1.2210201011072168
0.4622052532168626
0.14121207942466574
0.5430056664635189
0.3435304499749961
0.14271914461367852
1.1181256589834758
0.007679327207984921
0.62617023521977
0.6804317267155195
1.0219476907541696
0.011951967122062701
0.39585642704953417
0.5049262374067967
0.9290655421808474
1.1860627320914963
0.14935552544606157
1.0362135527008565
0.5301199260549448
0.786690326562757
1.3931016763611463
0.8095152634098273
0.9538509055263821
0.871018505882942
0.9982373156615783
0.09667636410712332
0.20161033691305286
0.6094684384112142
1.072553197918559
0.6574849395321029
0.0815906913844403
0.3302110978965256
0.11846047883698319
0.9406000027855063
1.2237427640279268
1.0666894130969038
0.3269986462238089
1.0795887928918058
0.171746459791708
0.47847991913787696
1.09966760998927
0.032497918079359756
0.46684937886724703
0.15575860749054005
0.6041432294940496
0.5016325694359689
0.6668093218115438
0.3186760350654977
1.1393383850377459
0.47134641140669387
0.33349437921175173
0.375615624900321
1.3472985762170602
1.4086597336448818
0.2891621697383169
0.0323551473601581
1.3887296825109843
0.43539399951222696
0.5095049408247525
0.24575911146056095
1.035657376752907
0.7342838733349044
0.9013323504459414
0.5045286019271671
1.2156608921569607
0.3707370867619869
1.077479477652561
0.23340059765683496
0.5062549180462068
0.2422870447582216
0.7982454595331463
1.38589228545647
0.9071964360834689
0.2237887069443648
0.14875020928404437
0.582330920603956
1.3972821276797123
1.317038496453318
0.2049132639091792
0.4076037553372771
0.7696468011613944
0.6809849270180921
0.087880709261003
0.1618772874905544
0.9786683586577304
0.7322310735685388
1.1092222667639335
1.0784252255812632
0.4914507988083381
0.2367879200321702
0.29940492010166153
0.18656583888255673
1.1322498631026616
1.1756164497078339
0.14300144856114505
0.4260847151630657
0.30307898120931454
0.11425476980604032
0.762838026739243
1.178047229685264
0.8074129270090694
1.1003485827925976
0.6021955967616321
0.2815102478778255
0.3930001638056189
0.8058256451913927
0.4417797998755185
0.5516536710201418
0.2249047772618984
0.9186162411147774
0.058420491722363965
0.141897030997176
1.1430545221835358
0.6224011476775373
0.4274438724713433
1.2494986756898512
0.1523267825326201
0.6759582276723612
0.8669762392416865
0.828958213135094
1.0588816559594894
0.1337232032492659
0.4809020007619181
0.365731422014987
1.3417832561103016
0.9519247119433126
0.4219473668219602
0.6480190690434654
0.6962617723679964
0.751343421720219
0.23007698313537062
1.1975357741448711
0.6137146692471352
0.9473939221098452
0.35708266770007285
0.1482347723905314
1.1000992006686978
1.357074421579554
0.08447595083427784
0.7079249715378764
0.5054366019049794
0.9649043804309533
0.21415405747293548
0.01750443331020357
0.22195714576312375
0.8633381424697205
0.6574203528644231
1.2670038542427031
0.9049711478277717
1.246744257755775
0.44525683972694646
0.057932913275379194
0.8989841964990205
0.08414329882238947
0.8223320976819597
0.23244361849452044
0.68937815114989
1.3584605061085768
0.028768214108256918
0.625194393453502
0.2677823373180027
1.1119536667884076
1.2122948199399897
0.5933764119182063
0.38495246230046487
0.6423978485148938
0.9909431477417844
0.2696824449316435
0.9414691276241487
0.419130134147763
0.2749619305034582
1.1895932545439725
1.191874935966687
1.3781791834645327
0.01013852878206778
1.1636301804426665
0.7006036974279113
0.9838236097244316
0.16834372301499922
0.032903573195385616
1.3390824619935788
0.506056974340827
0.9914182246406168
0.27501379158271666
0.8360503533564034
0.4573151713524277
0.2133064892882509
0.029471560201945857
1.136809502214874
0.1297120416085139
1.220097745255511
0.9725343742254897
1.1384212155659867
0.4751137094999618
1.0386273192347382
0.5629703124264633
0.14996895299254198
0.9895281055139213
0.41226181216029695
0.5575248234736871
1.036724285605668
0.17741187742331133
0.42021829878723505
1.3145570190116607
0.8476775884208282
0.8222654882648939
0.9303804440961725
0.6540337228495883
0.5274816702026186
0.17724727833144138
1.209714361282904
1.389385475527702
0.6002531747874273
0.47574842493649766
1.053137643072858
0.29781036569452446
0.4665062071549235
0.3195334915009197
0.5528438487656169
0.32099498178048946
1.0182305849458393
0.2655987781533753
0.177439800845284
1.2571609632107634
0.5530494816589473
0.9754005737607654
1.009890419096819
1.0657827727986322
0.20722499873710176
0.10787145762914152
0.32192848513278416
0.5549054966647003
0.5156946013391002
0.833242025807743
0.8827970312853707
0.956679488553666
0.7750877925531432
1.143477941103823
0.8858367166779185
1.2467792504503592
0.019917353439716012
0.8987059882552744
0.8094884313545716
0.18349144757759683
0.29152738665881195
0.3491948313344602
0.4015791078642951
1.302810482036192
1.0493243563287225
0.3538588505567788
0.5604338316461077
0.9500980472260003
0.24713150302548426
0.674997995094301
0.2577126448284963
1.3566868722530785
0.8655354743578316
0.18242499910601506
1.2797008913716628
0.923622799492121
0.6910296941713515
0.46042172944317605
1.369171953022535
0.37463087832106573
0.16593508126829215
0.5988472744033624
0.20555695103619798
0.963187966109925
1.3796659128065767
0.7474739703857167
0.12481195501841169
0.19983817400110304
1.3155559491343738
1.130274971391256
0.9849355067792991
1.3369952080859733
0.6859778312997724
0.9045708028715307
0.27626371735164534
1.0087763012100068
0.889315589808036
0.41608282465572755
0.7856703491929469
0.9710277086627959
1.346950235598281
0.7469453308224836
1.133941498584726
0.3927650258934631
1.096286229875249
1.0957826913033681
0.3689421383890879
0.22447497632541413
0.003977049250007747
0.629520997800874
0.9671878920931378
0.3750333685749837
0.709212238049063
0.5309971505674547
0.9899162499035218
0.7223083859452768
0.7813290847352286
0.33099449882774
0.4676406633882897
0.6640750988872565
1.1978604381036968
1.3426563119815185
0.4296102488914858
0.38554969831789826
0.23118068918678236
1.1195118805512145
1.230650840693779
1.0908631833000373
1.4061351477174344
1.2248054350783129
0.9300150902365689
0.16604683042178459
0.5285537421289727
0.43225111422647133
0.5506299530327788
0.6041972035444991
0.20973504751955518
1.0904685078888519
0.08677062157917448
0.9797916274067213
1.1280933882883208
1.2773675141380998
1.014536923152886
1.070246375791738
0.49971176580166576
0.9867776828406805
0.2151191516256219
0.8716711641545645
0.9594374927256217
0.1246934853751126
1.2109343556010148
0.5788867834823801
0.3783611635973247
0.48702270113853474
0.7989563808121045
0.08399400311051353
0.5697645416420533
0.98111702192843
0.7763000190519591
1.3353024620880334
0.3488896768086759
0.0010018056044247547
1.1691832692238238
0.6931408656496211
0.5174082044373476
0.514084795629888
0.43668152640233354
0.765653083018017
0.9952425159113508
0.6768673641027215
1.286131071890111
0.15164969250018245
0.2774884031381807
0.399581003672786
1.1175771411014574
0.19792672422127322
0.5595589239027903
0.3392633222304542
1.07203813559552
0.30208221391983214
0.5019504627061653
0.7317789125844446
1.3007298333420338
1.224583541013839
1.2414765970110415
0.4352627278719859
1.4054748159098027
1.4064052478685383
1.192481313414042
0.919001330879569
1.2247358478777486
0.2691827618115592
1.054614020001706
0.648978950439827
0.801854881841316
0.9645764388033867
0.0885369570619593
1.3824071432112683
0.7572154033974938
0.8510688803002946
0.9014300275272885
1.300473828768788
0.2762726797561722
1.1846225529975283
0.14928820413083033
0.6328321099512175
1.2334180291584647
0.6998720777867901
1.219195883607036
0.29729264983227055
0.7942222779453855
0.3917040317948166
0.15113651363928526
0.5869741429646114
0.29535936159609866
0.05722267708870532
1.3378432122599353
0.25279130027841945
0.7342673620145355
0.9832995057144218
0.06891247094327779
0.010639963520428175
0.23985314506706956
0.9545469726753372
0.2328117676856376
1.22679088169631
0.024538135797996463
0.33340271350540096
1.0531597582230061
0.41069314540406704
1.3470514237413795
1.2872351998752916
0.47231359748428337
0.46638900028326463
1.188221522631376
0.9952569832092709
0.47288832082257953
0.9075545068825208
0.5035091151572713
0.2849854706591257
0.03953612947174223
0.6603293618654825
0.03465394935388355
0.9701067660486727
0.23108191019488156
1.020654600636424
0.37166027331545476
1.1091080574400407
1.1328718266243287
0.25679446657086735
0.8306075096801306
0.20795188031819456
1.188833463648872
0.642485749390551
0.27237968592637585
1.1814726973785623
0.8699459034598341
0.35353445520350235
0.06655744871246894
0.2670867385117184
0.7108270512182777
0.5955992584033231
0.6944215654202771
0.256947565199971
0.6054231723026235
0.44938916797477485
1.3596057870806697
0.702896990445919
1.3616707383860387
1.3277001331214564
0.8506978112548319
0.47345794427197074
0.9290293526806759
1.0383294063231499
0.9032626338033435
1.1085156243884493
0.22888924035842606
0.21235500394122575
0.9804842127706931
1.3795072559908355
1.34046598216243
0.7212368519088808
0.26616123118266166
0.19953001999274744
0.8622423286287674
0.10393304769501976
0.6630538743396271
0.6879066131069482
0.8091988618601881
1.0931155232384802
1.345410105669442
0.5202221830915654
0.23288179497237615
0.933988176879213
0.7106228172730766
0.6232075296807353
1.3391534098294748
1.2879843532515172
0.2817114182253849
0.9261831212541395
1.408653475469334
1.2710073274521838
1.1110466991059167
0.6476953420971862
1.2320521714509678
0.4719504710870926
1.2796372245104233
0.1755792118442825
0.6973566495799891
0.7042432097175824
0.5079640623948569
0.5079386050493524
1.1677142078631275
0.3034114426193758
0.9448888735772571
1.169243743402096
1.3995001060519872
0.2494456481627153
0.5039031558960608
0.4936602949576603
1.0390349889270638
1.2552529349089152
1.0166764043715983
0.9871245537562504
1.3014373638929535
0.6214506635122965
0.7409491160913999
0.2589500573345579
0.9427351808869584
1.3879651461068558
0.5274285907241949
0.1641338977376946
0.47091832854890947
1.1163904265386735
0.5974662546581204
1.3467655292909926
0.7999609029733079
0.9934293005460694
0.9510064939080348
0.3969640705323507
1.068919203395531
1.4080261234556795
1.2587493034265493
1.2898707767141948
0.8950049513783129
0.3603644615765245
0.8791262968034134
1.2260628359335966
0.6331562308180286
0.5363161883614536
0.757016460358027
1.3156507699178994
0.5731704202479391
0.22641000084991436
1.2011841342725815
0.6981241588209293
0.4416239080418511
0.6537961212860517
0.11911058879225012
0.6419414653609672
0.5643553396003941
0.6407874661421603
1.3155486736803637
1.2445052344293088
0.7053229972252724
1.0526804985506397
0.937465219022636
1.362791517603486
1.1889273920468848
0.7888978969378921
0.6157309579688174
1.2929366172358459
1.108449174047411
0.6231621872590516
0.9261480365841809
0.056994967091337
0.769300084935159
1.047731622157601
0.43810355329436135
0.5973283637563098
1.02634211615424
0.6900555021319659
0.5372755061514173
0.42349551117807505
0.3553128184020081
1.0956135097353978
0.22274666728867254
0.8123224449008671
1.1635126657567618
0.8235614558782592
1.028230218830179
0.18339345073629798
0.22799829670107885
1.3055173891467495
1.0031399892768547
1.1037204314254687
1.1687758582870633
0.470570653352125
0.7338518519538382
1.160648590594577
0.1035467609788635
0.8416014672041504
0.12074641475288128
0.6095718329439215
0.13692492162134973
0.5002073265118958
0.45876396227994715
0.7290278624047902
0.48838925425311475
1.2225126089247365
0.09081005365914785
1.3769733605390595
0.3704887529482494
0.30724251193881635
0.6885321398698886
1.0698675593713847
0.8378606038052764
0.01640284992466523
0.557755010657858
0.623959916503513
1.258819228830961
0.07314693852790899
0.5926469725448924
0.8489953835257671
0.4424356447881534
0.697329835759622
0.40608792128755206
1.2476720994185178
1.0558697084273527
0.7117815117524521
0.3851912695706872
0.5005017629250157
1.340465608013912
0.2685842732005136
0.3967938308328856
1.0065716384018164
0.6051272366260828
0.5267666598272733
0.5659422415277158
1.251144671184294
0.7003821522705729
0.9215862709511422
0.9575045569769279
0.71853300029396
0.5420630309124248
0.30004604438915994
1.3194810475309282
0.6811656888326638
1.001025832034655
0.8237912283571015
0.21846958095717361
0.5774235715087296
1.0317354687899152
0.0903937691669191
1.0769224368257115
0.849842901632023
0.12489629126501478
0.6762240179514326
0.29384628156643733
0.8857379544925507
1.4094949758663855
0.7507048395386309
1.3857157896652335
1.035093572786605
1.1998619969222435
0.8108580304537254
1.302399580003779
0.969045053177784
0.3822220670929264
0.7771299385009124
0.7035388664836382
1.3848243411176346
0.38758958224572315
0.9569727022432368
0.7736796982936823
0.5479403648985575
1.3664126656558386
0.6297536444132082
0.6151420526501501
1.1625693204157135
0.27786415480078475
1.3756647813508676
1.3047755913225394
0.6673325778765572
1.3995113794898646
0.9255099759346784
0.371389508304062
0.6264185569411617
0.9282222563992709
1.2716239451459492
1.0675283579957275
1.1841271988972095
0.7883072711158376
0.177143438041236
1.345509615415692
0.3667944264322754
0.6411684635760128
1.2596272495414629
1.0490742194267237
1.280888315665618
0.7959207781403207
0.6689749016353066
0.8289643833376961
0.8408641497069372
1.0217252684058067
1.09118412765888
0.10254208520583885
1.1834708480153047
0.2551682170273042
1.1328718675801015
0.2971872243831136
1.0868848910336582
0.04507341769818485
0.14987869492771866
1.02415734625747
0.6956822376146963
1.2047214762265883
0.6447994365656531
0.2331555787371532
0.5726820764051646
0.34068405612598796
0.09263095358332185
0.17723262534168682
1.2338112234085383
0.010889130348090137
0.6786525237848893
1.136613617096737
0.3734908831292308
0.6192280827929146
1.1989917238485448
0.2878471023297525
1.3511850186860546
1.078142772697433
0.7414654547512137
0.7870735724541066
0.1053847451495531
0.4987605807057279
0.7617042051759163
0.5462998424664961
0.7214016290468548
1.1323789427291135
1.349080676437369
0.19107597001979115
0.9922958188114362
0.36803933097834
0.4195702231539461
1.3088014519262978
1.103611283338079
0.8996671119446582
0.281603550382284
0.4116231784922418
1.1628297774350511
1.2711148809503068
1.305729603963842
0.8649575759300904
0.38805215375411994
1.1687374299418523
1.1272288699559638
0.23011768768602614
1.3037522562875834
1.2525312920030691
1.1405347190942745
0.3710061182031669
1.2223836713476204
1.375297236617556
0.43783677299306867
0.5392860678019296
1.2271529507508898
0.16212970406115168
0.7906904727489644
1.1234910241986658
0.681671199900149
0.3244317083708148
1.3243421796643162
1.206522429034841
0.35794982545898457
0.790487549303412
0.11945218703863825
0.9391419510092467
1.3842978366992003
1.2519333516209408
1.1409256588285783
0.14569516230822188
1.1807834260078585
0.5565380408013457
0.4711947082187481
0.09157483864637528
0.2663235858277666
0.04451590630389024
1.1821408453106574
0.7044074902525228
1.3735084081811089
0.33662676833905025
0.843035346142183
0.41014329387647475
1.1290258803971263
0.7082974318211832
0.4776445423990294
1.0616636618710555
0.7241791954150358
0.4745854697691569
0.8131553014450839
0.972684661085124
0.7957571625211174
0.8149679120466135
0.16115684977109368
0.8275005822149429
0.1870807622320283
0.1775356973382356
0.9597571079406604
0.9072392895364781
1.1722406401184453
0.06417708537655775
0.19854285747364808
0.5643233250677304
1.1993790090459593
1.341566628308683
0.9883411989232398
0.10718670003694608
0.8641543070802011
0.5098116604471585
0.08456249603065447
0.8366243939893481
0.6857673614453403
0.8828471484105778
0.5323239853457198
0.5926756252935506
1.286538398602806
1.1213649256030263
0.6576083295713073
0.7757367822612581
0.04991435859844129
1.0339088701659724
0.6406205516890473
0.7792901163191213
1.136525752929607
0.34925777083452764
1.062280055232554
1.3748075811777543
0.4791621866852527
1.354649986167325
0.005194260696583464
0.5333312234943866
0.05010697534290587
1.1745714021768836
0.7344744845466323
0.0998808892947658
1.1969649271820348
0.5092814779784112
0.15775909540424093
0.6297147564832049
1.3139695135923783
1.280742514706236
0.30833541847351165
1.1905554427437952
0.368377332347459
0.18407329492189228
1.4084650980760234
0.11241981794656253
1.3026359315190408
0.24676259660580346
0.8649158238451572
0.7952706952542217
0.28022236721558413
0.11308827474254646
0.21393495241602345
0.7712924950464708
0.15872693944824123
0.7808328286405093
0.9572254315136267
0.49012340218027606
1.1033638594870085
0.0068994502247047285
1.2351537257048952
0.22986778625154536
0.03214550942213823
1.3556368441136224
0.6944225175957899
1.2053990993726955
0.8586643071844857
0.2060611391176681
1.2450222464140008
0.7474538632552081
0.267257217320641
1.2730734743475838
1.3248915196649538
0.7952708920601312
0.18554992820739602
0.2355847131711033
1.2347136031482573
1.3348207170391282
0.4130417123043016
1.3994164103599895
0.6121939403320477
0.8708203566232156
1.4054773980318898
0.6738468616426836
0.5700331470481076
0.5405187175190003
0.45730891322295164
0.2176117109736725
0.8951419784343895
0.2817438276248825
0.17820639320123122
1.1843383839930441
1.0647776498922699
1.0810808283280697
0.32035590632761224
0.24651827757705935
0.8724868869256013
1.3045792891968413
0.37357815769871827
0.25375248148931784
1.0575651721322346
1.397655572102984
0.6861745552781021
1.2947462638303098
0.7865044427440576
0.0634118133779491
0.6245660279634855
0.14828819057063392
1.1105772244102188
1.114917719331213
1.1925533918186755
0.13091370753940845
1.0632325568944654
0.35007854993937243
0.563345800950239
0.0096921202558381
1.3877789720385754
1.0720225954242995
0.34677720416833036
0.2544629655601087
1.3786484937057901
0.41735289393121533
1.1911935683704347
0.21146243818184762
1.2372380419901254
0.8093078897340245
0.1131144393047212
0.9246350511154638
1.062363212620773
1.2159580362978635
0.7240201457805293
0.5685744014144984
1.366580154097428
0.11915117359528105
1.2271900057073757
0.7028677730127166
0.20511956386043717
1.3075630604201591
0.48482108096735316
0.8299882044866861
1.0552888884110194
0.9460533706485865
0.6540990460181543
1.3589882288291517
0.9203716764633978
0.2931119266528288
0.7404400045083017
0.9337024693708096
0.6526773701805384
0.38816714925148
0.9107569520052391
0.7255278586751885
0.31252095016760884
1.2750940351207247
1.0444305309175412
0.7100246297825838
0.12897257011240593
0.49866583892309785
0.03803090791685737
0.49147063153100234
0.6954330931626979
0.3124574076254404
0.37507747052821183
0.7894542581921979
1.2264473949603438
0.9158272269418569
1.2450767256575639
1.1371237902582658
0.8841848606231208
0.33295905794205805
1.131352198721387
0.7302674903753047
0.3009121638891573
0.39690268471517787
0.6546449619025781
1.3888236967624283
0.11622490272441943
0.7059256325288084
0.4077618453946679
1.3395851209528156
0.5161264485333821
0.4899581021619271
0.4644986216220089
0.8809947774923566
0.4211816982584434
0.4440422227488905
0.9610402705792583
0.851183378978961
0.4370311233903929
0.14773150339959884
0.6409592089370182
0.9375750458216386
1.317682065245029
0.3433942678141943
0.6113470554181218
0.1151519566872502
0.8422039071292775
0.1581246051487416
0.009864275884977403
0.8315516840040551
1.2032441625780583
0.26808498913360657
1.0087592543998445
0.5158313735966218
1.3515431329523038
0.6571129992139416
0.2432580391050444
0.19688299656081043
0.4327502484126748
0.593148043340741
1.1115980471746152
0.6901472090623751
0.7933705639908472
0.49977067045769913
1.245030333390282
1.2269660475635265
0.7736202261372156
1.0769141014613939
0.986835339887782
1.1592018648039448
1.310909510105327
0.1983171965270799
1.142672519246279
1.1113692574587348
0.503446982761701
0.9407384855482853
1.070852110024977
1.041765026348453
0.04387433531495455
0.3765159391371046
1.0527983680055755
1.1703316816572031
0.23026784043106507
0.15810821861946234
1.2343634780519575
0.5662867229530535
1.2858433706073542
0.21873867075383924
1.4073894110095533
0.7268457727253863
0.2637625651361032
0.2844383358967205
1.2576168263453928
0.6072694550759037
1.2806910957829232
0.03953711278327199
0.29710722442138426
1.0667862898168374
0.30060839011325735
0.11376759705244044
0.04063488303892904
0.28679882405952895
0.19605747381075145
0.25730971277454484
0.31438892785129546
0.8327933322228368
1.0967283630884015
1.0102492650035726
0.8108064372148619
0.45128251475423503
0.28580449192971247
1.3872092748920002
1.1490218634741223
0.648797724047161
0.7392492840440817
1.4113862503956836
0.9428150896212273
0.9456256762676247
0.5691025144455935
0.6971744791832168
0.7689739327188214
1.3953472590943155
0.6673989718305189
0.534967473384421
0.487630124172873
1.4032674726154475
1.3586575429996701
1.4014745843361223
0.6331718827517311
0.610779096075749
0.1820262853187372
1.2458811275222474
0.9433623204795775
1.4121981563773929
0.11679862244935935
1.337926601889523
1.3573779651146514
0.9344659472954309
0.1538510092678662
0.686092454795435
1.288690208109655
0.24507877132588884
0.02596008683573947
0.4011085258242988
0.7065586649118504
1.0607067326021267
0.9684337138819037
0.7866627452345379
0.9813632883352912
1.142538521532878
0.037065251791222664
1.087268724836255
1.202015360945242
1.2125181997777976
1.051358549062909
0.35384636899398714
1.2537594644514942
1.1756797517299986
1.1742484067628682
1.3034898937311965
0.7744683325416656
0.38225675190941044
0.6048470109646569
1.206622074097138
0.035220178383181255
1.329624108367872
0.7779567473995381
0.19462865393520057
0.9546759572823651
0.5543442909120273
1.1072755914666605
1.3808633341075724
1.1130400996620975
0.5886481754272312
0.6407922534915425
0.37032210600772014
0.4750620580862485
0.8045783355251845
1.3801797497210053
0.4790279648615772
1.2105510509084163
0.1427197907885559
0.21611703828192763
0.3574271694310375
1.0280650189613896
0.9074585873697152
1.1039043458853788
0.683014368804697
0.3822178041931297
0.25322636931646736
0.9528699158649216
0.1151038952446074
0.17895121387492263
0.46111634881768343
0.4404332769595504
0.9173624645906575
1.050682761928128
0.8210466395913792
0.444210860268271
1.2473906794877636
1.0569894957040142
0.2261037427006949
0.35016373614303736
0.7300618431186199
1.3003020280784405
0.6464498133541623
0.3882200219943236
1.129792258819756
0.6651630877548804
0.673885928101795
0.9408860843183877
0.21192896163124764
0.4083852864311866
0.16238952350313818
0.01610712939001091
0.17572000188769177
0.36827835617086496
0.975459873836537
0.008140063298034406
0.9593970031724229
1.3834806073768742
0.8171269158011714
0.4503034127821013
0.3027927838966865
0.6983996458940854
1.0016501366979107
0.814128082328471
0.06954509167671385
0.06614522678420898
0.0876147041719385
1.1357599369763827
1.2232734475267621
1.2069644610633836
0.8192009389878316
0.49475843372654976
0.6375429672238926
0.8158826559461106
1.2352279717994548
0.3116547613868579
1.17032587237521
1.4045375030584317
0.23001205133910907
0.20051235120579336
0.8350499377898973
0.8660456410186195
0.5687426869801568
0.7734045866033807
1.1413798640321242
0.10517771318520086
0.5772157873985309
0.4995760844519827
0.38599031804664535
0.9557894039997115
0.1686297177404914
0.4855992809417377
0.9207439948647158
1.1777158508397498
1.2239339998702068
0.32766539012542806
0.9588304922630743
0.19917200610686925
1.2716520945682876
0.8336488683995197
0.06787429110368703
0.5067157047666843
1.3702801670371905
0.46013109555257403
0.5625299287143788
1.0001711258791888
0.519709862043278
0.2783617958018554
0.5575313661639113
0.5067713285870319
1.3002909106061349
0.008835284130346732
0.19551382313646315
0.08269113423161711
0.5896468783296349
1.3238673202950402
0.1603721421140487
0.3018697127704829
1.0811048554395324
0.40708374437431766
0.3722906324063175
0.039133704195347674
0.8119966008289087
0.19138457586275215
0.055215638924093535
1.0366737417955418
0.07605105629322051
1.2421640845964632
0.6072797674218197
0.2842154703784411
0.8154350827718121
0.9121570453060789
1.225667494046152
0.2337986862335807
0.0686236054157493
0.30002594743924704
0.8363080658427483
1.0430283841703232
1.0225006897580604
0.9932413079475328
1.2203813224001925
0.6699045048209761
1.317717382299766
0.6407045651802441
0.5488306067366104
0.2638863702918838
0.49224819167270223
1.2091235522083268
0.24522214396506692
0.10961954639009497
0.8865880018524909
