0.8587598874589463
0.614959176289835
0.8917979513870633
1.1331625574680129
0.3758195290754834
0.7705652744794116
1.1133620937619044
0.3365827277491428
0.3747208977957693
1.2886009238725684
0.4465116175091831
1.2502906021352302
1.3060079291983215
0.8338864943223084
0.4474021310652729
1.3490150098105778
0.6073061467407139
1.2418452328879763
0.5542032933887739
0.6284529445326579
1.1230277868604372
0.813342685052221
0.16639042404895343
0.10249349947018604
0.9930776541065509
1.0496900630459334
0.8661719401769902
1.1250836462722023
0.924781296697194
1.1567966931956493
0.5879021407019471
0.6773329280998841
1.3205948158038991
0.6947995103197802
0.5100212438241349
0.6830844719900625
0.2327142483953677
1.3484297596145496
0.6610530381697922
1.087042714440993
0.9186246477254076
1.201325329707536
0.9463841836947463
0.7656585943221654
1.0649952770157682
0.40993425362114977
0.12556167201493462
0.8837721612101939
0.6742640954833524
1.3127294173955342
0.8445938383386309
1.368032747573526
0.30141322080294874
0.9013158025409143
0.5139564166301529
0.6582523089340011
0.47205289857633204
0.01970458431162503
0.7000751984830892
0.2780068947374088
0.5464582963648612
1.3226821716440613
1.0111676980931343
0.20081262943493128
0.616572698530581
0.7072491227888364
0.4948031405209956
0.22977265980261896
1.1232434172059214
0.9205369392864664
1.4110763460509368
0.971765560785851
1.2642233080687661
1.1948105819637762
0.7238252084589872
1.04191895259663
0.7805036700016098
0.7505655010974304
0.7132359644355543
0.6842944956593293
0.33654802324340016
0.9430473302356505
1.3688782849990326
0.16254340664745248
0.7254402385889064
1.245799426222899
0.005135628657976454
0.7474828910690535
0.5258688025050791
0.5096854624634156
0.3178740484710949
0.25203498260868906
0.3872025411602709
1.247003543644778
1.2120049821965508
0.4118371623563154
0.8114119493822235
0.48882111098406983
0.12841623134540747
0.10038491264074945
1.3761126726190636
0.28241060837372844
0.2896785337942752
0.5769367128286298
1.1985023636672802
1.2556608455999503
0.6163457187942942
0.8490874061853279
1.0254760188156415
0.46202425169547806
0.370476441272037
0.6752465613964624
1.3890577654505063
1.3613739907730822
1.3628721105406305
1.3711794220326565
0.3989173839487507
0.5051311640566811
0.3004905075358958
0.438915888462481
0.7034045629207017
1.2263001293778288
1.1334771334947937
0.4583315843737719
0.15564303497740428
0.4947413509080535
1.2010872054437072
0.4334785626014557
0.44421478000102255
0.03833923987664978
0.7534649590450302
0.15142577676653624
0.6044846171315639
0.6271446135622326
0.7764456506761023
0.9931704638487574
1.354180648623429
1.0522091612824935
0.4471449072356494
1.0496952715671057
0.04009442146735198
0.6920167635338167
0.44966758049805555
1.3022094333416692
0.6786671671512206
1.244497261546522
0.30643499173795274
0.18059958624559802
1.3242768444439619
1.384040902387857
1.197323039682173
0.262815508969804
0.7422755656138331
0.8890828419160185
1.2560195469277993
0.18191330612492684
1.0739629931124335
0.021020015520223923
0.2836661944734581
0.7462217205247461
0.8295514012437252
0.47987716117004336
0.08537510715247687
0.5831812340010527
0.9542765861153311
0.5760715536456995
0.8504861032845501
1.0662051146722864
0.277619919725667
0.3730758740582331
0.4753458819464287
0.1181484755753528
1.282970362000234
1.050457255307966
0.34706185371328674
0.7527949214216927
0.08843755088853111
0.2598961668289915
0.43453063834791883
0.8216186413779384
0.577653966173004
0.28770024583465226
0.5953690215316549
0.7189048012839179
1.0762001665249228
0.32487574184906853
0.6209744736724201
1.3537134259412418
0.24322278430087063
0.7839295482883063
0.2807566234972635
0.3573153942979204
1.3853161858897132
0.07198083919062126
1.3160344694680417
6.064902374837144E-4
0.32723371519364786
1.2368940602219807
0.42509970454922563
0.7324424202020854
0.7129237005991854
0.857872437980867
0.7532335534453268
1.1273317454736047
0.49210885844903635
0.500251426966654
0.16735612201852068
0.454786738502288
0.33749998110399204
0.06641512357326018
1.151021750519039
0.6391276706819626
1.1545109079876714
1.1121968778792017
0.35353146931366763
1.116191665144915
1.0944861615740846
0.39938068563206236
0.9042541881147294
0.8510522511903414
0.6030621463317083
0.31714177117124254
0.7919070854282317
0.4449196569330094
0.6446832195314686
0.9758194606387598
0.6555204439113698
1.1121546119900942
1.011828190698059
1.1045644230742653
0.9582485417087162
0.8961760091244734
0.7182613967342064
0.6965765989834296
1.020858891798655
0.5770875640693678
0.8325203262858671
0.9272634302921158
0.7632307335769636
0.8072626621010615
1.334222971739163
0.7765271442848515
0.24792659236465453
1.0779832217813972
0.37376764410624747
1.282711812277622
1.3531294114655075
0.45610351928300863
1.2987378504306408
1.3284818096238729
0.7007873230443546
0.8357330693727871
0.416296538201213
1.142544881866113
0.0666751983004793
0.9340716988067016
0.12972275061522653
0.887273490026462
0.9872962899938282
1.0899263233420973
1.4139331517463187
0.6050278272644258
0.6727465756361569
0.4348194483286131
1.3248460691312491
1.2686994304214678
0.006251498328518901
0.11288144446344894
0.6531065699219464
1.026024285321547
0.5144727176402797
0.08971133668025288
0.17324816935866616
0.6692851862851286
1.4030926296211201
0.3758429667182757
0.3706145604557256
1.2410689951626808
0.3180017970432816
0.782247392319931
0.8186298943084961
0.059241456050546315
1.2279967677140342
0.9619749509512805
0.21802522447631745
1.2035023203865374
1.126403923460937
0.3271170772339038
1.1132603990513297
0.2046865016079249
0.8993247071174911
1.3643746042033653
1.0085673153237846
0.5171243944510349
1.4113683002254085
0.374573075761055
0.9223532889804444
1.3820750585707935
0.6395794490648046
0.7183355510539927
0.16968334766794657
1.3719655178265042
1.089954952379019
0.1830392625340247
0.7565806013102676
0.8905100349775666
1.3484744388753884
0.2018054340315738
0.3159608003861276
1.3813197833565178
0.5400377076061569
1.0532815563497675
1.2313086323825007
0.48414115454983553
0.25188834977234276
0.8214231815845626
0.41379712839937005
0.16584387372428822
1.370219572202947
1.3023634280200205
0.5806504795794776
1.0672842602527202
0.29577010295674744
1.0840889015236503
0.9060541372196858
0.3186111473677027
1.1180287253924175
0.01886488958132304
0.543874048229775
0.11854941704976052
1.393628294603098
0.5446079194822879
1.1917572558211593
0.44674895328206
0.767077975263119
0.05097052251524525
1.16081442648686
0.16384762315016843
1.1854430002918606
0.4318787244969511
1.1983052628069444
0.7013041548512723
0.6643084627659908
0.4304318369416552
0.41816856701720023
1.3363942691491544
0.47800243146317645
0.46151583485244285
0.2574916398948577
0.8327355655927268
0.7629619018594911
0.22047030236680099
1.030380073369306
0.7421967360238847
1.2655223143293002
1.1255833589796154
0.3444814052157245
0.5455329512654072
0.17656707354579115
0.6196816309344272
0.7030726063926611
0.9727311561026477
0.3785211566776938
1.1935656042758396
1.2073815080857555
0.9409182234633232
0.28977786500692504
0.8327560421830312
0.10790232525003096
0.8257656582785518
0.4610126770493689
0.8876637215862467
1.3469133513851734
0.4528716060377725
0.18569264413731656
0.6848591028579436
1.216421745125008
0.21851092998235344
1.1357026969306492
0.1243298133343489
0.2820727927436497
0.7764722347872723
1.3053298917787062
0.5514117906209419
1.1918601113116538
0.24123612779310566
0.44101533245324004
0.24122789620405327
0.5422533853173217
1.3092800717085828
1.3983731602803773
1.0697381281830975
0.7139199590238405
0.6510781804289032
0.20401926676126314
0.23888859600752788
1.2762879643501617
1.1262834304370757
0.3959658555809439
0.13103589603974097
0.9286424285095984
1.1000273325991385
0.1812783647529832
0.9566877942630865
0.7406989084740443
0.784703172149885
1.357755444113773
0.6806800119381003
0.4158473129746873
0.41102888485785266
0.15451754955585129
1.2857961522782397
0.2068010959002443
1.0601003321382139
0.08509629129877838
0.22758258498501183
1.3391864493592927
0.9737267129361742
0.03170841054047624
1.0244979037781525
1.3111722661946141
0.0396797055298882
0.035317144384399035
0.7882423177342667
1.009070656090496
0.9912053910955462
0.4725745612473005
0.7844487714983563
0.6680066720789173
0.08747117132199267
1.196363747276679
0.6714603047617542
0.009946887906352675
1.1147253460193567
1.3918162037706923
1.127024971504185
0.7846037158517571
1.2624628886777185
0.613879664508948
0.14181316785125253
0.1802977120246516
1.1924217196222135
0.4998491748306294
1.0557685566112764
1.361661262645132
0.7329730228733184
1.3021037078614026
0.6812345798179498
0.17149923330872552
0.36302537354202385
0.8457954453918872
1.2395048241736861
0.5003423739007612
0.7501672635296922
1.3130811920409156
0.6897715182858236
1.0929612949669125
0.006523717898511694
1.1191195548676272
1.3500129961328784
1.3593520504695698
0.4714805255950379
0.27166642500393756
0.8297836558519224
1.2589402103627938
0.34023574982515803
1.3778113517901316
0.5525312921031198
0.8966310003615768
0.04233018513679232
1.3918227254140931
1.0008843345787373
0.8461489966779477
1.2145381917173341
0.18395014273467492
1.2049327588856251
0.5453594356846252
0.3252865339624964
0.8390902006741454
0.5715795550988546
1.160898441143849
1.0176327002461056
0.7113173577251262
0.41464374188651276
0.9934030757135741
1.3966584964264968
1.2955585608656424
0.4616219575528567
1.2846823867251524
0.9140520017082385
0.9354561561840745
0.0251308852583505
1.310229923582432
0.10243785397507232
1.1217654692158072
0.623062989345315
0.84236781460328
1.2482662045220192
0.7193215466225933
0.5399725984724928
1.3798514710629854
0.3685837773982939
1.024440200007275
0.8845651048151223
0.07503755409937729
1.212853504787263
0.06755421995371558
1.0366080470505399
0.055993742475538455
0.4446095679056326
1.2298700850264424
0.5152126207969088
0.022542173820984668
0.0753208147773079
1.3869005280075908
0.4892766666195436
0.8935794423988761
0.0493208739995209
0.6357501575935866
1.1409456153736812
0.3560339241334619
1.3158672727843128
1.3667272688014445
1.177549931147364
0.2970268014530545
0.5892210043685269
0.2168393308571922
1.1788586571744968
0.5085037391059173
0.08123059008896805
1.0500787291854985
0.6144271763672805
1.22705898643934
0.4197052996627782
0.7651764518450602
1.3313855156978351
0.3886319904347475
0.6814696112962564
0.35672105030833007
0.5320933985255227
1.391236951702311
0.6340519807401086
0.978032671173894
1.1347089705850075
0.23349737306359875
0.8675562739412189
0.7191794113263403
1.2799413737512704
0.5939407460211552
0.47364089919927505
0.7759965873759642
0.8444276265669122
1.3125563534688418
1.0271173126114819
0.05305373631178578
0.8028186709490402
0.8882810686712913
0.4718688841312739
0.10636468393744258
0.35419800732265344
0.7353692254979057
0.8604917145035043
1.0858695590407224
0.7217525248998612
0.04405504776276403
0.626563479499034
0.7676221193003172
0.9527449550358976
1.131776594458349
0.7166528972465529
0.5393216020649781
1.0845402252908225
0.9265357788099948
0.041129523820925384
1.2314716123345457
0.4613885870172896
0.7292599481966966
0.5536414279145896
0.08512832578354201
1.2320808906360883
1.3492989556899302
0.20472764767918128
0.7103151314180302
0.7596087983506732
0.8318391628426327
1.2989868435007386
0.025692228391227534
1.2317756998107456
0.32093518397321696
0.9589901904585536
0.041352151839590845
1.3133506695313546
1.0447063978188154
0.9506517479652674
0.5720654263832592
0.1084728817703462
0.3856542116360655
0.4948782542266604
1.3462445345003629
0.9454510355198936
1.200130904045733
1.0722884257486183
0.15050771984114297
0.42779043680172757
1.365799770566068
0.2725632004378674
0.24585124337664022
0.0682241275809301
0.5782245420829848
1.3604190447249531
0.674685305577601
0.5459237417939334
0.13061845470872546
0.8853152885927943
1.0723845225988649
0.378043863145553
0.6787899784892399
0.44330624330843826
1.0286743143911319
1.1961671189809593
0.3756388044562522
0.05420600302590217
1.1585120042040666
0.33424585943338037
1.337302933764879
1.0850346482591653
1.3488935755234746
0.44812858179830434
0.7003236317830759
0.24651225073125282
0.6780967447966332
1.108283493621047
0.7469703445609023
0.7691856309754503
1.0918524481613259
1.3677550638175906
0.21676765914169727
0.6000348548194482
0.02348113014150932
1.0548763316997876
0.9945667395086952
1.1234464087045668
0.4778121873588521
0.5623722894781467
1.0845254223697174
1.2574413326285399
0.36410364624488734
0.6508225213905062
0.045277690691265415
0.9554966223987749
0.5926534610294838
0.9205757564653868
0.6884227110222731
0.8800029953715995
0.7442305008792913
1.2529570664418943
0.2282948495069521
0.2924390081435051
0.8494177910175573
0.7909632960391375
0.6687635261267814
1.237346721488682
0.09866799663088577
0.9546349942656689
0.41054514006298914
0.07646013771234328
1.2754696343667438
0.5969051093389146
1.382277047087739
0.8538768882003168
0.6746310848752517
0.015914533576739
0.7006968567342916
0.9575736105722348
0.06367427159659633
0.6004438157893098
0.43249958511858244
1.3047085661105575
0.3216237852651602
1.0365356316589112
0.17689929338943178
0.5141075302446267
0.05569112587257419
0.3645083469841441
1.0674937467941181
1.3452927974272373
0.02928671697090668
1.1737174919199518
0.7481954075516724
0.1660721539497496
0.8629159047140755
0.8900950263424988
1.0696440457240801
1.2868966556988954
0.774656363238281
0.3310170319297261
1.3741612810809243
0.7139776832079036
0.7838475329809611
0.7139148911062744
1.0139088330565575
0.8535977598513268
0.4074538035370121
1.200623196441096
0.89642731919766
1.0625690062844568
0.6247745574009463
0.6596775401955596
0.5394374156123578
0.1666832592550891
0.8642314458249576
0.49986036962320624
0.18951629298824635
0.01765238957243842
1.1383505957552915
1.0361914599486788
1.0390030806258739
0.39444950890917857
0.40753366649872413
1.2495051762726876
0.27588123591916036
0.9087049249627797
0.16812698845166618
0.3327299317820157
0.9139838604292331
0.7972540194800152
1.0248923991380563
0.4231482980298272
0.09873726333889854
0.18278125497448572
1.255655367335672
0.696122751517025
0.07890270777924746
0.5950080715117162
0.046056015111132664
1.1577425148080676
0.5567124994992827
1.203064858077251
0.2828523981479585
1.1348099750241123
1.0245700379044176
0.3115908775551942
0.029531204327682747
1.3829435832499817
0.5278625926441949
0.7508086689706129
0.05011564496645127
0.675800299737912
0.7328737823960881
1.195467943723192
1.3392992759630449
0.6276913038028529
1.18199082263224
0.8619274978025984
0.09531201441213821
0.6683846773127289
1.2613984274671937
0.45259465770010837
0.8634010804765397
1.1417088614133686
1.0213048715500035
1.0091259601914278
0.29886542155987206
1.1170706791929244
0.6282605469095651
0.4204046953465825
0.7327206076479114
1.151524301186866
0.11501295537615819
0.8908499723938537
1.0428705762284918
1.2908972522594244
0.7647698380920509
0.7747883044376906
1.1726516604426367
1.0652245475412625
0.9509493069063497
0.24015850168351882
0.9527760000010368
1.0081629681487472
0.22758518362862445
0.790561592387839
1.2272451185122215
0.5401061437484098
0.38736071256350935
0.9392886311558287
0.16759744353297668
0.30704550018090315
0.6205486833818176
0.09316846044849292
0.664559280112248
0.6564313937170049
0.9865905564630734
1.372207168495966
0.7476723418876595
1.251126957612337
0.5930776588674236
1.0831545767594557
0.45990856119782864
0.03228742669900264
0.5908138961500957
0.6210513195155878
0.4641332817224644
0.47983334942287736
0.046248186513760614
0.3214891195445613
0.2118945444978373
1.1459925089084742
0.15693246890454604
0.032055536108921534
1.0181258794351582
0.33145010353851445
0.27885904526492433
0.485343735604434
1.0844258808975535
0.714809314567544
1.0882437315799247
1.2013393739771283
0.3731396527128774
0.43491467047754967
1.2452771094105426
1.1631647663632183
1.1108312219063463
0.20339971630044595
0.5660355152309273
1.1101713511597362
0.5616280071812633
0.47713825804618704
0.35381722565346985
0.620328554328752
0.640553180278789
1.076430376535182
0.7616648982219124
0.7356749504949314
0.9874991777773726
0.994002117425542
0.39667669061598376
0.16169854639154657
1.3614635378174675
1.3004157409717885
0.3319457720751158
0.9681058699291346
0.45943785237511475
0.5504603934880152
0.5990929959760727
0.7784273857586862
1.12269787888729
0.7564493634427067
0.935710268825829
0.8875099792555794
1.3171322708679747
0.6323868658833611
0.9859160364624321
0.40457658498402344
0.1025461148458936
1.0320988028267455
1.2255051167494775
1.0267497446458538
0.6617639980746011
1.1677811319081721
0.2765309603886409
0.8171181429697911
0.93859150045696
1.2275015447671218
1.2003940424978152
0.45366011004136575
1.297077316323339
0.3628354084600944
0.04902750002797318
0.18024515952327125
0.8790812685863251
1.361850126860546
1.005718305801537
0.6091885975612426
1.2011538846608538
0.8167675873369186
0.24510601281041067
1.069824821712199
0.31250085794909876
1.1445836966508245
1.3883915415945922
0.9708074603573178
1.1481098060878117
0.014892158975706393
0.3341235985894465
0.9365379525410185
0.7135505650471727
0.562011745991553
1.1207222990747971
0.4457712469913787
0.24144127144994798
1.3756483540738378
0.9010719052146627
0.221021884053332
1.0410176242941327
0.4220509086636182
1.3727233526933906
1.1221157342188572
0.8379869236639187
1.402948400206415
0.3207159538612907
1.195835921640976
0.7769164863680625
0.17323995340825893
0.15847258664838282
0.30688438834533904
0.3362329145258214
0.15120818192214458
0.18129744890570632
0.5219683130390105
0.19581957473129485
1.0425747395432943
0.11928107866200932
0.7714324927148384
1.2529615039243043
0.08779488788776157
0.3926277473922618
0.8729510340646294
0.45096516140107806
0.09513688757639871
0.6559291327667495
0.052037326698254005
0.2535259463632491
1.3827799501395535
0.2958209691538114
0.8277086004795725
1.3791858306055416
1.4131207574467948
0.011895357201388013
0.42244801295562223
1.3923198783155364
0.9730030867860617
0.37963321922030674
0.7094435302564003
1.412235140965464
0.9442770528957626
0.03984738989580894
1.2874427538310433
0.1094298836610954
1.1240539277338866
0.899424114161799
0.632921651584126
0.30957779250571194
0.19023995102402058
0.20931115778641007
1.02527426308515
0.2682937072963044
0.2501596539032983
0.8996032926334175
1.3819525050722343
0.19853546536094568
0.3347385181223004
0.5987830236083659
1.248941604633214
1.331548903912304
0.47389494517934055
0.6056985053812901
0.756850378228113
0.43042326904170486
0.6561815471885483
0.5031526909114918
0.9499666308905858
0.32283439827295113
1.3402544663969083
0.4119686237455095
1.1915518066635615
1.2549283411921621
0.9134223858407196
0.2998614945589927
0.2906647425312796
0.3423174695749789
0.7840033812737472
0.639554481007556
1.0917703376721233
0.1668170075440757
0.9301050989558343
0.8691240806164577
0.47632158139709585
1.0387608121279492
0.75413907268065
0.18274482509970524
0.9951871818753416
0.46051669655581695
1.1593211125776497
1.142105627265842
0.20278354063497706
1.0928484851425377
0.42702175356995514
0.9137447108901376
1.1748865931997514
0.2979559953328099
4.034436325325297E-4
0.21857367880927436
0.18192678845881405
1.1300041892499069
0.19354333525009504
1.3919687141016488
0.15465770134278412
0.8898906582493227
0.637030765216216
0.4509471164870049
0.5046278865922823
1.4082465143325096
0.22097059733049917
0.4825948956553362
0.08949404804278083
0.5773063052190691
0.6766012671545797
0.37533423652081516
1.216582576775974
1.2005018548888298
0.9458077700059399
0.8727456655467811
0.058127041842678584
1.201259831339573
0.09732765488713069
0.6679680409335138
0.8282962373492033
0.8005136410451841
1.1790054682607631
0.7223759324511498
0.6460957554599295
0.864822103054636
0.5385669392292656
1.1268128974770533
0.15013110892134296
1.1302398231829638
0.2689046916053348
1.027663735534163
1.328602927416879
1.291368166084793
0.9356332444114375
0.14859970808554845
0.2477322475087942
0.16876078089379454
0.6467980508120402
0.1331302628481471
0.8487340965325618
0.18528342415544208
0.8807426940271055
1.2603576552274278
1.4121646527033085
0.046089079839550684
1.3370726902000434
0.6416622916186978
0.7727954221374036
0.5218586933421531
0.1341994793919642
0.4477060937263465
0.4353517836818596
0.2802791848343764
0.6752514527560658
1.2002154054704839
1.3326994867654807
0.22839599040426461
1.201888272384259
0.9871146240891803
0.2780588054094959
0.978391531635959
1.1121271139422735
0.8058675736439725
0.745583317990535
0.46484730327467816
0.8639058618408664
0.6408618495538827
0.7465028967112882
0.8766379222819148
1.2206343306646044
1.3070783041428689
0.3468468021868845
1.3351086215154004
0.7517649571368652
0.3754685998478512
0.22114104469436713
1.2788712726963225
0.31781749373382484
0.9345802432431357
1.1206424931532295
0.5000912577597603
0.9374133546832794
0.19286853267410775
1.1109597095497403
0.9237500484904263
0.8309696813407237
0.7143063014216156
0.5245507795016768
0.14988107618296165
0.6211189089825782
1.2003720376410518
0.48510812083860555
0.9635455470762089
1.2695584848094517
0.8321241156341594
1.1330661625891272
0.20082062064313155
0.2316863931312665
1.3550405557100929
0.45348587946726704
1.143286466039679
0.878469142986198
0.2361955710425766
0.597453361067675
1.3099977169639034
0.8626753543802889
0.6509635826411828
1.2586419752209048
0.44740219564525724
0.8898995527646693
0.4946935695038069
0.17718867064343902
0.508310687148166
0.3158226859754917
0.6962677539778255
1.226313853990215
0.10582725833417461
1.1529350963276723
1.2760280046542092
0.04914246416681922
0.40925673362008347
1.2077965309851848
1.0981908551955986
1.333898549555589
0.9520446231560284
0.8858575290243035
0.7199796711360106
0.7050513437162497
1.0964292254852908
0.9566855294020548
0.33248139893804995
0.2234589782890335
1.2674940972042392
1.1681398446509137
0.8480112354017517
0.3330743733143675
0.06901949704182175
1.08320623427871
1.2551362726976611
1.3515035113043887
1.2465460694632096
0.8710404641294145
0.9202707088860322
0.8547469663065013
0.93185056197462
1.1229651171782273
0.0671034666631789
0.4435715358999531
0.2612999215408366
0.790121168214715
1.2943375694337753
1.1472903005648374
1.032850380710515
1.3311181583865856
0.7978224199525416
1.0459277000992275
1.2188261292301745
0.9898678935310564
0.05779738401130141
0.21211632933688152
0.6981744489943752
0.9148003258393769
0.16878734267521833
0.28409507325981076
0.6924372243363822
0.8428161543458714
0.7369560438897719
0.7309955925470875
0.4268853359794984
0.18690767323438762
1.1369421725761082
0.7907133338158148
0.9769293829084961
0.45488085025755937
0.2851939593245918
0.0872314781824699
0.9125001477052567
0.06389826321404912
0.32931598014609953
1.1176535499016378
1.108947218821522
1.1288115816734021
0.45278814362962383
0.342837318425426
0.42000821832927576
1.282262902368433
0.9204586806537245
0.5115459746872509
1.0175571741566394
0.6608244123623354
0.047556093836846336
1.3763824419635124
0.8121583243974445
0.9824529287389373
1.320077986479123
1.249771784335483
1.1319860973650695
0.24149614952794696
0.9748335770738954
1.3472727512700806
0.11096048971693728
0.5514453079533193
1.0322259555745505
0.6500533270979449
0.7939644477453897
0.8549860472395371
0.8598218071531047
0.6428758135326625
0.11656328261545645
1.2008010328447798
0.15974416409530823
0.26422844057276706
0.6382465902021371
0.10831919758789144
0.5302597364333577
0.15652888309219393
0.05118798349702425
0.3809304532302145
0.5095405790715182
1.034055484801592
0.4957406660623035
1.1702007645216983
0.09452791221358559
0.4012960624400557
0.8063902815002085
0.6946651542180236
1.236060989271598
0.7934933355759205
0.6462035428574517
1.3223620324712613
0.6763067217903383
0.675506602075601
0.5554728231731496
0.11998008179266029
0.3991679004461888
0.7715132878983686
1.3521760874642244
1.2978571235746768
1.21531847209321
0.6816642539656114
1.167099534252467
1.0632567129104187
1.1926206315373267
0.8064810211220278
0.191142012311034
0.032937186284137665
0.21301713380856813
1.1003052662384254
0.06366745971837828
0.3951744274021588
1.021563598967557
1.2176449460452776
0.9324312581474734
0.6702837110205622
1.320736737999313
0.20623172699540882
0.02758799275849022
0.7806354047242637
0.7052476610075837
0.3497780042624298
0.8121091174230559
0.4941309155584341
0.505433370855283
0.2607614040087908
0.6236562555821935
0.08716965667019994
0.6118732864981552
1.100118251260086
0.918293881631083
1.2762906497108424
0.13122502771553968
0.0755877547099939
0.29740052539157114
1.015376413377392
0.4443595253904493
1.295052049786745
0.16240246560851446
0.5945262530891158
0.265007184288386
0.02349131232519952
0.7105229934410222
0.2766692320721431
0.3288968996576682
1.2141764950537237
1.2350744861504275
0.994243186526931
0.9119110680340756
1.3634051408970835
1.1710032485295145
1.1296460190637958
1.179849437506763
0.9857968946254705
1.3469900054801376
0.803464698955039
0.048239861233694725
0.9974330361929136
0.8439054417906763
0.5940782861385063
0.41427985456876226
1.2849862225250288
0.022825557597807244
0.416679570446143
0.6530659754397806
1.1026298580454528
0.23161662838704355
0.38469704745359545
0.5519627666518208
1.1099349012117525
1.3746023813730364
1.3829993043832056
0.21181152118371782
0.8563683487189168
1.2552406506614615
1.0871669202105239
1.067541786705085
1.0791547200759433
0.06656055843093134
0.053407376823814245
0.3695160580665566
0.09816430451558666
1.23101826139251
1.384888054486773
0.23920679343312357
0.9288080115317846
0.9018097655407687
0.9178252337758597
1.1761977059714133
0.8900505024576955
0.2716841331919375
1.0939447235330648
0.04235829268560676
0.7806910510884346
0.35906286007415245
0.41632844864773855
0.5340046991299048
1.2649767927975692
1.167401685905645
0.713956145997903
1.3404916854651878
0.7891632426654221
0.7263661135853631
1.2335340419789875
0.629260158276993
1.024456777929505
1.1891427734834161
0.9826770612594942
0.8842610198642062
0.3054525692494703
1.0791832435665782
1.0972866204899545
0.6702150997901382
0.07536741195445873
1.3529187965113856
0.0690523581553848
1.0666335672061773
0.05466584515962514
1.1766320021372596
0.8350008521498546
0.21231663312197246
0.37342415952600483
1.310748009276889
0.1117813156214541
1.1028476389864843
0.6301685512201245
1.0649005018566795
1.265058636041103
0.5474146862375824
0.3355066175016962
1.1706630958372863
1.187647536631737
0.5477073531098386
0.6867746671249444
0.5376089129397562
0.9292899939036476
0.7518815617061197
1.1358017512645802
1.0946565123440883
1.1925590677151512
1.150222845649441
0.3714184080200642
0.9233575984667297
0.40347451958121555
0.5075113297423788
0.13736788652266207
0.6118963881949668
0.0950044169943236
1.1047707547042278
0.720507484984944
1.2320687073996845
0.5412925293768793
0.06222821505793963
0.6842037736425541
0.1733083766779029
0.23417270793488898
1.0688955823474073
0.9733341114409096
0.8446331152006561
0.4132763991316475
0.33369408999356276
0.9574950248066421
0.7431871044208067
1.006124421045587
0.8132329211817017
0.3910647438511324
0.37108340491768804
0.9668899272244467
1.0033855953207684
0.340255407456152
0.4999006021040787
0.4278524288205032
1.1325530404059845
1.2006846442923884
0.41853063510426686
0.6044653586362682
0.17527975737547452
0.8749371867321104
0.4964268887562707
1.0148852351808066
0.17581214024999403
0.84017991345697
0.4205449520600721
0.965196095341256
0.38765231920653564
0.676793266750119
0.37297149987260725
0.3383617546758009
0.3688695347867241
0.972057590949893
0.14786925365817882
0.29415514076520033
0.4924475175139686
1.0987354497407764
0.43915878066387415
0.9125374045551835
0.8607730857821946
0.16416240173740027
0.9384414683804048
0.7470108779072723
0.517974580303459
0.3721571465296834
0.6824197106339084
0.5511096532465704
1.0477474790038837
1.181228094793945
0.17944310048657253
0.8417173757875197
0.6916723984134096
0.05187070803846794
0.5578861736198348
1.375093206445944
0.6068336330801779
1.4105499815155733
0.7410046602478527
0.6482466304908945
1.293691751286317
0.943403476819389
0.7386756509888429
0.12879263402238894
1.3217137077431325
0.9340432558950643
0.5673838748134773
0.6922134381431101
0.9878707313037057
0.40748762881194495
0.9951647528932723
0.3804672800382022
0.9137129551953124
0.7331001409119218
0.5247164195858016
1.4019108113244239
1.152273384562782
0.9608782448382603
1.170645794019474
1.1706380496182391
0.5983198299754582
0.8857600455439627
0.24032224003706992
1.0228579909527664
0.9519026526949957
0.8112327982894252
0.07652334881350198
0.8480794078085836
0.2089061206951054
0.7728629922020738
0.8182530854627322
1.071739011433762
0.7661707119539589
0.06599127409800976
1.3548511036450686
0.6812066267028877
0.2972500394122827
1.195671662034207
0.10281928520332806
0.27443252071390944
0.3139721213229355
0.7125062075494324
1.3670271309240742
1.3788102083131233
0.43416645098807805
1.2608184334116888
1.182821266820076
0.8949480860960894
1.1865751564332394
0.9989565044385107
0.8327086394119326
0.7110515598329
1.1945943120251252
0.03855789168341739
0.4600280811362734
0.8057321804954256
0.3556524011583172
1.2003756792042672
0.9523459341519807
1.3421146173840708
0.4433670899237756
0.13630649149290042
0.3517243565498187
1.2846244996611724
0.9705937675862877
0.4445703980000583
1.0428669595412894
0.5559180443016735
0.6415236170920632
1.4087180650471272
1.0695529582094028
1.130937850203268
0.15551679563697063
0.885458709188157
0.06867763519824388
0.727672531461698
1.1325758072294243
0.9781209554369138
0.03246742241026901
0.1393314631964334
0.3699075830007636
0.7010930665384631
1.0941234946708411
1.0619624087481765
0.43647263177108236
0.6716264084227704
1.097772542671082
0.8617520241827712
1.043182870353337
0.7651478006076524
0.9847378059460996
1.3807236834710208
0.9342464978154279
1.2904357758385574
1.1229138209446146
0.8096191008949988
0.6346491228929209
1.0476647881575425
0.2915347909241798
1.3129859813144045
0.25771875270189104
0.6317169067880408
0.282729402046036
1.0456786507055733
1.369386298579586
0.6923347042384811
1.0685986901485922
0.6663109699738095
0.8208547821745965
0.6687441233620222
0.010435965844272865
0.7821615193940284
0.795209974465619
0.4345324485519517
0.789331355150808
0.3011248700019853
1.397562293609357
1.2578549197331952
0.557540491575791
0.8077665192898043
0.823238723383244
1.312745977001282
1.3260932702877974
0.8360972975628266
1.1724980987358473
0.3351529392541671
0.9819554469173419
1.1781829475888348
0.16730228532597347
0.7463136716425596
0.8945819953823522
0.8531825640969638
1.0549291414935567
0.8340983757570991
0.19291060037771102
0.5241030908361741
0.12172128734088306
0.668854777985367
0.7224969260514795
0.3294180767022292
0.7401388816163522
0.866749711271729
0.061562677989562054
0.9369402086156245
0.6099673925168451
0.6281111623178575
0.3973908982214477
0.26751524228295886
0.8473611661785339
0.6901792233453223
1.2125930071230018
1.167892835033797
0.4971029602435572
0.4792517871588229
0.7112592879265995
0.2670737134125212
1.0128251370906352
0.21570194834333023
0.46636386726553297
0.7046143899815903
0.5765169178716378
1.0722508258630876
0.5322877907371943
0.05103927257313845
0.6175397758918437
0.09046180562213912
1.3389913104962805
1.303397332150168
0.08966835689634789
0.7648800544652192
1.2718389280811113
1.019989441200761
0.11428986808175301
0.1802331143711563
0.5971733336957289
1.3423092031467903
0.6215313630437806
0.3314116406533745
0.921891374764998
1.3824509427047391
0.7171384388288493
1.3236692483087478
0.3796749448079028
0.2717786093129425
1.3941334711942248
0.21005294334782532
0.6193169193631075
0.15202057093113297
0.22076674215763603
1.1949159572591053
1.4152591443932532
1.2944777155843257
0.48045481352983516
0.6051443940892507
0.0881643871632325
0.2086686999848778
0.06919254694036903
0.07675746779978787
0.4996569043462874
0.3466691013327847
0.8349363443907786
0.2704684620422413
1.1133421630158578
0.8449948633832097
0.9607982913141347
0.15796126871950744
0.8534954529967398
0.23294177619749212
1.355814088624189
0.3528175439246597
1.0133565005033842
0.03901962162792827
0.7597107260907483
1.1464261738252088
0.7936459977281172
1.113487468106541
0.838787837143114
0.33650978370046014
0.9118680874826797
1.131075624704078
0.332237738578264
0.5480488621495898
1.36207012127941
0.26305597689402327
0.7754099890546198
0.9072897693886868
1.397860677207297
1.2881571114898147
1.286100169593138
0.2216185724750852
0.9738790392286583
0.647234382033226
0.34530948008703777
0.22702235712742203
0.7795402766257239
0.14085361585652578
1.1903200959815798
0.721260508322754
1.323478774663586
1.3508532921911218
1.150937481358874
1.0234959246672193
1.0230217978718479
0.8600001180606439
0.9611642360856458
1.0144864188966616
0.3438993974807557
1.3747938555474248
1.071434736709036
0.6160530410216798
1.1652396431102823
0.5541780337158346
0.8687337200316047
1.2592165375024988
0.3432457021968083
0.8423972561758385
0.4649042064305801
1.1724338238457441
0.3039900718564591
0.3086999072439116
1.2449606687579178
0.9219450513935392
0.561528861432054
1.0316584908821853
1.0340563108248544
0.8713164253899172
0.20168209821098826
1.1959352225586717
0.6418805979760519
0.2666127079290078
1.1199580325114196
0.8510521620067272
0.36756613461272786
0.4439473889570748
1.047266289544844
0.6046066088896307
1.0297984394402686
0.7446576216851652
0.991202279928125
1.3452856415532088
1.1981214171522143
1.2448237422611876
1.3018428892175247
0.6740251022347029
0.3077114648453565
0.21112188106243335
1.2135514415830428
0.3228829123821686
0.4278204609303098
0.7501853841044559
0.38022706311616833
0.2667218437890163
0.8972891588260189
0.20560533927598168
0.8889545371982268
0.5219207277743143
0.22584853786586856
0.6257473951031092
0.9614034230789784
0.19205652499679726
1.0118795694893725
0.9179670911909084
0.18111968701399506
1.2137199696398895
0.8303853493139254
0.2882358524366627
0.30350494228149905
0.1631378252725484
1.3796438342592456
0.3828863395128706
1.2732166784842938
0.7960770902947175
0.7294273078441085
0.5953793576416704
1.0620912489337777
0.9823616957036679
0.5018598796608107
0.8373612529836209
0.22539426546088415
0.22070068549599486
1.104586400665636
0.6440906399843217
1.303432834939111
1.233800085916565
1.41429817458551
0.6262872572244509
1.3046518114722594
1.3338362327736712
1.2301533314270354
1.2849119819788195
0.13065096612556437
1.4106185660757933
0.7342950510373547
1.403043814856835
0.09294186794104065
0.5399178719148388
0.6063830186789876
0.5986181096791822
0.2319467893368694
0.15854064508213217
1.2464752886969155
0.9595180570788536
1.3116484671842097
0.829053463333985
0.6791201109644656
0.7165165033604142
1.0288713321075709
0.35748269272675537
