0.8755295838647049
0.6365056308230123
1.0769412776164866
0.40214299972568873
1.2474999080698796
0.3370601278288641
1.2929066641974607
0.8785628931378081
1.0147022954210172
1.1280395588342274
0.29273414216626514
1.1925331187090806
0.8917070000019475
1.241901170835224
0.6903089458697098
0.73605772140318
1.092958592490513
0.020049145950928104
1.0631294474923296
0.2649212701332201
0.944416839082761
2.8742108198631655E-4
0.9888734537216439
1.2559917694549905
0.49372410409994877
0.28318562279332926
0.5807955097755486
0.06255736335413054
0.6393417958906817
0.07543745440482463
0.11188153855096639
0.974996345261967
0.4218997168722896
1.3227771360039955
0.39753716279610535
0.5883203152359793
1.3165461324161523
0.92183343258305
1.0992086762670017
0.7844006237081907
0.9696899082717454
1.313370091469292
0.7660348700123709
1.0595910831656516
1.0854561727301244
1.300790218800805
1.115126968776205
1.3876468627197962
0.6227252068465421
0.08823246540635443
0.21042699751094762
0.22791502118863838
0.8913430966613245
0.7631079242971451
0.6803194293078166
0.7249563538743098
0.07829839990351972
1.0404489857458044
1.1153936734938534
0.157348843887803
0.2145060169518992
1.038388100745822
0.23145874399383937
1.2280608844998713
1.1511045203485937
0.20798949076357098
1.0488097564320302
0.4471735947569406
0.40704768493022353
0.5462540789119275
0.9361232587833143
1.1928576459260272
0.7303515020367366
0.6483829168186318
1.049026328145809
0.4579351876260686
1.0500038524101127
0.4679728531607568
0.6758711779554322
0.46783873320820873
0.5824390024897288
0.2695809711016621
0.046052667010743176
1.2992489958971425
0.10963730559076834
0.4284640387341855
0.49872539641035146
0.7024695248138523
0.4279874125581548
0.07828643243069056
0.9038419371879284
0.08684489237874848
0.9524586667184576
1.3704974251478985
1.0169236101947878
0.569783049294607
0.6051494012707063
1.3097884239135564
0.8772403517310883
1.0446104922311856
1.1773949018365362
0.43036519561642234
0.08930622567729873
0.3796406673813295
1.1035574151104173
0.9221777698379364
1.0647532821211398
0.2745346957040189
0.23264941656524707
0.11148937647464163
0.9451605023678764
0.11180923878126026
0.8861882579564595
0.42839331950915027
0.6509744959314803
0.13870747533234606
0.7685880753063385
0.652250645896312
0.9878990860822872
1.3087221835944622
0.12984226687928768
0.8933908663141179
0.8898996904535937
0.7687939627578353
0.5434298000714419
0.5267597459463536
0.5699684253986432
1.4029342509350533
0.27318865910363177
0.09789707308955287
1.04173122210095
0.9823265918986158
0.7587387585821304
0.021409272607756047
0.6706034383813776
0.4368383595651591
0.04842710116086024
1.2504887351996186
1.293475927602163
0.6052060112054607
0.4553584888903422
0.4852724109640007
0.21822259883157924
0.31571187080459784
1.4052307310707295
0.8272396550005738
1.3112240719188386
1.0072249640345143
0.035913032106646314
0.8054688326629069
0.8051331264428547
0.6352342256806911
0.06792921398278184
1.2128770610070077
0.18981503180238546
0.032640457110372445
0.930730149381549
0.30964808812701305
0.1765946812044944
0.13713991575931517
1.2416820591515947
1.1552051984567442
0.46163758701605223
0.708696626783459
1.257976299182296
0.0884081352268512
0.15377447875946948
0.08867098874637636
0.3939662299920153
1.0306143358413182
0.8175574225449499
0.7164904514468833
1.2660472593307874
1.2960005482329646
0.20814544050016792
0.6624153386219187
1.288295467451561
0.4187225742140452
0.9222237206809102
0.6809017281709329
0.1394362030759665
0.8112502124824853
0.4907235031808983
0.6726144111254553
0.231310419705129
0.8344157986251941
1.2802998903474367
0.3365309903062701
1.1698976416406632
0.021126979594590756
1.224592760789736
0.984592270681913
1.0466797776170704
0.3408333750906787
0.5065019437786067
0.652307396579965
0.3650548828342076
1.217072584953834
0.06674807396415239
0.007835657395961593
1.0478975062471194
1.3246878934501631
0.2441908411116479
1.1288706604279
0.40909464033533477
0.24736047243613113
1.1751748153555925
0.20621003736401056
0.41290032747724553
0.8876035284481633
0.11423444772434788
0.7443593715300474
0.5166976945615158
0.7114236882710414
0.33076340430838935
0.4955672455013335
0.28913688039748076
0.5566229333007586
0.3747067288986827
1.3747360821676264
1.0606242880442942
0.6411194080967766
1.3974484142509587
0.41903790360613796
0.6024066565803823
1.275429334890723
0.07922947830998772
0.04999538573914741
0.7485285507708305
0.45038600927608713
0.17896848081859307
0.9313458685077047
0.9399365416689223
0.5712282977193391
0.05269846097744557
1.0549827851603633
1.2047765642817163
0.04239302723428873
0.16231057932003445
0.21012788800546
0.5647626382572901
0.7184469182628436
1.1717397891743304
0.18126364459731548
1.1747694772172377
0.9931248908337532
0.22990099814345122
1.2795904310810442
0.6479732256593547
1.0545203954404654
0.6109240935945784
0.49239273034512343
0.48651298398365905
0.824180794255592
0.11562334604182833
0.14335979526431686
0.5092428463229248
0.3625318708270943
1.0611602508830156
0.8601572122325719
0.5427776108612185
0.7701294683376521
0.9222029321496694
0.5211136125440434
1.2779307395888226
0.02851728635034545
1.131616722325336
0.19276853082100787
0.1320942361439954
1.066348238026635
0.3544699740985111
1.2605328337198562
0.42445702555857884
0.072252116905139
1.3229144361693008
0.9955662470538424
0.9661784741180648
1.3296957174876143
0.24283944800260526
0.6956767403284346
0.14832714778234757
0.8479392735037137
0.7187860124126223
1.3570726299880758
0.5151236496516336
0.06591139951483593
0.9122806315219363
0.8191429530618303
0.8862812759345592
0.9505341729046868
1.3045258879883792
0.4849218459262163
0.9236098028557986
1.3022951756691734
0.5118319723794305
0.8917262174522945
0.8765158801659931
0.26416762238828373
0.387615651652112
0.6731915719265917
1.0853926545002712
0.3298803926934114
1.2540574301503884
0.29608406821288313
0.9098862958047979
0.09763219334817075
0.734638189362519
0.7645896780014051
0.10345852750951645
0.2360578687148983
1.2365340489723409
0.7156060472069313
0.46008097138698345
0.4893449456105466
1.247636563317296
0.6436015335262277
0.6019516168242456
1.3683755786632212
0.9062106386200105
0.5074792394362797
0.9663075243969466
0.25079407608740045
0.20018619711434227
1.335868871637632
1.202285912623078
1.363550499994823
0.806791514777692
1.131626303017014
1.0721911294608146
0.06737138074473792
1.3906600216582148
1.103442997708068
0.9241214848849141
0.6947535854113471
1.1987466375857159
0.6183350067407595
0.38850177489390303
0.20629291442154163
0.6859727334842921
1.0056296671698102
0.955535065899625
0.10978070061994372
1.1894104867016229
0.2101126732736739
0.29341799141065994
0.7412980584475998
0.09733930846953431
0.17031410481780873
0.7723365848124979
1.0470262941699966
0.873618278900696
0.8675879098225355
0.7276572374173171
0.5713305427998664
0.6688671323383921
0.18348195807090883
0.10314390028881648
0.3809666500254196
0.8538098298163482
0.1531941369838251
0.03407280217678976
0.16962919322355374
0.3326124780149027
0.573861185948204
0.049158705814535186
0.911797630599385
0.2928966256926163
0.8596399671040251
0.9518109826248837
1.1319365266707986
0.1948964841734816
0.38838934017785925
0.6441382578617028
1.3194523893548116
0.9458888174409199
0.024920932543501695
0.47588196539136307
0.5557462260471566
0.9962685687760169
0.17505464058662523
1.0025733514957242
1.0709552863113567
0.9771188124427754
1.0411853187522493
1.1512838881438723
1.2418749875088868
0.6896806584295225
0.6065131034800401
0.6524020516732636
0.8489143236929265
0.47623139956635085
0.7785121804147163
1.2764151584184462
0.804837837374468
0.8236023641132907
0.6242607595189675
0.837975703490996
0.15854747216113219
1.3698015730939725
1.4048416785627469
1.1112332771695668
1.355802188847805
0.24525514547789684
1.0785339270230416
1.2584688661384977
0.3940470192387619
0.679237230930126
0.5081130272124279
0.10706641583924681
0.11758934078723793
1.0506730617285491
0.2188425324935388
0.1991407768203438
0.6671842450413614
1.2892434269561908
1.3578751389417616
1.1554373300400032
0.6712225523480287
0.42200189427479173
1.2164957182941318
0.7139481700439275
0.002416258701750995
0.6389782968031186
0.81515672458942
1.3405549357114714
1.1168138889067785
0.4308890704739681
0.2705434248801837
0.12663850043922742
0.2150598848491665
1.2982223710815546
0.1408374029330688
1.2604442790024837
1.2604941207679352
1.2167881555752569
0.732880275726085
0.8020717614429989
1.3949181904770969
0.6116107828361379
0.5331508071453139
0.8003403007788226
1.3877928379818072
1.3430829059118046
1.3159933755584028
1.2865944552637782
1.3702747182081276
1.1351243136310973
1.3286848741075357
1.2789653650348904
0.6446362066069597
0.9857519369986546
0.5852135606573738
0.5565074932192178
0.01656747753591603
0.40271202063930217
0.7037682618181759
1.29924862798263
1.345271786817221
0.6773815233582345
0.03207617979328414
0.6129057997035735
0.5553575877056464
0.28033607651893777
0.3465377561349115
0.43903527038826134
0.9603858544719213
0.8737540652849816
0.7021747300264718
0.6677485452874187
0.2427055974865442
0.0277542782963337
0.46317808177433145
0.9511098331064275
1.1839977354589677
1.395314921275887
0.4359749719175879
0.6571337335072385
0.44073118786669757
1.335817492847874
0.791556502563392
0.9039621075121952
1.098641036728121
1.226985966964959
0.036951354034213124
0.4072776003003028
1.0545667468225557
1.3209800184226639
0.458531694945394
1.048544366321472
1.2501112555515268
0.48486832213840564
1.2054080408615901
0.16104046415767437
0.9211517784720057
0.22570078605231814
0.8929835427572792
1.392972404927593
0.6911203345025343
0.8114612012866615
0.1622758308275838
0.7893417094567972
1.3989727153984282
0.510640951376375
0.4973659495479553
0.12423638540766857
1.0682454327232742
0.22656156214277667
0.7826374515828213
0.5876949260806035
0.31068514806504344
0.6255263598079575
0.14537318566598822
0.2804585599475674
1.0456056797981257
0.11531601934631452
0.09455071390593772
0.5842274727602585
0.6169703474145944
1.0472360764619573
1.1800259310805974
0.8602962273290754
0.37133120877277287
1.383237751995782
0.6343086320024147
0.4098109297919678
0.6253470770586019
1.1431631999282381
0.15705324625080241
1.049498649879945
1.1018160500738532
1.2121738668352933
0.230160548466798
0.8354272326799532
1.3773308384762308
0.13982234458568643
0.16920596485573958
0.14320648432845684
0.8300899916669254
0.745465458749711
0.09902881245716433
0.21067150083090613
1.2989516172625608
0.7766029161813608
0.11418074008188484
1.2383481731394828
1.0644825233714974
0.557664764265382
0.28556178796790543
1.2028487923643363
1.1653210213974374
0.530497297475763
1.2881318070758792
1.2359840904952855
0.5118217487175686
1.379427426268201
1.0351009935502065
1.20696333628747
0.3248823930440654
0.9441179804525761
0.9490513504762264
0.9636359755237742
0.6078573972966124
0.5681318165948601
0.20125173135565144
0.7978605970337428
0.2706306287284881
0.5295152826325644
1.17756367301992
0.4447574621027162
0.5136217206410114
0.5794433849360816
1.3706861410588447
0.1813410216965916
1.0235748207859054
1.2379272720242611
0.5894017585406071
0.27907966872064527
0.24968664317469114
0.5372529101537933
1.1190366571513648
0.4805179361080383
0.5367771337681206
1.1717333456121726
1.302394300245185
1.101435312436179
0.7591234350688154
0.14237349053200343
0.31285145534900494
0.5965980113263262
0.2870308808439822
1.0140435573250373
1.4111854077787693
0.6355853729437855
0.20704511001070947
1.0250045200350884
0.3837791771616069
0.42163464554476376
0.12176080447988602
0.17001153157786097
0.6722945272219516
0.5565823097647585
0.46940087783971574
0.23541603244372233
1.0390085449539488
0.8633349665866917
1.0954689147492847
1.14750089033573
0.8127960058108804
1.2604625094124375
1.3188882078217918
0.33894052935571195
0.4725493815950159
1.3180592962628717
1.2352073475700869
1.0778917884322257
0.5808609726667766
1.0924654861586542
0.029532585597888072
1.233253147769599
0.23945849499712735
0.4408782139923422
0.3551902397493195
0.33530945050922545
0.5995146121941001
0.2673790168688479
0.9357555462649767
0.1651950125066235
0.07325673523069565
0.0371133740327555
1.0853699476371381
0.5455238982902854
0.8743963736447025
1.0467566586969645
0.5419535090729571
0.9299939702739454
0.5332291669255145
1.0530885124877318
0.7017912858348229
0.38592609006540335
0.5842542142948888
0.92783181955467
0.3437815635472129
0.5224474287449185
0.5816762072663959
0.9506319743657203
0.2719237877959453
0.5645551413032155
0.04947266766635183
1.3328250558603287
0.41895085931754733
1.289329909267814
1.1663206037774085
0.8575757204816827
0.13604245821038996
1.1217597725909578
0.7954204889410201
1.255809750546591
0.2552077554624712
1.0945124091308167
0.43961442293171066
0.21073278285741626
1.1831149584005465
0.9183391013480633
1.3706990966789212
0.9111699339550152
1.2315376830848321
0.18545869295613182
0.8043005215327618
0.7503350731522046
1.2486166524456415
0.5632701646501233
0.028706618738114864
0.8575844812695262
0.7718469132926016
0.16798106299864213
0.3357576799163601
0.4651744769172262
0.6746633734308184
0.023092703430892647
0.7197332981702191
0.5569504535799668
1.0856759962374034
0.8863019353815063
0.7567505190487998
0.9913449809514749
1.0706053865310041
1.3736626918061732
1.1679851235485945
0.6952907676218718
0.010093145694988537
1.2639106995546467
0.2766724030063167
1.0777399779551666
0.30025931760722147
0.032255706038313736
0.1783114462831743
1.3031510370771933
1.0614574686750804
1.3984272437984504
0.8796580759332603
0.40857837102986294
0.37383234188605996
0.5979445542779485
0.1280345405458928
1.3948688428239668
1.2547658616991306
0.342120524914336
0.3239955474495573
1.2198691018603827
0.9072664339419755
0.7425479738443921
1.0017633609411492
1.1309156526838993
0.0875570939849406
1.0174515532282336
0.6629790148948664
0.09408163887416376
0.5783940925771975
1.293480258002044
0.871504410393445
1.250175147602364
0.7662103465978553
0.2541762704400369
0.5324538433233731
0.5545751069710902
0.02005210809946467
0.4826684847105032
0.42096862358533965
0.6344033613923142
0.6243569829276912
0.6595830650630665
0.0279101746689826
1.3830329142501219
1.0851910458272915
0.4732600152429077
1.1772159524916412
1.342965726929259
1.0622012439497956
0.7493250178504268
1.0732833652511353
0.9859245262617831
0.1326209836926716
0.5530994146116581
0.880204418902298
0.5920810676216767
0.575258518611321
0.8387932404745926
0.30574903415350263
0.13281297470077147
0.4281020163879075
1.1153249534564456
1.3560433148804854
1.3461814261867704
1.2564787962218582
0.30111749270035937
1.0630961440794162
1.3427734326761405
0.8871019988655285
0.45289833095565846
1.3884887929611591
1.0334514386208469
0.48700188497892455
0.49372941643234114
0.35942057714114045
1.1083239587229379
0.5155127854629933
1.1664969546625226
0.7451035727876777
1.2437389685891207
1.2224033434291086
0.8056444666307219
1.3648516771255297
0.39543217682790266
1.222928876980737
0.6084218010958571
0.8988675787222347
0.4459802803012953
0.7652507441651779
0.8199646841981454
1.1922316243149607
0.20157648714767762
0.07165114175890941
0.6862461970005751
1.0750892355156052
1.2669156217505342
0.20438558589413436
0.3781571835077055
1.3414382284116027
1.0683636831109777
0.7546158506623897
0.8854948953949605
1.182872315032916
0.5665087822466515
0.04398705327120145
1.1914200605880323
0.1079321195255527
1.394401753629622
0.6463986616642776
1.2775201131546636
0.41725666032114167
1.2719401255155005
0.5261932319050895
0.27209902820028753
1.0665471078430118
0.021279232149129523
0.3853636487886823
0.5264843044504779
0.27961174600565775
0.2168153115033984
1.2317358449693696
0.3593799040333414
0.4754349320473355
0.5931613306680154
1.35821359567248
0.9476038519049635
1.3692701616474752
1.265828282921752
0.042029074818346834
1.3788764834384564
0.11198302545689365
0.9531453790166224
0.873278371025899
1.1127775155611754
0.8481422025411426
1.3492174457366581
1.153096415458343
0.1733775049284929
1.103171162545444
0.2635968677144752
0.6862910619505728
0.30235176266093056
1.1753443501417453
1.3953371526008804
0.18765768729325083
0.2833410020505619
0.7307910629398561
0.650897155684137
0.24057659577181179
0.12617392928204363
0.9657184348113745
1.1677760754000917
0.5805749190436906
0.44854621097472247
1.3825962130211498
1.2900040721446058
0.30101914407936237
0.4959311652917047
0.5946340972950805
0.6799933547073314
0.19752280303863612
1.330859174785332
1.0882749895777384
0.27983574644769793
0.8802637149729811
0.8642523617589846
0.4885307541591179
1.0559914007387403
0.019333984469926624
0.1896473756924929
0.6831542881029461
1.2551238229817099
0.4950538070536145
0.22504622196231683
1.2510127562109563
0.7474266378663682
0.39536707900020496
0.7445343299585626
0.12496884503949357
0.7024150252502954
1.3103650507662166
0.8085634215849226
0.1003894344238252
0.5081896161451407
0.03450393891977077
0.3160780376679464
0.4717745348134205
0.9306306800967507
1.353949080931015
1.2898529894889024
0.322344782742354
0.4680897878675303
0.3280840148096106
0.2282471917763924
0.7681917021593031
0.5670727737795659
0.16559854735582913
1.0814115696281115
1.4054004328746594
0.6290864211190366
0.3904151335478664
1.2102749421581573
0.9720011056691571
0.7094921608242736
1.0487958148423073
0.6204949341385709
0.1354231680667899
0.4851399283778142
0.7988657602025785
0.5195496341924107
0.504264788391908
0.8228439915044576
0.12636238569250113
0.7623664175045894
0.8275019386897652
1.121299756477292
0.8729799877744352
0.050916652052726
0.4225540048579323
0.06367261458793827
0.27551660999208183
0.2704201578691733
1.2460519828275496
1.328622027625376
0.5862127488174405
0.4389046879368141
1.2600244242124052
0.15344512754319795
0.6427959953982967
1.3427363384031845
0.47705857374395355
0.9735519020404219
0.7724995418406781
1.0164117277282945
0.8441507861645037
0.4676731995395565
0.7717517393573426
0.09316501125216503
0.6911376568248344
0.5461872309455365
0.015421640003868586
1.4013264648163717
0.6904007539714294
1.0959598352776414
0.8542376243032418
0.09921284178420131
0.6475853608313681
0.3083138944067031
1.2621761120396005
0.25601337402364377
1.3128180470204889
0.2175517181987625
1.216789939427142
1.1563458728293674
0.11991701990122128
0.4675258267943054
1.069351360843878
0.8532690207693429
0.21492416719280727
0.2914291634314442
0.5252145677806204
0.8263760023033275
0.024175281157899797
0.4680547779824478
0.22247680337066789
1.1976317704024524
0.1794236287659725
0.171964223352427
0.05105461032727887
0.7118534359098603
1.0536429927964963
0.8248189352599967
0.9749899149320704
0.12182944098359028
0.5858448713120503
0.2953113106137579
0.015188010912510319
1.2666015582319818
0.6138756126610778
0.1753913711806393
0.1303193621715697
0.24923614619948486
1.3161668500911436
1.0656604426469227
1.330686025218466
0.993577344240729
0.07678506218045167
0.6857474621222598
0.757885679284162
0.7917309226352204
0.38486371057422397
0.15150038222061313
0.8037640578490929
0.6799166201110469
0.8987842985570578
0.15477201958186948
0.0020632635187053383
0.6176084220207099
0.056282199580090064
0.5153692803651543
0.33699708260773253
1.3693685186883517
0.8446498690982721
0.883875619058024
0.6100046261194518
0.4572068494897312
0.06820341034758559
1.2356908695378557
0.6862542324009435
0.42299099020270226
0.26742344964316667
0.8910074096278411
0.12351609369029948
0.6232017754896809
0.05179413089863527
0.1813726173999518
0.9820863779279686
0.5602641100781637
0.41723257232482686
0.6933255252352496
1.2684516421392342
1.3542917080520707
0.8054711480390528
0.732840122126948
1.3818474755266101
1.1895082890928999
0.8750817964291427
0.8992013148222672
1.2166094699777221
1.2810603392975173
1.342140775681826
0.6890354814850668
0.8961666212037926
0.5399608487335796
1.3023110534881077
1.0140354470294957
0.4537657138997255
0.75911606746123
0.21297298760987093
0.8848868276268244
0.9673328047673481
0.08122003174876913
0.2021594146717064
0.9559220817884311
0.04798070134532284
0.295959858573021
0.5289333049495999
1.0799018503760998
0.5474602675150884
0.9768170643193002
1.3281164692363796
0.24670493476709698
0.19289785087024436
0.6510993831919969
0.76165456659301
0.20223804023787684
1.2497105759638316
0.32386193127302165
0.7497298267534681
0.8212425464256794
0.5267577943842832
0.14743685452387334
1.1349635358345487
0.825762978949719
1.3034548941228448
0.18373058981661838
0.8591545549744369
0.05521498560282101
0.0715576836435966
0.8667971302801928
0.5690820967941528
0.7683776257277533
0.16948057684004292
0.5153446655211216
1.069339759365694
0.8450177893383329
1.2533984682235793
0.3666967137483224
0.5842916596689467
0.7899844687540892
0.6925922662274356
0.49352954924886644
1.331215816363827
1.0329172489494456
0.859635057123778
1.3149013630669153
1.3480913471588856
1.2770963500394776
1.0326059241943957
0.9726329990254494
0.4492735074296674
1.1600799998074491
0.2332989090580101
0.3892276156449524
0.15042066393362785
1.0814569735871646
1.060865445245012
1.209609400509586
0.3466734767157927
0.6950952675656203
0.6192768445136194
0.586830041614387
0.32976979953922414
0.8309553709276912
1.0946518393901823
0.8615780408728927
0.049982425176199
0.0723685309486719
0.7206779978025215
1.1680350597692406
0.13652551089389975
0.40219001420483036
0.35471809647656766
0.2746608177298189
0.2317340036259904
0.09620339188278926
1.2589212422769718
0.7644488881449273
0.634652313616116
1.3625280636441173
0.7457801627737728
0.015153698746397826
1.2905076308711367
1.0702386669383097
1.369748922727347
1.1753599689717547
1.4032134782319126
0.2837117830298185
0.7119079705961654
1.1146045308695536
0.6748896042081837
0.6674735293321742
1.2353707577828756
1.0965119101088103
0.5616267175037637
0.9701750571238125
0.5944057360547005
1.0967980666837378
0.18118338917379007
0.8079624295664886
0.5001614874322702
0.9853178071132743
1.0930341078019594
1.254448941249179
1.200770357233379
0.28318324055907085
0.49621870244662664
1.257920162376132
0.8433251715956099
0.6651033501576319
0.854394373718185
0.5704408960714962
0.1468919289039824
1.2795199772296344
0.041076125610969516
0.6604029279914224
0.11053434542086038
0.1422908817067413
0.5679006152384847
1.0702413845917218
0.47558434840204183
0.8156588214682768
0.05023308211944999
0.6999124961089058
0.23355704156998014
0.026535584903789156
1.2487175692655268
0.25365013835607364
1.090328371102435
0.887114489690218
1.114700528787618
0.6580144671442764
1.3076864884112982
0.7784166567985817
1.056996110200901
1.2915058951249458
0.566229088351175
0.8487659651229659
0.07214652619809636
0.738161498307022
0.8343312586017554
0.46533448276899436
0.8900515892484122
0.8159810975519821
0.016066299786665628
0.8170369343933339
0.7264387932046078
0.32184836749428514
0.4016255380170965
0.5306927657673823
0.9653537026429224
1.3289621961090423
0.3031678203580416
0.3920032266690708
0.42862536274631347
0.49381406829722363
1.2720057270466882
0.8721888902397138
0.21344751218993163
0.19431432646157643
1.0716132887030623
1.1569091416344635
1.2176703878130075
1.2011516952879566
0.7839283551973644
1.3835648511860978
1.1014122621715716
0.6571509995198855
1.219494467469333
0.9727035929644354
0.9531381115885621
0.8287020246108858
0.05593063452090519
0.24819350837744314
0.9472342716925632
1.0389585150708551
0.3561784478407054
0.7168426089675902
0.23016256368511456
0.4602239836997875
0.27283067785329473
1.1991814610550002
0.43689733179298085
0.3034683683049487
0.5736152269164174
0.3581818554857963
1.3212364329193595
0.09850232977352325
0.8857886300544062
1.3163653730379763
0.14652140624205
1.1116355372434936
1.2518558706733711
0.1412962937576342
0.20903556148694857
0.6673198695022179
1.0911031305686438
1.1961408217375222
0.530318302426287
0.06929653033702665
1.002827428743919
0.2606386832495091
0.1657888275428766
0.5672658728992197
0.11072453254145687
1.3409122811843126
1.3026491463902548
0.23077474364898365
0.45012297241591753
1.1404690788393428
0.3547203783752718
0.15961135459352616
1.0200855523860055
1.1625775351230963
0.45409591604302707
0.30982355547699836
0.4710800475530525
0.3527328480650339
1.0856485371679212
1.2251300227842603
0.0271109266782531
1.3443741718371884
0.08042165149343161
0.0927852322372631
1.1895014292419752
0.1343155047279142
0.5662232801187234
1.073912618303065
0.39306665772128035
0.7874234636485361
0.7899186464331817
0.5800492125886705
0.766535468411184
0.5465750743888423
0.16501837947260933
0.9968232008317588
0.7272417067468883
1.2443695706882703
0.8495801208512916
0.6267684442460923
0.00467178465569229
0.6531214992181806
1.3989608178253317
0.28509942880802086
0.1091851233373411
0.8008860036048981
0.029151488418861615
0.28648529147861523
1.0706670003570695
0.8654198153754012
0.11842588675717347
0.6415490345220389
0.9206931569653265
0.7286214750518308
0.937187096607345
0.24300379301989872
0.05712887947682621
1.1604636110251165
0.5372430165015845
0.16769159638056452
0.29830573351510137
0.41851345790317457
0.6525655376825136
0.4536259609500314
0.94712683572345
0.48848902449208026
0.3446400305698376
0.6578334588321851
0.9817714504551638
0.03022761130610241
0.5242185290955841
0.45994480330681453
0.5326276698135771
0.22443215487556678
1.2721426698075697
0.3715513027272172
0.7229956095392357
0.10473882887542807
0.07262462293261818
0.8922505021781584
0.48938147359626516
1.198491382292744
0.48975518875868246
1.2758168652462156
0.14865769014780128
0.7983470691193919
0.5026375014702169
0.39895434800858365
0.8851731444366082
1.2669590909480863
0.5284468485288075
0.8203906385443601
0.7809635686354981
0.11353448441638869
1.286862177937914
1.2434449080115293
0.8047391635275769
0.5586453712472024
0.8828785653218506
1.065990694790432
0.4548211885803499
0.024482589492589968
1.3589128318012575
0.08113642096863027
0.9581292558991927
0.9453564727235323
0.030867254556300017
1.1712016507196465
1.1494825219958786
0.80756521948748
0.47604641757771304
0.8545475973309409
1.140322301052334
0.03454557423986471
0.30924668880417316
0.003205511148094642
0.785579662076179
0.7265152923503422
0.8542034390266661
0.4727855901074881
0.09383939733952662
1.1880148903498136
0.39982607609278875
0.9798319577260665
0.13116961613229217
0.1352505105033296
0.5947252762105995
0.7412848292373242
0.9758673617214294
0.436342589690626
0.4005858612580821
0.6546935074011887
1.181727888684538
0.5117942791177941
0.8779257368481308
0.7129896341626916
0.7500595706550048
0.4309722258702288
0.7397029504069749
0.639986703189492
0.6239407175199088
0.7649269598319577
1.2399571266374863
1.2314898612142922
0.3298659212980857
0.43249170907517376
0.7935334912207198
1.1308598924926234
1.334662727434216
0.8811146271347733
0.69882696890362
0.6786538584345801
0.6529355958468999
1.0755111359827354
0.6467452850591644
1.1070920616884956
1.3415101320670142
0.8567411922167557
0.288314668061474
0.8776423222736324
1.3436871813181979
1.3798797394251312
0.9648628355180366
0.676237412602942
0.9044955552182853
1.2484250687852512
0.4227474630983434
1.1859682347664446
1.3809495979946023
0.5094646825657289
1.257112823746893
0.5971901546423848
0.9700297234103992
0.5581541115302586
1.1816243412419187
0.893064697879348
1.401098335215723
1.3984677931776313
1.2691163266400738
1.0777714689652835
0.07682088871845327
1.378925464526957
0.7825960768018192
1.4101766079596554
0.09569765594243362
0.27364306341717914
0.569386079171921
0.692725627619498
0.6826323780189469
1.2537035319198533
0.11381813718290912
0.8999749555809593
0.5570362198780503
1.3934294853463713
1.3992769386850794
0.5623647239079264
1.2491257068419956
0.888478773934226
0.1973931376496325
1.2806866665812489
0.46463796663438994
0.7975395385915103
0.18644150719798958
0.738441543865708
0.661561452943306
0.17503108710906046
0.19157358118030543
1.020675836831139
1.093734646311556
0.9682079917113853
0.02429425625788406
0.909793615936196
1.0868642700323985
1.380953456312823
1.3443861014239622
0.005115576531312449
0.7951672650474366
0.015313247944464092
0.8374833173983448
1.2552366069744392
0.1010596121894708
0.9617310707882487
0.8926645150673018
0.9785542462617093
0.3566191086622124
1.3173372348789352
1.305592356397465
0.0996355000400958
0.6131789542780632
0.9157797357757442
0.3822719297451001
0.1235056766426017
1.0301718669811217
0.6372560010193768
1.332793085421817
1.2166635675015067
0.2556280045003563
0.7672051427548746
0.7220498119532036
0.44672333084551896
1.1807369181618095
0.5804933700312781
0.8593515605397248
1.0146334665944476
1.1698646592311874
1.2311583162534707
0.11485848898023443
0.03637491412229876
0.8510873317181815
0.6802896193555994
1.2137939616737792
0.13963504236009672
0.2027851508873053
0.9035414373371006
1.0623230456348662
0.3739963774898577
0.22612051852872206
1.076206363119664
0.2802009856889842
0.5925221525511137
0.24059319095388976
0.07396998019324763
0.5719678583209165
0.011987256569854665
1.2947898271497913
0.7539386778019607
1.2434861775140382
1.1342825561698608
0.2662812778732566
1.0343772981990396
1.1485891023455488
0.7137933851307444
1.049794815930216
0.9841833251295351
0.18172028235735027
0.9284177607848279
1.0695837706423468
1.1830824514121665
0.20205164138681087
0.7838749270378355
0.02844659846556541
1.0621261817189311
0.582998738171365
0.19725208817869977
0.6398693383118794
0.15505405638849534
0.44300374271335646
0.4531037875835587
0.022276344861379416
1.397806460609174
0.708553016959961
0.6885603276475911
0.9448007040222817
0.16598053910308874
0.18931970348572702
0.4867340120251241
0.4941609512293746
1.1417562086589317
0.8224191615736336
0.12697650514921466
0.2454191056832533
0.09536166018206127
1.1704696090649664
0.9676785914771785
0.49750937108989707
0.7183208338586337
0.3629802861864595
1.1568924443792543
0.40455171363708314
0.5463612629852161
0.05420811428654371
0.4223233971445329
0.6444589242212049
1.2653567235180212
0.45059668517670776
1.1220967037227918
0.6677582702011708
0.8931242075917861
1.0839013187761264
0.33514609532175077
1.0394461126492
0.36617331720425367
0.30679794742662525
0.31272854175505604
1.0243227792393572
1.0301448981232024
0.591013682104397
0.877804574321129
0.6682395505768159
0.11665334842792896
0.3271869070844451
0.569584080346762
1.1493290053493128
1.1673808409099489
0.5958656485885041
1.121087482459827
0.49293493444501657
0.058789822983293605
0.2878539772669878
1.0206378407347907
0.15063457542353476
0.4430775349312222
0.18138437118680295
1.3475832228660931
0.29536015977977537
0.07960385034472828
1.0763486762642793
0.21544511010540657
0.05047751513774412
0.4248599588322944
0.7732280633623436
0.7288952766416882
0.216517534113696
0.7565018686792259
0.503695292514806
0.3518521884009296
0.854193443627959
0.8704936731679828
1.2195630642460473
0.29738826628680537
0.7222856489164721
1.1715612465532992
0.06858713067010469
0.1243032080155031
1.1700501850650111
0.219069768283516
0.3658748065126867
1.3174193530864176
0.4126780632734144
1.3019084547954174
0.6810007324105374
0.8914261346059283
0.15355062827724864
0.3090950370826757
0.4678517817144521
1.1059785037107273
0.498672042208671
0.8312818719968496
1.291778340142246
1.203320684191273
0.5322513785372875
0.12017931908318136
0.2906852376729647
0.3444226769140275
0.8116622976957324
0.11494194632410859
0.29724537036083254
0.3881235910380038
1.3614299770412264
1.3261164666805003
1.3351771292982677
0.9137339534746644
0.20616617414932248
0.39380707605105947
0.20191921646001165
0.48415425823393354
0.8605516056328193
1.2196737584555346
0.558111877278618
0.6772766103845349
0.6318065872008083
0.6847173532311424
0.03820529794821437
0.31675523297747654
0.7364885276666944
1.1217602406414282
0.5928258172148004
0.9774252401738242
1.40964410865318
0.6966512838014646
0.8522558194127084
0.5035543509109672
1.220675439948699
1.1533487147965007
1.1400441762468014
0.2975086310143584
0.8961484907307914
1.3717347766446464
1.3398570766637596
0.11806709082215228
0.3921040602645869
0.7812198094415423
1.1114157200851573
0.9029657927060362
1.3195211348304727
1.0023963794936648
0.39328016442263447
1.1778781583859457
0.9803265748261762
1.0782519229797438
1.1965195358153522
1.0284257460507147
0.7560533071062975
0.2874988965456722
0.70295243486578
0.8081530964202702
0.045752737454634484
0.23922296723193814
1.3273190971666633
1.1290313283504243
0.6642563802365509
0.703559172633949
1.0907061995540965
1.3646024463624784
1.3438281257353462
0.20794578656908236
0.12915513114450838
1.265583350988941
0.7996811696643136
1.3581373591181025
0.733792808874576
0.20824332467094075
0.1651269943561201
1.0404800076110907
0.4743969833283133
1.1331160176329464
0.04063853002734219
0.2640480167083554
1.0498334892842476
1.1573461272698211
0.8503990572189546
0.6997934528585517
0.1846987153201226
1.2431440214214757
0.7985496377099106
0.7107601829883512
0.04319791558524766
1.1410976178208168
1.168389896443141
0.5626660312151944
0.7141675890496868
1.1055775313518645
0.7929831239268694
0.24504586958081842
0.43511815904238665
1.4125182807622274
0.4441700335419766
0.8559885849122975
0.28028883511567626
1.0073716680580067
0.7961986626162558
0.20879691968266512
1.2250225154901868
1.2452538740116748
1.316241202820907
0.5329401347635604
0.1976588539067059
0.9589108202692697
0.9299571753518394
0.5659931616471812
0.4159631677599682
0.02010974615503447
0.9879141033461701
1.3227861407251633
1.0004830204714792
0.07156257246094089
0.920790941559592
0.2058795320284884
1.1095545915872538
1.1331030257510044
0.9854990805112739
1.2755889856959732
0.8765900021670492
1.309959881368042
1.356352227297667
1.2063379485660424
0.628088136805779
1.137936267515535
0.11881279200918715
0.3991837465914869
0.9081243686024735
0.4006380217020423
0.4103068535849346
1.0578860143230338
1.1079498299715376
1.204285905849961
1.359803654040812
1.148695590796951
0.11044846520802065
0.1676936500921724
1.0785391484792628
0.676405498653372
0.18000680471518515
1.3819017281876094
0.7050805241960959
0.650405713356853
0.1113572744610205
1.0856593527711738
0.6171750365466486
0.360668378276639
1.4103295813270007
0.8925656937833389
1.386661935162742
1.0758643049955583
1.0134607518999679
0.9693425662334567
0.5995316589791091
0.3718024600118972
0.7585945012666011
0.9737480451450486
0.06677647523855268
1.3704951975545545
0.18556890877248122
1.2724429491259044
1.2490961784448888
1.130267916357253
1.033615577632803
0.6017975051785887
0.4875363456385689
1.1786634931652014
0.7931867248869843
0.44557065801708884
0.17797464919290162
0.36942566990481746
0.9873775143991116
0.15519499905256628
0.7787812950162185
0.1550696621908939
0.3967565755071612
0.7331942719313436
0.6766062494378025
0.7813472017553292
0.999418251384114
1.2421526937212048
1.281945930958508
0.5502191124406424
1.2358013015131912
1.392740342111224
0.270181920918955
0.909695829985951
1.130483373276727
