1.036225785127165
0.23240077325566855
1.3429226097436957
0.4639617991659721
0.22766115085406724
1.069334096222933
0.9286803748302371
1.0209525468764933
0.6824623380583381
0.9423772039149997
1.3167058004666854
1.3590608658849557
1.0713638105310601
0.534631085245511
0.9304047379997543
0.6781378392923445
0.2229837841911141
1.1567574894218633
0.09695548627797501
1.4135374374508356
0.13318812350883968
0.8849845110873263
0.3626075950785292
0.9405979379631161
0.5205463347820289
0.06337506656724212
0.09775735974189481
1.318931756122314
1.0386808997263188
1.0548196494034658
1.368631300000247
0.256609951339726
1.4111886692171511
0.6457671861531779
0.06572947788736205
1.2339916460484828
0.11034655673698346
1.3094824800384743
1.1706343190764528
0.7056115525962234
0.6141795748546299
0.06470167634735702
1.2722542165721298
1.0496188403109301
0.43779596493805517
0.2739762216150964
1.204931008528056
1.218801361862933
0.08887972943037548
0.11770076067639379
1.0720718003419714
0.9952347222923638
1.1012209302880032
1.365587798104697
1.1151165417961368
1.3871106018081654
0.24136070970744872
0.6352241460854248
1.4099456690866308
0.27795950247328116
0.7883234950267501
0.8224533247183164
0.1644158017939935
1.0825549566004495
1.3102424142678502
0.25031743452629107
0.24586211550250603
1.3927386655782916
0.4843878412320691
1.329906339850298
0.6873756608431317
1.297908548805592
0.7976088330019311
1.322274777147363
1.1805591107646902
0.7129822767271063
0.42237839317586046
0.2559082848302934
1.0341472046033489
0.45740084051309754
0.3490058071994517
1.188823537320306
1.213612249801181
1.3992889530080275
0.7818704709480393
0.8392971743799038
0.7038787868050727
0.4742724805699725
0.42567196190385936
0.9200345723342227
1.1366664846123673
1.3909921074246245
0.7980308122840384
0.04799014223099807
1.2969036348496863
0.14697831719595544
0.45606675520419704
0.9205691799936199
0.5342404073235273
0.9531386699279764
1.314330638798665
1.0636312117836653
1.3091856472137688
0.6170019889262904
1.301702997825024
0.4735575478073141
0.4006832365881154
0.8014109324255262
0.7558295335507184
1.2855312903272262
1.3397533119540417
0.606579141608553
0.0705880641905271
0.6539955083442549
0.03669279349480614
0.13715011243808695
0.7720158852070083
0.3132218606778805
0.2293063853149433
0.15587640599163854
1.389085772236641
0.6149348334889483
0.40643374416303724
0.6227141838428921
1.0328337895195228
1.3211861798078757
0.3472861891970272
1.0436189644480578
0.9310285132173355
0.9406824216246471
0.19843033071862348
1.1067164518317307
0.8032803737050341
1.3528119709834945
0.9192679405394393
1.3210173393970062
0.777802509959157
0.44138039425971937
0.429974608931953
0.34273740523051266
0.2664891042500207
1.2989906972753993
0.5616194362902507
1.3915233910469227
1.2562097169122204
0.7292344740318535
0.10272674077885435
0.8512631306641584
0.47385448733102864
0.45862644928869856
0.7214709385469524
0.7495818362440034
0.1871935988607354
0.803163771986211
0.5869806879626884
0.13011719424912693
1.1566885832010745
0.15319841207303408
0.6886384861267291
0.20970558169275522
0.3344077835595505
0.6426634881076481
0.35168377229336123
0.5794960588071478
0.4320054102622127
0.19002201742748237
0.338496428037672
0.019681390732905646
0.6545088869041098
0.34598589017080833
0.3738029704263228
0.8072350889833143
1.1811449103292788
0.98041727980101
1.0838537751994395
1.1878346037676717
0.12221580691120593
1.239767652310363
0.12733118057022474
0.6782400040701864
0.5010971988582169
0.1563872033803071
0.5146300533845187
0.46478483071544086
0.0322311301274395
0.9831343986673271
1.152006445268836
0.7788091844094602
0.510393730080001
1.3042747355153868
1.1422969059213448
0.712700771127047
0.1350594440098818
0.4214400639658227
0.5976114189909632
1.1833372436311695
0.2815009394297615
1.176834497805091
0.08858130833138733
0.36114016930355997
0.6337422767205487
0.1363417643653384
0.7707224422713089
0.19947836960855225
1.0424687246437714
1.1642193687101992
0.5170851667180208
0.8341515831745187
1.0065680602447065
0.25391202091923626
1.1707749820263935
0.23707362040011515
0.2644724147033396
1.2522415957310709
1.096425994518303
1.3806348450153063
1.0670298006688104
1.411075486523509
0.6489851161551046
1.2714688456419423
0.3848327078821735
1.0015156220134962
1.3375750050864663
0.29439828863292394
1.3680301088037763
1.0240700587667546
0.8466336632624347
1.262916015810309
1.2043313674505456
0.36480280731258585
1.1146529240107168
1.3516202726831308
0.5471335376328638
0.35545983110600843
0.5464322993659377
0.6827712451848178
0.7794895616408237
1.2916857843302716
0.07864914769381526
0.003467614691442855
0.849998218862063
1.0751840463398967
1.2140563039953505
0.911325489845798
1.2812160858305026
0.9056419261080297
0.8652678474764041
0.7473739146801724
1.063570141896376
0.00438022678977934
0.6804598210777242
1.1000288360691803
1.2424180078507692
0.9361553883793674
0.5249758716813304
0.9707645379172712
1.2574650980369557
0.5568643770927189
0.4073704374011019
1.194220890682451
0.734346671095271
0.643048029727089
1.1650392025679708
0.6212743103111555
0.5618416480749477
1.4105627431530214
0.8380663420995795
0.6779911449594613
0.26088732118694025
0.31636990770395235
0.4157875216222666
0.20155928005854373
0.14402699393755725
0.22416526528200187
0.14617225961924274
0.42753584931362476
0.7497753779966908
1.2368403893125421
1.1645366020032173
0.8439408307527705
0.06900980136120582
0.6913632891743668
0.2646975820494408
0.0770010812172437
1.3405951345004523
0.7559406254223402
1.2629643913338042
0.20142841528054523
1.051612110212455
1.402660407618717
0.22392851588033746
0.18467141411567478
0.9992883904782044
0.37369810833234274
0.4255247298539091
0.19485313423855477
0.4467567777722452
0.7618124662510048
1.250246982510621
1.224068526095945
0.04150061286070372
0.1424600325215304
0.8493008520670408
0.544555865579029
1.3319093417760963
0.9914940746040749
0.14809762360490797
1.2697913570994808
0.7443781560581368
0.8829399415276461
0.028136763411835908
1.315262808674013
0.14530231161390805
0.11070541519772459
1.2788365660561212
0.23408720449154052
0.20052619877046418
1.3470603192750836
0.529792828283732
1.2400291314168226
0.542398057364391
1.1773059689468042
0.879135864511319
1.156482608312737
1.1795979230285059
0.3688563959941879
0.6523292989214745
1.0777296659401654
1.321296289981802
0.4976322843531935
0.020162346215930826
1.3971794261575021
1.250924869880286
1.279554666946515
0.7889006678650288
0.9298861128587771
0.18806739648004378
1.0906324755091237
0.15940935512846977
0.48891264824158015
0.817127746433088
0.2071270515899991
0.434559710836587
0.41021484419952575
1.3751950344070993
0.11064297666236855
0.35171093555743493
0.8595350430207167
0.532275534869828
0.4590663330108319
0.9243862087241611
1.0646838280012976
0.9294520764964592
0.026729363213866764
0.9500324472711128
1.0263191553558944
0.36038178454337466
1.270506344150207
0.6355698378199482
0.08909903384197437
0.8570314767198681
0.545227809200598
1.1229082008012308
0.6892341582621963
0.14426220770090858
0.6470715111986416
0.9433131829170504
0.12855080781357175
1.0432309280978036
1.045235062194078
0.453161587552337
1.3020236012774944
0.650765675911347
1.2086527357036723
1.122540599513961
0.6647991357283791
0.7758446915891478
0.9406351821218412
0.7742829396245342
0.8556176050083937
1.0293768391019047
1.0559975548020148
0.8631001174037918
1.0837177932429363
0.7283153715596425
1.286516174903361
1.3640060205625488
1.310848616799166
0.8414942216031036
1.092295349575228
1.0089527992718061
0.9804858638079105
0.42802561888369367
1.0594258387052515
0.14416140159792123
1.200368479768676
0.13658666427595145
0.2547437665018827
0.3391813003344254
0.7697911494375257
0.9864146966960874
0.9139467219691099
0.9931737122029093
1.1212868895698043
0.401146217035653
0.6362091164644752
0.9031341766807309
0.005593991759392791
0.38580724254027665
1.2086458889691847
0.8727655182589271
0.030431977989039516
0.22390442284176115
0.2696766659118648
1.148315154727981
1.1341376328199155
1.2855473901798167
0.4528195034888858
0.05287223278046682
0.14768619886593704
0.9730311291150768
1.019568332191337
0.918524943008512
0.5787054361295463
1.1224478597234364
0.6306080019238312
1.3402524977092403
0.7863988364437937
0.4347671743364463
0.866854120083563
1.0282446930815263
1.0239477516287765
0.053465628446156876
0.8931161930262167
0.4830333744993982
0.8948913172945334
0.7408072278652429
0.12882217709041033
0.32681562679843357
1.1038909580965912
1.049179333752457
1.1105918367396674
1.115603491697869
0.8876692255044292
0.597627111283375
1.239886799332461
0.7823633918560551
0.9646670569299857
0.7153420699822493
0.6623166141677473
1.065166053803656
0.8016612379166947
0.9889765714325852
1.083764188667427
0.3401453125797286
0.9843851126242165
0.7331411662727667
0.03666182900895465
0.2614729809763635
0.4784621890242077
0.587277138896636
1.040503755893863
0.14859802823659762
0.05547918950377728
0.008730232231782598
1.026137460237693
1.1956452196159435
1.3233712806285047
0.7944810403111883
1.3241062193983364
0.27585236959965653
0.5740559862590332
0.1656752355838248
1.0369709382834023
0.6256970368031669
1.4028405936229227
0.2492086907615909
0.24567874505041265
0.8306446372156933
0.19432946923723504
0.0027792420633586667
0.32473871107647123
1.2875929013531315
0.6844715289516544
1.3835580184561986
1.2548923684074287
1.3651838486150338
0.7031752446808657
0.22335173868976188
0.10688199631315731
1.3029723716515922
0.36307670727285296
1.205192860994689
0.8915697005861868
0.6230215349911641
0.9527881484729975
1.0523603309045089
1.2613865109226823
1.3520157318119825
0.8293152473351247
0.9923998720909456
0.5390514263071681
0.49398911058086514
0.6005222126924604
0.5520743042575462
1.2437916204062787
0.2598398884215978
0.16850033059290648
0.3029490217899279
0.9094630578974847
0.7983294069659658
0.8279002082101369
1.11557769297053
0.3078271594898775
1.3570892083470194
0.3076858395578632
1.2380683072225007
1.2233974131683933
0.5025596523889344
0.0759249972187187
0.9869199036183872
1.256784069319374
1.3231671753461332
0.5731878950683782
1.3489769774308873
1.0385790339358243
0.4744067749011762
0.8755343415856153
0.5891297787914653
1.2533572612920638
0.25818446680732643
0.9989377056662808
0.21134831110839625
0.6159002114132445
1.039977337568784
0.4106601047493567
1.1629170580504922
0.425954969172503
0.5105233915780756
0.580241208349221
1.117619627714292
1.317618686498172
0.8921869130677683
0.41818111100297
1.118195680376203
1.0650774796076614
0.32069152583197946
0.08405430281130188
0.6030337905666594
1.095462996620711
0.25180184168076913
1.0862483451952976
0.7826298442910705
0.4171379325545925
1.1382402038074804
0.9879795745199489
0.9456375832575237
1.1040939743884552
0.195454775099015
0.9336560944784594
1.079372074484872
0.7620056676972097
1.2336349933596056
0.615674804760262
0.8871064791545453
0.9163451005123737
0.9544585540340527
0.27803839631981353
0.5136059802260349
0.2700927962359785
0.00856225908436048
1.3874522400581075
0.031035616282697687
0.010455683223425605
0.30827387879027357
1.1735638477638195
0.424981060372844
1.0228083869193616
1.0330512130688376
0.9082795068060088
0.3864378653207441
0.6351016522910184
1.135087960897491
0.8467801434749236
1.401646545075798
0.12237544717914062
1.0475957864350964
1.0746464711141148
0.43132892519831195
0.4340517989271286
1.1110343132123504
1.0270905948946274
0.6554599474281857
0.15126776287653687
1.1060839661897142
0.03485072119784316
0.27265431448408495
1.0501042062880543
1.231539146746355
0.5072794687889228
1.4105730587373346
0.495663696961298
0.9840582005965826
0.11412291129946261
0.4787369890073205
0.3702021563971533
0.3411685301041205
1.007985755041548
0.10186983537235905
0.6330663410156575
0.3734287515643916
0.7264025830743627
1.4035651333510955
0.19211064153336255
1.308608044069296
0.8987208702479694
0.5465838097864271
0.40376736720447903
0.4808590175148378
1.1760869835161314
0.08657182905382932
1.1044148562006413
0.32749957333232926
0.36076104524697894
0.8954263955507766
0.6445093720381964
1.3031877180798892
0.8889240464941475
0.7196612293124169
0.06340811284772507
1.2977454834729425
0.5716590262363233
1.3805441957721052
1.118192250985015
0.6835856616177155
1.03332069045478
0.9585510107585633
1.2389342884379784
0.2782791055185617
0.38763346971813134
0.3656328910413928
0.15409858460473103
0.869957732867196
0.5297046679670421
1.0150993785459081
0.6542364314821688
0.33238160499529323
1.0154397826848789
1.2387920123757001
1.3043314440355227
0.9343365207876244
1.1629630934546629
0.11307739722518517
0.891429309252452
0.7919646405351475
0.7656768572113533
0.41091326632325414
0.7349045647779696
0.5160808839702686
0.4245952384696192
0.6666303321385837
0.9952265308086778
1.2847109844070892
1.3555759298062138
0.7083819572945119
0.9923525139021457
0.06309973311158634
0.40783608574822927
1.2085606132206757
0.3799611233584284
0.10349576280698436
1.3074996647069161
0.6276308156624487
0.6002137205652528
0.06164185850656512
0.8970470813415038
1.3261740083577893
1.1529818940910217
0.354986703020667
1.326248528667168
0.6154870625030661
1.3523269673909453
1.1688013478268409
0.8724105250679574
0.03663093160015263
0.3744344712606972
0.5699435830708125
0.8342512205497331
0.478800363862303
0.8286774726931987
0.9298846371024491
0.1295846204676777
0.4835743772023492
0.44056002387861637
0.9275164362979836
1.107452805528394
0.29583927625976225
0.25086283908393536
0.16364602344118628
0.8746931360308333
1.4142111957441479
0.8271901054679256
0.21232087128736254
1.2710262608574574
0.7802992246401657
0.7462550186294581
0.2623773675929205
0.7712387247725127
1.067227117956782
0.7879648005353671
0.6758427251554482
0.6929156175940333
0.8374578990075295
0.779953483231071
0.7786721427141386
1.1031708861233591
0.7813720142259502
1.3270146698095724
0.00688303469639151
0.785716583258073
0.18271952760039223
0.2234615032310412
0.6728470020227061
0.28784992819617494
0.9061688917804451
0.9090305269528244
0.8670317118649586
1.0611612257858263
1.3683569876831414
0.13249089523060753
0.5599038050436723
0.5181877950061271
0.8342737408065928
0.049924708904027226
0.9887700156818234
0.8812643651349535
0.6265449550225645
1.1335617613607534
0.8738047861928308
0.9594810315941502
0.07358677926095836
0.7035253953363702
0.6696922013898939
1.0017424624787972
0.19733679947102012
0.8138806803969673
1.2665487954491725
0.2745653966861833
1.328808714106327
0.7119211995188586
0.009221864348472608
1.105658392820445
1.2279140201991023
0.263505720622746
0.3388055834026693
0.6041333620625431
1.0423622072459322
0.9244964325018973
1.0353344221010403
0.8565165740832379
1.234616836297266
0.21294769319812212
0.6449966040520618
0.21836410486688684
0.12418020138461672
1.0456325313650463
0.15751280047208172
0.5417315405624694
0.8656329795002731
1.328460868061934
0.6122094647029842
0.24092011477333475
0.5606787704397465
0.8787132717977202
0.8926444919889189
0.9611886487607986
0.9373777301342032
0.03917921033867433
0.4524165275424751
0.10086682977793238
0.00957507528332835
1.2637284987532138
1.0426290004526468
1.0709826818875352
0.5949512805832851
1.316184472525239
0.23736267384342336
1.3086948592695968
1.328337489241015
0.8523751326002181
0.4963552824349921
1.0318884945238187
0.20925774049435897
0.4043063304279225
0.04599098503058674
0.7644551650221961
0.12849755867410828
1.309955972695097
0.7259340619676706
1.013017740513402
1.1301013137844942
0.16682078820584734
0.8499910084952987
0.5566975659360494
0.17942662106617524
1.0180669750962612
0.3974336822381526
0.775139483581167
1.041221504640373
1.413560063346134
0.6349031103968908
0.8333295273345099
0.9409491997300832
1.077266685400819
0.577226295618358
1.1958868358181238
0.19089699704500385
1.1020585258446765
1.4068774829899917
0.45191715846785135
0.5137326225748434
0.004865564990726878
0.21428596731476468
0.45001304375142565
0.7509624597004988
0.4122303994924425
0.1217170675561533
0.13986849312907945
1.357391030341101
0.21054751312597952
1.0136012864653328
0.8602778436561324
0.5763102827054062
1.387765829241049
0.4252153123024885
0.00922586841596762
1.3615798532109582
1.0661110834543974
0.8461127179450685
1.1574463754353048
1.3421812597814584
0.8103767713901898
0.0025685034964679776
0.8443642784835331
0.39023817409740724
0.4583010268875591
0.58252227801769
0.6975782389476142
0.5590056815778757
1.0347189283916622
0.2605269641693654
0.4125370698094255
1.1878896784527482
1.3179342424538891
0.3591817708835676
0.44193744409410335
0.5209177233574585
0.4469728605717025
0.08759153709329126
0.4164434192805323
1.3437389708636143
0.3625959394776773
0.7231627780948524
0.2918500189848824
1.33745834994493
1.0775862424714977
0.6220640434501976
0.3885523878548436
0.7470296136303493
1.3101027371220075
0.28859195841393936
0.9150022861472885
0.7807690309472648
1.0811810246935696
0.18924304737270914
0.945697221792393
1.3459869435647787
1.3928708843864723
0.5776222350773138
1.0258285680142076
0.11072415985781836
0.6107090740357131
0.8214690198421826
0.3427714946300049
0.7232611869264972
1.0827681542176386
0.9657015609230282
1.1490484662426015
1.0567553758191754
0.553854170968262
0.5190772604144711
0.3080926718799518
0.834717735932211
0.8480399037518714
0.8209473068740557
1.3026148547220573
0.5423160218271692
1.1955685518480605
1.1073376766091065
0.4552252414546474
0.6875854535781624
1.0589578663839945
0.9588930986241452
0.2889166935602706
0.49860067677237574
0.051266371580261705
0.7963702194108966
0.33669182809160914
0.49702798394766473
0.5983428265467471
1.3356091613835026
1.298654281733606
0.6555943641456874
1.1284410716564104
1.3148893269598672
0.5459328224658391
0.6517638082973364
0.4544719856690432
0.5717900234424127
0.47191306687371665
0.39692203302544826
0.7100689695476309
0.8901943308327105
1.2832614015447743
0.5720723267956098
1.317581736235828
0.1798985150104505
0.7471861499298031
0.821181413930127
1.0195125725282401
0.5207583075925692
0.7442555085331529
0.1845419456026407
0.997080041327154
0.4525635002310471
0.7174895279385917
0.23536079568253554
1.2388363356470107
0.9171474239697599
1.2741677912793612
0.49570662324748366
0.4327035750537985
0.8831733374298546
1.373867472705043
0.3929417129487716
1.1321535631755237
0.7919864480911103
0.5030421075334093
0.46727869158847984
1.2281113478294736
0.7766489380694398
0.4385642840018246
0.6185019939745301
0.8081538625120722
0.01126274960660667
1.1304576645850586
1.0053549184565838
0.8807267532851359
0.8049669294850162
1.2014703225677645
1.3930423792814157
0.9592118534000872
0.9819489270068473
0.43373888075922246
0.29151545971912707
0.579122487749529
0.9480838360467082
0.30224238101390877
1.186120644987904
0.5717996043589839
0.12355064121149717
1.2205765174355814
1.2554438086791333
0.43001116407318235
0.649027750155156
0.7746317765825422
1.0083103194849143
0.6434467160120627
1.3026264121087434
0.47336624579218645
1.1826494964795276
1.1659066813117434
1.025904251882479
1.3887532971255214
0.8560936336839474
0.13270023012139187
1.292056211493601
0.6055262494503887
1.011253919529622
0.9834854418349732
0.9895032118315297
1.0659753649038672
0.4489026977208936
0.07266873777379745
0.9845636767136429
0.6884819240975302
0.8826191911229798
0.07810692079543868
0.1279345340997785
0.06653947060495091
0.5431064041265822
0.7017504171724056
0.9135023615420674
0.2529699302272791
0.13336829468785616
0.702543188080323
0.6066691588270509
0.4223696020513986
0.8598072265021383
0.8798011653938522
0.5698169298220689
0.6480030296900287
0.889131031074171
0.9272726596793002
0.06106909703585506
0.21966168530433083
0.16782507964018478
0.6291961580410305
0.28812070921561717
0.5800393973678315
0.6569884024080598
1.2316470332276728
0.39485301039773707
1.2660130537879364
0.45437128331498444
0.13957371256039108
0.6500589166728548
0.29118879214857973
0.811512661594538
0.9494443296897392
0.9086915806441513
1.1839007020902528
0.5617863971402781
1.3260401515981446
0.7134175046644563
1.0541829656329613
0.14632247451480773
1.3899720484195008
0.3069995045415609
0.47994812296724526
0.8161836483808367
1.1210776007334864
0.9790111143021613
0.9816826776173727
1.2709391516905573
0.4746955271025011
0.8115763149289761
0.0675253947590101
1.081340110713255
0.4253677775017999
1.3975422176552779
0.32472771533859335
0.5006038515023608
0.18419605835167208
0.30284653814872065
0.2933978075513528
0.3587042089332741
1.139448951608998
0.15908654070878592
0.43826374124456907
1.1991702505032553
1.3840750338922867
0.8111469703031063
0.9314470189753483
0.6075545221133598
0.3832238959023355
0.8414396392625646
0.42894502398218054
0.6228457240236641
0.7420898087412289
1.2959514044747606
0.2896318592107411
1.4022880400929005
0.5193043492185812
0.13437158500718294
0.6324297496780766
0.5019179396612035
1.1109833883570939
0.13328143053907449
0.8916178112318688
1.3159875973734996
0.6886291895546597
1.3923186002689656
0.2585997177500413
0.9066542068732106
1.1717768454112112
0.600747873690004
0.570022205295017
1.1019519089558238
0.43607920918875603
0.8150151182329237
0.29384821993028376
0.6001822362752872
1.3805988300414143
1.2870431321282798
1.3625439513769027
1.2291421571273904
0.8004044111804333
1.170365282388215
0.07985118229421906
0.086700607606081
1.1512593085057885
0.17768123435758287
0.7724720012224322
1.343807881461941
0.600270625767977
0.9350367570769171
1.2455564953568008
0.9628161286950294
1.045596639950711
1.0839862990500033
0.9721978455198109
0.0920030149835177
1.022208871049028
1.1518056478310108
1.4067280418421508
0.09062786697876879
1.0712149903770793
0.9653241882529416
0.3057126467781087
0.2881197273149485
0.8879932167831291
0.8685659171371839
0.16035497991457004
1.1086096192786148
0.6064604660560198
0.7222813473865213
1.0287511916450485
0.2282558358824136
1.4062709129844202
0.8934250082431632
1.406166390488202
0.036297317974478216
1.2272362078050842
0.0481254820436543
0.04835457818290123
0.20797855550476096
1.1506002862603004
0.6162293548449551
0.6226661776731631
0.6990254157461103
0.20606410452281432
1.2207216426621055
0.21786198139206414
0.8134939196128882
1.1103352641592021
0.7396000533762057
0.03265043708090587
1.136552365841948
0.21503180058298188
0.01620482787494615
0.199414637519023
0.12365405467115409
0.0558370622594242
1.0882173098616887
0.5689972272611764
0.38547176970803027
0.20988332435040613
0.23910363058599515
0.6525053527499959
0.8897902193885441
0.845473142818631
0.6537560449433926
1.0361855886921785
0.555906822318223
0.6366222654413026
0.6275407668155021
0.6782829365017534
1.1877975667540035
1.0922519069393983
0.9808147078300387
0.48409066293320774
0.6275914590990697
0.49555139292376216
0.9810326893044543
1.0153086461345857
0.36161937828445595
0.10320815395645289
0.3186307346620939
1.0652002416227664
0.4061546839591067
1.1207007891774579
1.2642366819129225
1.3397041973324098
1.3266148737144112
0.7439458835940587
1.2466584854738418
0.18443641554905532
0.9290798444461685
0.968751426878074
0.6807900536387794
0.2427897082286874
0.9509127061545587
0.19108147533167652
0.6130880577461364
0.0999024478344821
0.2362900383478289
1.1806861372652628
1.3507809220897233
0.011269132219196787
1.3857975095866886
0.6714338263790568
1.0667867617406166
0.36825819969947043
1.0088936581049939
0.1487606816932331
0.44403588035294317
0.182080448931205
0.49671379873811156
0.1748642241386955
0.17824223932118233
0.2772120978565693
0.05054776899613578
1.4069737589027682
0.35734180719038366
0.2739366055675505
0.13965510523679703
0.3009138917518923
0.9964791121531391
0.7961390253591608
0.7407276733930164
1.2254162697879831
1.1601950193308652
1.1742867477293015
0.11954386509414694
0.41373536889014406
0.7998287484886095
1.2736217118016895
0.3495992284205729
0.9145201157971449
0.5340604508765227
0.9281711605939045
1.1853256846317604
0.8732606708928434
0.029755266680085768
1.0205378205092566
0.15645410055034736
0.16109051096855287
0.13693708879428812
1.0172147861767833
0.9983767685251842
1.2925157458951129
1.4041737353114985
0.6160974005983113
0.21342695004305434
1.1049072792010741
0.9608736519103348
0.5558767973148004
0.7393734668450195
1.1685862933610323
0.3224922787934196
0.5609933391161617
1.1234542619124805
0.6760944512051795
1.2048925079611794
0.16144824120894896
1.2667865653944845
1.2983916484372497
0.3181911875922505
0.5457585731301997
1.131211301637859
0.29278442679049843
0.9211224768738687
0.6901284398387523
0.07853344965772802
1.1577692791951792
0.4222598086162147
0.5040633488354468
0.3456052227739114
0.12616664869670435
0.9965265966862421
0.6290111374405635
0.8684690917250187
0.4475427792633876
1.2011314841881635
0.5261423157314491
0.7933866612084061
1.270958768474965
1.0481570991862097
0.4537532630112013
0.10800313277199303
1.1053826723687812
0.41746746668488116
0.2501828489972543
0.26424427440330334
0.8906779656566696
0.14351463887654392
1.0355632178887944
0.9255688549971506
0.3168960655963051
0.7623712425057847
0.10456535429426095
0.12997503610887196
0.9134932122708943
0.09635239708517562
0.6483659282888619
1.0838689652662157
0.5874158596908698
0.44772860919275337
1.1671158249107039
0.17589498239104073
0.1335593790504932
1.302313663860942
0.7209059323884031
0.5977357057675334
0.35615983863569617
0.930912591679699
0.2929329114226512
1.1455010475910314
0.4045586237460567
1.2831152726327901
0.8444896451503553
0.22474181218153244
0.2598067726853954
1.028803935404334
0.11565833047443508
1.1767363059195046
0.8325932231545978
0.780866496758153
0.4474966838491097
0.48881117583573475
1.1812695517990235
0.29947923735115767
1.021220895389
0.8724616595962069
0.760757602862324
0.21004650626307464
0.5945266367672366
0.5783454043195113
0.48165584032910164
0.5491307950296448
0.6586399462649623
0.6898988595310138
1.3035512301308703
1.1231254948655645
0.7162982567602683
0.5115503564379804
1.2858510496764195
0.3070529779217408
0.11204252290496564
1.374474321071053
1.3190771325272923
0.7421634077235952
0.14913387085748941
1.1462056651935701
0.18392906103743567
1.3083868914404326
0.5882152770695446
0.3033337025842209
0.8448379412917819
0.42909446596940726
0.5574681452641228
0.6967578622455999
1.1477587999040586
0.2533983782705449
1.232239710829236
1.397919240060665
0.5118338877579297
1.0153463226860595
0.5847430843914274
0.35527861945954886
0.5165456328420136
1.3738395880995573
0.9935167676748689
1.0292117305452215
0.18989016076826815
1.2730122782684465
0.31428578677701724
0.5745156852544284
1.1207928437678047
1.220357493095884
0.17628686856885012
0.9123066916641073
0.2752616199545198
0.11997599178195018
0.13535293820498684
0.6125956252872047
0.47036754000029163
1.2814889900009294
1.0385697605760147
0.3012046607160126
0.2881102130692689
0.41904930547122027
0.7800749101374681
0.6932805572993195
1.3998058852288424
0.9219528427656201
1.0107652165774674
1.281580196587854
1.2253042088022101
0.7697885520127343
1.3302176403737689
0.9274413672567932
1.240554123396783
0.5803868295805895
1.0160724217443322
0.7742707011260314
0.09828081929733357
1.2164666896371281
1.2247275826093458
0.9415674108555472
0.6731577280129335
1.1933542883833739
0.1841172084782836
1.0687096672894854
1.137221521387801
0.40061941935271983
0.5592909592811108
1.2568312820028624
0.8437554048698522
0.5684937399546757
0.5742962356660553
0.3653068809012402
1.0363531694137915
0.2093819184894895
0.949501140262294
0.780974724918503
0.28838162563107617
0.5895560717282351
0.07310523805939273
1.3987686152690035
0.4469653923792629
0.8709422032525841
0.40731521806403204
0.10862501226554122
1.187054377907663
0.6531943843445983
0.48465757080154925
0.48699075947359316
1.3590282274487033
1.0458730552309974
1.0535459067387962
1.0360324502549971
0.738344716945714
1.1849277856427447
1.151039501113393
1.370322699723138
0.8169446292134659
0.020269766109037635
1.0740143536693783
1.0168528515504653
0.1010052422286376
0.6079768250907165
1.007257190957626
0.8652052584872657
1.1348717383181963
0.5197222304983993
1.2622956125292064
0.21855192655489952
0.1940686467953766
0.717057809245306
0.03429195466682222
0.23189485616669825
0.6477848312179851
0.5159369321196638
0.06015903135910805
0.10005328514446532
0.0340020212054446
1.3259640496176839
0.8593475139665769
1.1596366458425944
0.2840786048785091
0.5821659993417392
0.914906225122591
0.33129192112605155
0.43449645364558215
0.04224605701913642
1.3814809401615662
0.43861577595722046
1.086893464989391
0.3082909027394405
0.08581569567041958
1.2897048283236345
0.42052410604723833
0.14472266396795674
1.0092407562156587
1.1011871194455085
0.7865448542496916
0.3642618584653368
0.07356559404224428
0.7867497806309979
0.9912985818782154
0.01322708286767127
1.2515922141072087
1.0445138040307085
0.8349453075769804
0.9997693476309824
0.4028963546466654
1.249574757283629
0.5649624800350184
0.6729167821871553
1.167075411268882
0.5069440752463488
0.9824491819466582
0.07152917872677222
0.29959831079647037
0.1926934555386074
0.9508056789594066
1.066920823178854
0.6594159111245087
0.9902773532212584
0.12373830492699678
1.007159926531655
0.39323259780986153
1.2736757695819958
0.5174941458460312
0.20315337320145166
0.14120571753389966
1.1567837546083946
0.4316164816943298
0.20410913648179385
1.3916642228998979
0.8473090789585309
0.16553070302241102
0.5657057567760829
1.2829373124562768
0.16947165447749934
0.30331210213530846
1.0371627375070775
0.08659846852568465
0.32887356757944164
1.2549180470453136
0.6667650284178092
1.1483300267766245
1.1806558350809269
1.2304618512982806
1.2719899269627357
0.6669818384022387
0.39793384790333797
0.3250163784466409
1.2967232156399318
0.12179425158956236
0.34167378556737826
0.7444625012896167
0.10617995675430125
0.5735528255184983
0.1792068779306678
0.3996357401840325
0.3372744780071155
0.16904173043928716
0.7993771814290643
0.7274481212474012
0.03692473160921983
0.7199137052403799
0.9887810900045302
1.3670026721579938
0.4610657020040749
0.06454581980831786
0.8464740518074068
1.0869368874955394
0.9746512008922804
0.8672943597620698
0.05528668008122495
1.0976523126258924
0.3255608658309709
0.851550588148916
1.258083028083898
1.066923720396935
1.2314719023324523
0.9319280825585983
1.010885388057979
0.6064894329765983
0.4332705242855783
0.4342033881328309
0.1459409507746957
0.8319122559330997
0.9635404996551117
0.31982905069623846
0.2322387921038087
1.402878692035858
0.024955622586167348
1.1344363247460327
0.3197523779480035
0.8305811701222239
0.5191795931012464
0.8768761230665869
1.3987438495952622
0.31287477264023766
1.0341883090157173
0.25491282728515574
0.22865384521383614
0.587782557149167
1.2671273122837163
1.3080321198043166
1.1877800915784675
0.3471023343710755
0.766660888358209
1.3509425376426845
1.275760036479961
0.14574185299222797
0.2892131838353147
1.1558058378100666
0.57492047873435
1.348407675525614
0.9226837711048529
0.09920687062186773
0.018444464168171137
0.2521820596900819
1.2002943879796284
0.6561058813278543
0.5398449050435845
1.0121182611194732
1.339002100938126
0.6762264740989439
0.929522111032278
0.7776634783390948
1.0497643487024049
1.252448538082289
0.8809937377539154
0.38089021569983705
0.02571361454504073
0.09002102734827633
0.9021050808552165
0.4433129081469181
1.0818268873641272
0.6941212536199761
1.2425723449064359
1.387933243928039
0.983641725800738
0.08844940723046735
0.4381934045579203
0.2810269175356038
0.0029473549068980143
0.14313825690816306
0.7194873758558782
1.1001412758375244
0.31578700158854023
0.8097573885992103
0.10981954921039472
1.2696013441674356
0.3274170095423691
0.07571297160590595
1.1944340959961317
1.0389191774880746
1.0024567418543462
1.2721530588272125
1.0559161785746576
0.28011494942997783
0.13690771309446048
1.39812597208681
0.676555119764358
1.2831667255501624
1.2643891266994958
0.607664083611784
0.02327332752672584
0.7533741006314625
1.2113048793939318
1.2496666134142849
1.024046473059294
1.0157993624219137
1.2868396872371783
0.1506131753843789
0.5343742621952485
1.3883846787907868
0.9490948841175212
1.077666392920321
0.40042440846309435
0.6152853576256938
0.008254577416874742
1.0290482885031573
0.9316837390489443
0.5101347574510738
1.3095833722485513
0.12428555858854917
1.22222362769773
0.48891024456533466
0.06598977208925882
0.23410513552413403
0.2816746842748239
1.316606979947408
0.8313878753404218
0.14038418449383216
0.6554765415605737
0.5288723667193003
1.2680532349138138
1.1666676649027359
0.47367155068020866
0.37607270628519496
0.02783461495577333
1.1355007560602657
0.5242136683373582
0.06663786181554987
1.2415372633529138
0.322482307705379
0.6411998683067839
0.5842482283936266
0.6182029233164978
0.7665142181815525
0.6477445127988914
0.0016201846779355655
1.0614479491607753
1.1333518636084239
0.9001213754549038
1.410048889224999
1.2722457832589944
1.1290352745289811
0.020494733594269454
0.19014742942413276
0.8961922246338548
1.1643716857763313
1.0653938613311669
0.5573632552820555
0.7094172817572211
0.7882123661868289
1.2704318126418461
0.06223004952566524
0.8286598643247272
0.8560865135665842
0.3240096013110605
0.0738861585777636
0.6979845093980668
0.6792549623695059
0.058660848846051716
0.5629642459576648
0.6146016046724948
1.3552016634750914
0.3710649011051755
0.5784279260079935
0.05373441168749671
0.7047763845978448
0.6189654977695276
0.6973098586856299
0.060485155215812325
1.1082140710356376
0.5035779798094107
1.2188308198987494
0.9834404346364841
0.3704447190521861
0.5795718485668166
0.691766310766973
0.5093415693961763
0.7386683185107243
0.589794915581974
0.9017636385964182
0.33563588650591236
0.7674068747201743
0.30512880038527335
0.646956218622263
0.03843083885667464
1.0443264125373317
1.2377589260601547
1.337245187605944
0.5353723758011424
0.9565823331271136
1.2678219319049493
1.1021600343510598
0.3605085234895979
0.8398663814982504
0.8881418332534818
1.3695170795171838
0.4792391873807031
0.43919101796144655
1.149638847877534
1.1037669816771296
0.3057630504585953
0.46640020272384575
0.9359286362327806
0.258574333095838
0.1914032758833577
1.326103276763213
1.2009847978443924
0.31953272397631016
0.3131334751324101
1.2677953478458166
0.5498101956022658
0.7172641120400566
1.128528826641773
0.17599804080096948
0.9654041780013906
0.5978304320352217
0.5398389582244196
0.7662143709057825
0.13595457124529098
1.3014845717290724
0.5017129498483843
1.2203233044287518
0.5956262523985218
1.0561292250065037
0.85269635910522
0.19720538119201025
0.18823135360234122
0.47972574453655203
0.9202028768090881
0.7515452712859595
1.0204162322241823
0.6964156011470238
1.0111988532580012
0.15528465644038203
0.08524349707953016
0.18649106060939535
0.5067213948136329
0.8223849742947196
1.2507899072829238
0.3375080706246044
0.8842277431103485
0.008365800084791486
0.9732991093757967
0.6680306935004122
0.8402360262883398
1.411923958374248
