0.1638834087064921
1.2816671023247008
0.22402506141178424
0.7394751732155789
1.2985048640890078
0.22864622599522466
0.8901854598069469
0.9023606409786595
1.265517326519891
0.39067334035423834
0.9063039972469655
1.1808713928712065
0.45160038308312017
1.015753580836067
0.34304440577875506
0.9639738992933075
1.3013240095659404
0.8520503669403676
0.4067665772067127
0.7317464443573226
1.0464847253099197
0.6908346888792785
0.8976957162168798
0.0874783680742175
0.3037700729022207
1.0834063334039654
0.8067803218463392
0.21073104309762425
0.8440627043902105
0.44487750689545374
1.2105712971130642
1.0630150175256659
0.9042293598217778
0.49684937038484683
0.9975509454219011
0.8719412984386713
0.12521640730018957
0.8516303373654117
1.1292720131182832
1.0891856362430872
0.8334423713041035
0.6165284675030491
0.20888672404385933
0.5933074308064881
1.1932371667611812
1.1379158578824442
0.0704923008187377
0.21570205582157154
0.43893561734166153
0.6417954401079176
0.961190006960164
0.42183034789705415
0.561445865546596
0.5546651048913331
0.8183556608457234
0.5784160877140998
1.069837283860365
0.6354720736942366
0.7070841405352593
1.0216284352574552
0.7526987006005124
0.6009433076327575
0.5514382173219272
1.069235172387569
0.9023053146930421
0.7935020942122608
0.2692809338143818
0.4948872856862674
0.25791180032665895
0.3452021819052906
0.1665928598728813
0.9322872534225117
0.16731464779704786
1.1578337296636794
1.4134434908516122
0.7203079515127381
0.17168376758042436
1.3240985017888356
0.22698465790628297
0.934937854348
0.6013733569278533
0.6697098604642087
1.2439514707172923
0.7688291021739696
1.0804577210093151
1.1892388135610517
0.7146234820575449
0.9091868025980359
0.3144814812265192
0.6495741480167273
1.2720844177818529
0.4452972696625109
0.5144448217851841
1.0288833245342777
1.2059956012772306
0.670125093955065
0.40971554047798414
0.6569509183010548
0.06788588480188684
1.09908310145711
0.4447606660316474
0.6589836822596957
1.122178633687514
0.21915513731958203
0.3583602962145916
0.5808354430336438
0.03639686269320874
0.9638554749963499
0.3421109280200042
1.35873284205023
0.4133592464567146
0.404361828878351
0.5290287585201701
1.0349474272031007
1.0336742455576533
0.8816034635066529
0.3915152913288397
0.885253372152795
0.3289532231819945
0.3358827442049622
0.43101330053802117
0.412887869614233
0.8468570424608488
0.06658508903857618
0.3896364748821351
1.1252320766088113
0.22100619239384456
0.37977049887619785
0.6525384225941728
1.0692628153890602
0.9588413526633407
0.20629879458248968
1.1433971026524248
0.927166447662963
0.32622789149544185
0.45555132860247216
0.9806550176899088
0.30462056546041194
1.1191504555287666
1.1707602143215898
1.3450208401306778
0.5356670438371123
0.2387621097117486
0.25029510946747136
0.04249298390636813
0.04088492872895022
0.4284251117211992
1.2496986796867475
1.2693293463800495
0.10356621645959263
0.4639075011386118
0.44563940423036624
0.13053384291591008
0.12804426611712438
1.1849589219146464
0.6734991823658804
1.38098961465616
1.0892519383800283
1.3852384341213204
0.934285780503652
0.01754791418632562
0.7565760473325961
1.3729910702368924
0.8169982973119135
0.4634735805814831
0.4502802352075372
0.5339159418404562
0.5995380405638454
0.6906411788226046
1.346817837355883
1.2531075849059254
0.6820337386128875
0.28562334171471304
0.7486641357912477
0.6859478078506867
0.15565749048377053
1.2057009010749378
0.42252033474708617
0.16867765464692386
0.6109759840779152
1.377288233982216
0.8572966597718498
0.9715202546295302
0.2415668529439422
0.531674810284829
0.7177133102350214
0.5838471783391839
1.1776354380729883
0.9513015360061648
1.164396183752392
1.3337945387751275
0.5286230810934391
0.2201731722120528
0.7875266776693399
0.44855329602230787
0.2559482746947782
0.9225394911344859
0.8164957273134978
0.8147113492179779
0.6420689659003724
1.3843136967073355
1.0117161275900268
1.1448957314806392
0.1447319628042152
0.2142132587440405
0.22148093124151313
1.3157859626586923
0.26499823858485294
1.075999058667487
1.0821721088571328
0.6708356174059524
1.273619473755645
0.692753483774704
1.1320790227679725
1.2982937439686726
0.9630095736627362
0.15157127107263868
1.2947397418430273
0.48257325845719334
1.343723331561799
1.3265953152562595
0.02664862107191679
0.872839259311204
0.5784498579648143
1.2753892786721028
0.1477906403872078
0.02989107235368882
1.1800530155574873
0.5174930269384261
0.40019081043405286
0.6909201596580657
0.41356485700382306
0.5067522026197017
0.08377368982012867
0.6300288169751064
0.3608068139611865
0.12486394869039164
1.2211772205412204
0.7490318325139134
1.0542427459406776
0.6129088674958959
1.1610171142059504
1.2615199655163278
0.7514523469355279
0.9072862108785784
0.9089769740481094
0.029954876531838814
0.818512071343819
1.2909862782226649
1.103174715917664
0.28233522356997554
1.3026665833107836
0.24916884577477882
0.9199107264910434
1.1987155105939769
1.110957049812066
0.6149539631358111
0.7948704901738045
0.9241941552066383
1.3580188944924543
1.354401712642746
0.12414118467529311
0.2905486548845675
0.2433625146707118
0.9545242613628373
1.01692366887812
0.7861453582675708
0.6432361219708977
0.2413241907093494
1.3914751985314782
1.1065339335429534
1.0424080330382355
0.8866235056396553
1.0492488939693212
1.2255529065906425
1.279640303603997
1.2520430961514373
1.2971243787105848
0.40315779507332444
0.390962678422176
1.024641219434409
0.6756758911424393
0.8329256222635985
1.0452139855529987
1.3259361987292921
0.32783610116132555
0.6819983345028449
0.9494546892731722
0.9127659208229549
0.2147462415538306
1.1812581357233538
0.2896689512010716
0.33071746039611916
0.6460834987530972
0.520378272795631
0.7774372142005275
0.9611093931485966
0.7371060758133529
1.259497997684079
0.19598052584300407
1.3230375439023243
0.11855071911990867
1.356998621048565
0.9451286490534508
1.0371212761008735
0.3352627023550049
0.2638517300740588
0.42220485522847545
0.31958613901197375
0.991619123943298
0.7307709219122848
0.7225951689308906
0.004066377013963618
0.4870900335925789
1.2503917667754805
1.314371995777437
0.19466248979870993
0.537002635206422
1.236018223184943
0.772046174077307
0.7973663962144377
0.134434712685363
0.3221852625730063
0.43945987835126543
0.9245934090114146
0.3564750549626759
0.922914538073717
0.15492810272361623
1.3067187723427007
0.586350881447248
0.8502959224014095
0.7932891481610521
0.4040714371842632
0.7716233764574791
0.27763142347761305
0.1886413897175364
0.07390289725776511
0.35393549175348027
0.33054909642860764
0.17386267388933774
1.3128743485749617
0.49368350297827696
0.5863068465238398
0.45779784144295765
0.0714844566993671
1.0488725641729901
1.0759880319650734
0.43517450310619715
0.5580443173902865
0.7020594692616243
0.1797634081756263
0.17713087788621995
0.11445739351943285
1.3631045460195286
0.12553056733176837
0.7641209727160264
0.9291880611887345
0.8909111625659235
1.0724336577288953
0.7575227690324048
0.49780695653463836
0.8401224694889314
0.04668655582941461
0.16719087006147337
0.9002651493580505
1.124495473932711
0.6059000812251703
1.2229457482838066
0.8681802548198956
0.0012312662175996136
0.4598089810926758
0.55608074420661
0.07529742445473331
0.26686436112445955
1.2091979193552809
1.346101844602115
0.8165090268095871
0.4856181465418621
1.1247735410209792
0.12697833421451488
0.6730591244511552
0.15554469977037622
0.5441832826274006
1.0200659338279567
0.20157708872728353
0.7509027418392105
0.6333201678520287
0.6692658223085287
1.170699378750725
0.1959086252241592
0.4340247475391571
0.9930745350595458
1.2325191255033534
0.7438844783292139
0.1963984306406883
0.20627522073361015
0.009030650409574625
0.6296247903222961
0.8036785983854033
1.3271970212611297
0.9451424105875044
1.263771907993473
1.404936878830721
0.38406911895967283
0.6116938841821622
0.9961431017708023
0.35845779452338367
0.4808429225488363
1.123745844259515
0.3975276782081487
0.6322655939504571
0.11385934242706686
0.010556646757000632
0.9678716766563099
1.092058125448902
0.5336625678882638
0.8618992010339132
1.3429433626414873
0.10207339704427498
0.4776938208328002
0.22895754728478412
0.5975727502936286
0.5491854397174736
0.06977802088838014
1.235993318386669
0.14220306048096476
1.113712547505615
0.44800553762030365
1.1537828625662672
0.407099817135281
1.168486155091464
0.25284243097426773
1.2006154561870344
0.24038730176621237
1.3902770196346972
1.2144807377482503
0.886372845747158
0.567558917653688
1.0729165470533257
1.2298490166348421
1.0624265794011407
0.749673333922799
0.26129482388875946
0.06854298419665406
0.16189001320018004
0.8410601343250685
1.0087879783203373
0.12043806893580489
0.22924481341963
0.5223831908418359
0.6923726253816349
0.4481721257405034
0.46222629639757634
0.327675188161644
0.47404402795344974
0.041284030762941404
0.11579902635369266
0.3928137451100488
0.6669978215464288
0.905036231466273
0.3326648240209591
0.2001247426980295
0.928057595720008
1.4096440830627404
1.3801606222171907
1.1202670008197888
0.9024542908954005
0.7159668166823248
0.5504391137455587
0.36345634974269203
0.9137502838339245
0.4883506931233661
1.219245852492277
0.07387734323352058
0.5946063310437173
0.3186844550698117
0.04083716645373159
0.37022722270010694
0.856344191872093
1.3737441346551567
0.36977471672421625
1.0498342440416426
0.26128454554567093
0.7720942358180994
0.7012574114868348
0.53449233773567
1.222444003508645
0.5756687665485472
0.0463570542454117
0.024214804306769144
0.34773679939410046
0.460117378050481
1.281635178413002
0.7697806080027414
0.585431097706639
0.5929462228169994
0.4787254433405501
1.3205564511688537
0.4350493647250098
0.8714347889717806
1.1898878817952818
0.019237973945828712
0.251179198548663
0.9259089499010882
0.5303520515157658
0.972774141969162
0.19232972987511265
0.04419604177460046
0.7612298039927625
1.2550048067805306
0.6128640984912783
0.2495804471276316
1.104352649755244
0.901146478189729
0.24095172904056206
0.9527710412044256
0.44190416683401157
0.7148970735788965
0.45437670539476593
0.8043884318980358
1.0630131014489004
0.8861142515053001
0.703232427247247
0.4355721874461504
0.004891947657389317
0.9429794709416748
0.7769253494636201
1.2489634267550858
0.01348161542815185
0.7562492354501125
0.17384249399531848
0.9092902646919517
0.3884972232026548
1.3460968583127149
1.178222872492909
0.23253275729483658
0.12191003403974432
0.8788225218423884
0.5037555417995472
1.0228022627531925
0.696719916755338
0.6657364832123259
0.38742463055838844
0.32951303058433246
0.18374005177111308
0.9780922214172857
0.3942311091187499
0.23331058112731784
0.1059891228549783
0.6071776058274466
1.3626468773278455
0.790341744996077
0.4084731972263291
1.4148051896416267
0.6687793692529131
0.15514499424428374
0.8429123268454721
1.367776999534612
0.880407065051559
0.39258441327709037
0.0972466345978652
1.0075743305130407
0.12956064286163738
1.3738590377913424
1.2399219299722897
0.10117243530074793
0.017332719211072822
0.9015246065287108
0.02788211419827924
0.2623911232803283
0.5498475676900954
1.1460244923731107
0.6552613708781427
0.12245153025142064
1.3081502040266475
0.6735642825351972
0.4611900453059515
0.28074701995275964
1.0325665153205295
0.7195449964482855
0.6874749054941164
1.398358121689783
1.2386419679342546
1.1565101611647441
0.35028961478802995
0.4347764206590355
1.267037190486581
0.3318072093715404
0.10210593629063702
1.3690057680408678
0.37932479516521805
0.45947689165615163
0.07648361900910072
0.9044657986637329
0.9779076932301303
1.2928859545737368
0.935650751400954
0.8094446772159607
0.26494345173368683
1.272970643134369
0.030631272693533163
1.0415888905279846
0.7767029416355498
0.36459987602882393
0.6939769262864284
0.8735409033637513
1.191095409944975
1.133748590452528
0.8299215236104487
0.3469833848142031
0.7142030779503904
0.8564778072916298
0.055310482074114264
0.8188839473343337
1.2168398048287392
1.0578204601232142
0.4608495298570556
0.41040950341444526
0.4503321340513661
0.6990875598894298
0.8434580756039323
0.7213170017798748
1.1022181534706377
0.02225687212706673
0.8892631632130118
1.2183112357626853
0.7950843847597681
1.0199838775363004
0.4006321348992836
1.0686105797138847
0.47679652623080687
0.9422673432726246
0.4344931941042479
1.025438095641699
0.1760895807783267
0.5700308970360286
0.8818844113410798
0.0018979426447834902
0.6332423055588489
0.8448430508276522
0.3113662333874254
1.3044122451874745
1.2856200695748017
0.023267399943776912
0.21502231899017998
0.9612925124488153
1.2410164814218307
1.2896264446600032
1.2234593536508354
0.8695798412851073
0.06295185012163329
0.8414593371713753
0.27036511396777985
0.0958156527689471
1.3289373924234216
0.8155821071211012
0.8090618452635356
1.1589462718838983
0.96885258849474
0.9533556346379108
1.112159618031593
1.3875338018229892
0.5508997330996845
0.5572040394219377
0.9386003397594541
1.1918092022061038
0.2845625517909456
0.43130693587100055
0.7576124032339109
1.3707360104359139
0.05151025312198443
0.22196256417963256
0.4290749411179565
0.7785195642411571
0.1915949111381915
1.1107384254032093
1.357020208427504
0.7280506098209718
1.2013627312909243
0.25156408227682936
1.0410046415874772
0.9432608332054939
0.36492036040064224
0.7517004160957833
1.0469665463220972
1.1961537522676222
0.49018624178811
1.3844957143004721
0.0028373368966075896
0.5961014795450088
0.770355313524773
0.16434108296321226
0.7673916807212682
0.36589818092356724
0.5944940909192622
1.2227561730243295
1.2418544914206129
0.9905117506856802
0.24610454942432758
0.3058512192172004
0.688266120499379
1.030006725386111
1.3154461270029592
1.394852354500339
1.1934431532179686
1.0645872845919073
0.7515735828630559
0.5127433560636634
0.8373410014451967
0.25410571321246966
0.5501763993764524
0.8818098802751695
0.09538950274193048
1.3456567282200895
1.0998706379622256
1.283560414187379
0.6721811762450352
0.5756863879976803
1.3802095261426097
1.2636913601000077
1.3984327572866526
1.412815373616786
1.377605465091677
1.233346059542135
1.0856241286095156
0.2010150320490297
0.7956515358275719
0.4374348098667686
0.9061583778605142
0.07005329917322412
0.854765000030452
0.913293128673462
0.6295845025176363
0.25228845336264727
0.28897764954896
1.1349197321918951
1.0146973166198
1.2831059004628667
0.4928223875210573
1.274227461939798
1.3309662172128394
1.3640230456032003
0.19075550131548824
1.1292779377724962
0.2742714110317723
0.4692903163244452
0.4453141989961162
0.45481695959679597
0.1454710986927651
0.10116027139332906
1.183635116770839
0.8082199724806073
0.19459644696064782
0.8333953806237164
1.1629470545032297
0.8658083504270486
0.6896739442552406
0.5181689294912247
0.9717730261017212
0.7092876378949452
0.16931829040734425
1.3141064706452263
1.0016695869774361
0.7065962906032239
0.06189983519546083
0.5012228494516859
0.7591391493669327
0.3910285938171341
1.414237123591734
0.4522441228377977
0.4351167545854936
0.8303620296655724
1.3169589185004407
1.3231369842235352
0.3570519878458561
0.6204092008242476
0.6112318970065418
0.6721208136923229
0.40464639751846115
1.1997438488404235
0.6755534871501137
0.4888097196269392
1.1105549748248267
1.120433316429346
0.6228626961448874
0.34951269085292236
0.8866596183083221
0.1508246544914127
1.3308098419802539
0.9541158807624539
0.3790104179513585
0.23503354798969434
1.0355401811537197
0.2061514261713876
0.7866503562922097
0.4068450704549003
0.4150696949310099
0.39398067209282234
1.1028717876618792
1.393477939815273
0.10824129420322737
0.014575613045606062
1.2050524481815472
0.5882166466424632
1.0293843168362706
1.0944666669620122
1.2821481646427109
0.5655907872297137
0.8806118644333433
0.9087005967102818
1.1286956098166803
0.09432912961153539
0.9737790315337507
1.0032607777884286
1.4009933473397638
0.4723201398034193
0.25513934210357525
0.3420337936441412
0.9670231229334898
1.1217807972463085
0.3183920889246007
0.4415564049674352
0.7497542870804824
1.1322939941706567
0.6186578652534307
1.0824376458635954
0.9308767423013864
0.4238846945283178
1.2513997887652233
0.15644830771829432
0.46596896876045946
0.497373228037726
0.9052060075685894
0.2186001895784745
1.1211213341791235
0.37496760089182224
0.38151389438447914
0.37192736217525335
0.9681900231568414
0.97326227847672
0.2862906067902653
1.1212251360732277
0.9564723863791846
0.5958738357397135
0.6136649500904399
0.5075339674726249
0.35024099117834173
0.14200584359272705
0.46998820478449005
0.7061520696401171
0.6035336861607936
0.8485845542883961
0.29422954427291914
0.6490898205050112
1.4018474543541828
0.821404301171009
0.9076229023970818
0.5608700343936883
1.2772076469814786
0.689207891257476
1.0105417618269872
0.8903129641203755
0.013565092973032766
0.6846146135452549
1.021354895578673
0.48425763703140906
0.7523117153891715
0.7922532468379955
0.6047312681684526
0.4608026796407132
0.7045482556150036
0.6907228006702341
0.604508109536886
0.38863438283969787
0.3861778812481811
1.2859842645944717
1.370109084908214
0.00590701064407384
1.1203515382518734
1.08362435673993
0.6307806873764518
0.1431752827354067
0.3684214512189854
1.1521180602637902
0.5710876385169059
0.513727992799383
0.21538169443797017
1.0218081460767625
0.48059502761056044
0.872905403126202
0.11240422599665467
0.9558231785101471
0.7326230309759117
0.86612246720392
0.6170392805845716
0.33387510672705023
0.33298134056882656
1.2787373027022415
0.9907654972703435
0.5723379613593145
0.9276087651599776
0.13504163801436686
0.7135630294772515
0.3874790675182589
0.27554154272814857
1.1065475578625255
0.8839971674762815
0.4700574563558282
0.39480791470185916
0.14887290386112817
0.30779433672082857
1.3019321483841002
1.1568656668879833
1.3266490498436723
1.1971408086927156
0.24415661974181524
1.2538451344912604
0.44463474158162236
0.6333430746334083
0.598175445108883
0.9498357626715335
0.9368493319363262
0.6684411056602348
0.34894503209729677
0.10546687253089437
1.0718238725923912
0.44304407000496665
1.1634411646490923
1.3366126081375493
1.3376832995423096
0.3379630878448211
0.7755586960409601
0.833399609024593
1.0972874766897505
1.016972931319803
0.4117815229012973
0.4295715995066358
1.1099371663240256
1.1239610431420948
0.5942680449831345
0.3722459586103353
0.7904443781992112
1.253037399842046
0.36134652824807006
0.4238601102899117
0.6485613038702984
0.4859336774692211
0.6984601863791111
0.08573872280028616
0.299547194615711
0.27509505264587875
1.2484829904075234
1.097926724243236
1.0275573796200783
0.4061286478320282
0.5301629433902275
0.27702171720703694
1.1264889008169012
1.219462592738952
1.3350882404055922
1.0663413513274844
1.2309135048399833
1.0599527037838994
0.1311260415591753
1.272863974020105
0.8223640918292693
0.7581669062687876
0.779837564614967
0.005279048718181745
1.0173231847455557
0.26308484525596265
1.27084371365222
0.34773050307829345
0.00969838038444193
0.6839566645023579
1.322891993517229
1.2073824810079077
0.5315899252073106
0.2769021359459395
1.0301964593265822
1.0634391589798993
0.44477631781474414
0.5608970623606482
1.0188556529446986
1.247429361848615
0.8367137018529466
0.8122476267454243
0.5890687923254849
0.3198597913761171
1.3834607857904768
0.0768436374783511
1.0704889942489908
1.2894257551652293
0.05549998000014911
0.47671976794224985
0.809679730959145
0.1617322694938994
0.2509386028666961
0.022934862749150575
0.8036665601507317
0.34701155672251227
0.9465267312524945
0.845735826143535
0.7346020025630706
0.18912420903740934
0.8310133314921434
0.7386573071038744
0.3107253960283838
0.5934982586294266
0.11234791477720463
0.6424062313146371
0.5916109187345897
0.7609092920106009
0.6242257251168315
0.3240220214623343
1.3020951421648652
0.8098688550626373
0.7030417467219262
0.8500586897927398
0.4935527255061044
0.09244541279625251
0.3481966946987441
0.846980046396819
0.9724149770803643
0.5801628353315569
1.3038032515582265
0.9496566151835446
1.1973827930876138
1.0233650354212593
0.5407589179914103
1.1968036445657315
0.8488745203087797
1.2913365418373504
0.9473367582387188
1.2998785078950914
1.2014913483226133
1.1674152426266196
1.352249596043329
0.761766568050742
0.9057692789913839
0.14699161686555606
0.42473434433424306
1.342318569906531
0.7499914740506868
1.1903779672501031
0.49609076828519183
1.3353349121394995
1.361857200546714
1.0197618068036585
0.5151817677402948
0.7931786008311542
1.4144282529593464
0.975442377105169
0.4344722656662467
0.16658776003105313
1.0036823928634298
0.9731257967848713
0.20411926552260873
0.1177492385469131
0.32491943608528706
0.4640482483006149
1.0364159863825453
1.2728534510651408
0.26271679097971024
0.8207386698351697
1.1079900876369488
0.19128119763966622
1.0277066223765068
0.23038686301651046
0.4587442078779489
0.8876090281451641
1.1284579008905602
0.8175348861639338
0.4777848495430451
0.46650034476953484
1.115780979114679
0.8273286449407669
0.29781488564368686
0.9837851150267864
0.5486857540297837
0.06280170755828363
0.7127586697528575
0.47757252452841026
1.1707284199555927
0.4225440446071435
0.797595151271504
0.10583217857159022
0.5870471440947136
0.5199648847047014
0.7729159013783298
0.12762347995513645
0.6039055959678608
0.6419471393681505
1.008334359433854
0.055595528793810134
0.08343383580505537
0.5835811869869917
0.6110907717218209
0.629590255248874
0.35307097315035013
1.3794808984616944
1.2690529537879718
0.7637479490662146
0.39570416866447233
0.9717972229809908
0.2104834523134782
1.2572108569554663
0.38856140534662764
0.504709524516372
1.1041878567195613
0.8183317922631772
0.2681507982478637
1.0646300930578616
0.3787581844605283
0.3001803800843008
0.6494536874045451
0.8398687171867545
0.6180986957551552
0.8716061372751831
1.2647644520508265
0.9138827104174004
0.26479441244980384
1.3702130630233031
0.16329099954944737
1.3807020326819637
1.3175190181505012
0.019109698743060233
0.8494427922977791
0.19536269391169803
1.3290165640592764
0.6069253460457767
1.3250289335653525
0.29937944129039873
1.0291365476472023
0.025975558594935277
0.7003325593250747
0.8253182680702269
0.7010911847464373
0.10950513965426667
1.3210922388700157
1.060403360013327
0.6197908363589033
1.2485226384856214
0.6860573755301826
0.021683563448866683
0.6393805266677715
0.9015385140347106
0.9186313519711022
0.3812545071252694
0.6909048657588688
0.49857763001533345
0.8936856399321084
1.174341340806275
0.8837274513072605
0.4754779345145472
0.462310058651049
1.128603144345822
0.09688549733222418
0.5556473880151613
1.0627072517844796
1.2373866229614763
1.18779056180676
1.2753548916870288
0.5865376881093067
0.3570777139603578
1.0006324316124524
0.3010217885491778
1.3775728983981388
0.06832926356221658
0.07936348899311096
1.4096835535336232
0.12550672576849176
0.7572908058887635
1.2809090870809823
0.7784797569271139
1.3477876553844683
0.10504622104963102
0.9064998178811666
0.8879294671228872
1.0327522955455208
0.14809092174407412
1.1492305675573693
0.6539414001617385
0.24058372599337097
0.9148385637982991
0.38424957993249864
1.2509380663106886
0.625788663743562
0.23022020133608556
0.08913320246308043
0.026909180579177128
0.5766678626643637
1.1604062664484451
1.2450648367539099
0.2693126017895622
0.9873701979287096
1.249983552719438
0.38017464624203834
0.3791679073645891
0.18557858404699024
1.1819980857632468
0.2705165736977242
0.02665458399071441
1.0532953000496066
0.4672000320044508
1.2154969409482457
1.3357920733699353
0.9657984196873319
0.46146851596367044
0.4564641990778126
0.3771850283110757
0.12040875182914035
0.24534781138624084
1.0775314026560638
0.6358838121765059
0.9586033731979251
0.33243294424877234
1.3868138952902518
0.2022271352631012
0.36695322269960207
0.6078869991406157
1.071549983043846
0.47480671146874703
0.7404109841015698
1.3179757441995057
0.1549241895677661
0.35967267661272323
0.8907126377780058
0.24015518525120205
0.3436857486597569
0.46249953598028437
0.12388895893080243
0.7994587094088004
1.119680189976274
0.8475732770131782
0.9760889850036434
0.8799343912231059
0.6327489946925812
0.4841606330102717
0.5008651284828552
0.9950657987270428
0.9472028576470378
1.3043892561992316
0.23285381019771423
0.42110212279765585
0.07406643873202279
0.5433885297950262
0.10164270125047026
0.2283818731837538
1.2412671623916682
0.4308983606042684
0.6188103575415842
0.7530634442235281
1.3595685297766305
0.4566996786890837
0.5675369489132795
0.9947395505461962
0.925931160102208
0.7066454927504079
0.8989513503062398
0.40126210658261025
0.31426633445267294
0.8296457477123027
0.19310170130521376
0.40226702649888196
0.9546235925329918
0.7126541287199731
0.7840732073327628
0.37716721303699496
0.27536357919655885
0.24182898429538402
0.571543687662432
0.6446657897979806
1.4005236045145564
1.1650893473288835
0.5502937537926527
0.40738569353850085
0.4512235675138827
0.4040956800895127
0.20220447911257533
0.4618553841802045
1.1195695425483292
0.5452050573888074
1.4143056237534295
1.4019368253430202
0.1575332078223075
1.3289699250442766
0.45270551984440516
0.4331205073554036
1.3490094337928098
0.7500995108361118
0.11928119289302075
0.6650289059282027
0.5124156680376656
0.17893904342001898
0.5005827493310998
1.0054307483095097
0.288121831932479
0.31862926242161116
0.4800199149704432
0.7669441359657599
1.2477422977187609
0.6170915453180597
0.07413387643972369
0.7531019493593089
0.31012752422143175
0.5225332743164033
0.5682345294366311
0.28764580925862215
1.2311614636429455
0.7336900228860551
0.6948853965755143
1.0884659644931427
1.3821320823380363
1.1333835686445124
0.10897354938417081
1.4085269750783413
0.9968917318183358
0.971546945285287
0.9810970532484278
0.9670808205633202
1.2688280880346314
0.5646284495100027
0.3167038123560695
1.0695420798425812
0.3303871459213409
0.8037239388351964
0.6875254994490703
1.3844182038751471
1.0935703479343502
0.46526855637543574
0.6316422158346501
0.8704422021191763
0.060449984797407486
1.388914930541569
1.174126612393849
0.7497475091432655
1.0310730942920543
1.1112671582271987
0.625063741064363
0.7767886829552169
0.5537854127653378
0.1820011263675514
1.2160064838002447
1.170495526603992
0.15398327049681304
1.1472118213829359
0.393538469981216
0.9799142438289102
1.087817306159966
0.580591020548354
0.733155249297912
1.4064023406544663
0.6177357697402897
0.6007056826739278
0.33274183670759916
1.1891030381625614
0.2904811927685096
4.0764861337061475E-4
0.7574612356888535
1.111479895161679
0.9309843166675991
0.9215285873800739
1.2333593730450216
1.21121370972168
0.24272746983536742
1.2690142652713052
1.2493679771266146
0.03675798268847541
0.6680333766658335
1.0088847213686178
0.7135718648829303
1.0639663746690287
1.4048080185810952
0.528336691042242
0.3278758837862108
1.204797109993562
0.7854268652830181
0.7502375669598091
1.1545628464286022
1.2282988964685413
0.6126173805884959
0.16456977263205552
1.0230520281037898
0.22082496435347743
0.9951529870142719
0.4118708129521763
0.8606797423797032
0.4729940033800795
0.86265057508925
1.1802458653663876
0.5039443132065811
0.06555408810827745
1.3209147850926528
0.4690640212835908
0.7901640411103532
0.48818590715880694
0.7894867383054374
0.32603758419736917
0.2517852648147919
0.2774925463758331
0.016300819123046706
1.2736108995301219
1.1651026748516629
0.42309203825000113
0.194719211162813
0.18276749418089888
0.690618857247627
1.0188268650816814
1.1491212250961456
1.180642259062255
1.3172688443411915
0.5914710089696831
1.3052199374180842
0.3734598570119402
0.7403157599643171
1.392478157621595
0.07770633016897854
0.3514949885859838
0.21038786707083723
0.5670894337994236
0.24276817985634536
1.07141589155004
0.17694438977025362
0.48863235643935665
1.2114526976336082
1.386396688562221
1.1452894055520548
0.42046188000098245
1.0466870212235702
1.3476945422568725
0.3621424173618919
0.8260281274636908
1.1016057471672343
0.20293945275298864
0.13813083649465985
1.1901718120484497
0.7647480592365185
0.4033096902959715
1.180552666297883
0.6009669745228833
1.307794800628607
1.3710175582218231
1.021972258685377
1.0352462002839338
0.9264313859907448
0.663277019723872
0.12660988543405138
0.4384968462171092
0.9897108079774048
0.4372666522157206
0.42162474377533893
0.08471538247087029
1.3106113069529834
1.3976386452308023
1.2558870627705514
0.6692000076648863
0.9360211778689934
1.372349222825757
0.17941772316889104
1.0354882756066308
0.6919382338928424
0.9473717552634584
1.1265203042796
0.8676119270752992
1.3700581394973042
0.5213670400883601
0.6415895953376357
0.7569602067693341
0.8349152300351412
1.2137237749811627
1.2161260023648373
0.9048079898664502
1.0641572934290289
1.3404479973758903
0.35695737265762945
1.1509778701596427
0.45757846398927177
0.41300544079499174
0.6120635830731953
1.3920203937932272
0.01501400847269585
0.49862646190280213
0.2804253363950643
1.1608682334066995
0.18520862360635604
0.33173326587743346
0.7619058806465177
0.8005157394606707
0.30259745390348924
0.14055903955198212
1.2245539214304644
0.4693401614198351
1.2665255061953937
0.07777765724359498
0.274694646849193
0.013642786390248851
0.11832995779049882
1.1917293767022925
1.0692931605110207
0.8879319397124459
0.18741610029904154
0.6037942960539582
0.9636177999960964
0.9993330676641281
0.7603776326210981
0.5188562937984665
0.6228940381614447
0.13570866530829395
0.2946372488112975
0.9413464195974932
1.2640518655244684
0.5097421620562683
0.8426342121523117
0.9411226523205436
1.3632667636657352
1.3005432617376904
0.3692672722261117
0.06994544183657003
0.7859518698765009
0.5820936561452695
1.322725232892747
1.155753195907173
1.3796397748297378
1.0770356857068661
0.04358662161661675
0.8375413168296908
0.09622582354002596
1.1565079890768197
0.2980467979214836
1.163381654678141
0.8604237395912658
1.207301718521057
0.5760611193150078
0.8294366236848296
0.20003682742654116
1.3890637075010799
0.03381752767459156
0.14861477278587298
0.20160018757951392
1.1214383603603406
0.3111349004666858
0.5192975746099148
0.1840974327438596
1.147456906404812
1.2166692872093205
0.13475204728738532
1.2943488524812679
0.5216702580809978
1.2128395312752656
0.28708137842438797
0.40001640403232036
0.03503896340517887
1.2443810073080195
0.20913246785234618
1.0729468798511363
1.2799783134402798
0.9393362223546533
1.3609005354069583
0.9311713719297073
0.6635558197741485
0.6639798419656024
0.8726444078614728
1.0546726718349884
0.24652043642674537
0.13002746892787698
0.29154505293211985
1.0764503485082624
0.09959941197876465
0.5806575978701252
1.1504002650014866
0.38838922778677615
0.4311832572638579
0.531103577971094
1.1973062403991621
0.8555551566479661
1.033921433491959
1.252491958110477
0.13074514103894186
0.6861293973271257
0.7660397152435962
0.6510387950619264
0.6540760791865764
0.6817334832390657
1.222826511004275
0.17031815195625433
0.6513837741052242
0.7620959175135177
1.1460137703097037
0.13782756900723825
0.6391698018473256
1.1547982013620033
0.4610794079933885
0.5337774378060363
1.2784260052577876
0.2304535054542619
0.9402349198684519
0.3003961349754346
1.224418261884514
1.3028859308637406
0.31842810807324085
0.41918751937289817
0.18192390942109105
0.17503173522406346
0.6201611476278608
1.2068929283530676
0.6937297013476763
0.18810130093193356
0.4517837702243805
0.9065612903081898
1.3472812818726339
0.6506989254408819
1.3473282355529204
0.4901572716263262
0.7678340725949586
0.9520602918066887
0.5983332091640126
0.13751002776709909
1.3599884988701387
1.2899610209728278
0.27828761818380854
0.03210777684068811
1.3054667779780766
0.0026215675052743137
0.23957973016046719
0.6685608992024823
0.48862863931049
0.4010812574808766
0.0682599484806532
0.9736608811509078
0.8574487782322089
0.7029140055144544
0.9068880124616754
0.25804804574842577
0.26980154472996043
0.26061966597984676
0.29078065779983386
0.8299571091063479
0.007365468138620601
0.2228251219637305
0.006308869148687557
1.2408232936298433
0.601187985448275
1.2665679754479695
1.20630321923937
0.1866827292388168
1.0465578208296609
1.2652769048457637
0.9092251898254257
0.8410125277767321
0.8128790579425331
0.6015318763687068
0.17457928225349528
1.235816975063557
0.43723504861670415
1.1392539484130086
0.8208118691473757
0.48294505932036674
0.854354490746324
0.9312293190525411
0.13074031062229463
0.8512164261264742
0.38651582697998643
0.7320624118898722
1.1436851045299052
0.7312749219776272
1.2738690930636578
0.9534079122465245
0.5402785523873608
0.9229215424887438
0.8068890194061121
0.7232475703202149
1.240803713728918
0.33409221892657137
0.32608644456772096
0.7955786503237795
1.1222536239735907
1.214278365247903
0.6426205444960155
0.5968447985943337
0.41987675266998264
0.5386076012705823
0.6294582670270299
1.2090930835251887
0.1764058623077701
0.04629884970136655
0.7691824388503247
0.667992324408752
1.1082442575684452
0.5404021455871939
0.7636920278029015
0.5071390132416536
0.8314439662439514
0.4239522804504714
1.060316109838811
0.5702382184721284
0.6064541858894565
0.06533460498472177
0.11553058743547051
0.31688282186419003
0.6158566156033696
0.3422641990030988
0.6504848682444263
0.8860883355964662
0.026156095050708816
0.03592975373712093
0.9699564596692747
0.03993460859925202
0.8199539369216904
0.8719259071070998
1.307038140728087
1.3119778046816433
0.5443566291583588
0.1778401273832696
1.0584457099243407
0.2774288350720958
1.3432792587286084
0.19082739501082246
1.3568438149268809
0.3162177478075846
0.0533931673121939
0.32628641960213767
0.4080426236087783
1.1570259732465784
0.9890741381653422
0.8580415645591181
0.49019885325109996
1.1407258908037645
0.8517679940446965
0.6349029615186139
0.01620784118351526
0.5775904552134142
0.852481883254862
0.2096610335563902
0.14135410687329775
0.18246371736661193
0.7609003438916097
0.10492398121740854
0.059529924497795705
0.16709619401324394
0.7676375623094417
0.060243262718612356
0.02098029545215163
1.2762785279222306
1.149340646619292
0.4424247567899765
0.35362644419287914
0.7153123415479892
1.2376378630821239
0.27457310999600015
0.6945073293330575
0.8201661567792219
1.0924401507394765
0.5323054149399354
1.037538199924627
1.2195042267851977
0.031265777586409804
0.7148588899191655
1.3980925100647408
1.3650907206441745
1.4014035233988202
0.9966519111435952
0.6721757907061272
1.141421451565631
0.9660120646440503
0.6552286715700995
0.3334215722729953
0.8357714174349943
1.412919879201394
0.06507506937758079
1.101343125402165
0.9848676724512657
0.28173208744407574
0.32193571085283124
0.26001672770999873
1.2027802033209096
0.8655519097929097
0.6376177664721465
1.4079394778358276
0.9389872702895181
0.4594057441238268
1.1470318661120242
0.17633233699301232
0.4088782757670227
0.08604894532741691
0.402025218023079
0.7482396759624511
1.0167256569703276
1.2624427205605557
1.057946245842822
0.39636209684820317
0.9416876081865169
1.1359951797849475
0.8055526968822849
0.2722295654377067
0.28835775015705234
0.6746822649994942
1.2905017036088215
0.9200053509541599
0.04177872071032096
