0.914656618458449
0.22724711628075822
0.9326280309614114
0.06811476321295873
1.1301655969917164
0.015550920925311518
1.174680794068901
0.9171468532633247
0.47341415777445317
0.3510615230427546
1.1370065498020676
0.28495324206590467
1.3796601092656182
1.2594112452035036
0.9263343933248617
0.019492893105271247
1.3200810059746941
0.04202455198432575
1.3438561275984262
0.6951256902953207
0.3268079571800412
1.2344643222788116
0.3484033362699484
1.1318322404191354
0.6572869136939511
0.8472996147182207
0.7747210160692377
1.1701534308180488
0.8981936307246542
1.1713794440031082
0.6800311411781155
1.3406666234902944
0.7186014972202532
1.0241673141909577
1.1766100883751147
0.03754003921536486
1.026539018669415
0.33301689476875596
0.925540821864979
0.8901376612129243
0.7457245531244847
0.338082600072382
1.0456924235115548
0.39538671444695506
0.8915787972713913
0.30002320178722386
0.6759452746822284
1.2849830495318755
1.4134214222696597
1.3048910045946633
0.6434444731270725
1.218918905881606
0.4447515302327197
1.3384835326538753
0.21760335599518776
0.9385993647438564
1.0570745986582697
1.0909910447112694
0.8390879848744256
0.8580403692496625
0.1095035671045882
0.7334475995442529
0.8234057857754482
0.47147211408272244
0.330385701303192
0.44448672599000616
0.6371305504321342
0.5640398566857332
1.1959289472590475
0.7149946365198372
1.2517839952260477
0.7107697031523039
0.1587649898429554
0.499187225016012
0.5802868959856755
1.337242755361266
0.011961917432047331
0.5060776657528834
0.2836984190848031
1.039628034124913
0.5956278630251631
0.8233528434862774
0.6636880294415752
0.3372697191664743
0.07733262861438173
1.0533646555579639
0.6003658190453287
0.4599947164620546
1.020794425211098
0.4077652378923717
0.6273277666184016
0.31362665222260877
1.2005064561021699
0.17248963423895813
1.147786267329145
0.40112074350577814
1.379271284093871
0.7040535625141535
0.16683344415385148
1.322371850005891
0.6853707394053601
0.898148042296991
0.4481415408061727
1.0175935360110566
1.0699759596659715
1.1099179126812986
0.25113869263168254
1.2676757756701384
1.1264342038563377
1.1296297112580291
1.2720515946134923
1.3033722270103945
0.07675806623462
0.1437013024066316
0.35942847089166174
1.0616588404497824
0.9423178214752366
0.5802180591938213
0.4485874965120644
0.9856468586156479
1.1488007300640377
0.456938610102933
0.6540723882734207
0.7368436768310889
1.1448517032504035
0.33163629905522485
0.5564304365063723
0.0729728685104879
0.9322666633180159
0.11899634402003645
0.7429332977279757
0.8706750925034441
1.0710755335224231
1.380902542652748
0.681823137917936
1.2865050298893257
0.6923404545146037
0.33614585666034247
0.5480322992187363
1.3947114759986774
0.2068411655593091
0.2719179612424245
1.3845368746224456
0.27625091442231486
0.8305005806623054
1.3679118079768733
0.15869929560996088
1.3036328206346655
0.7031458520138025
1.2104691553933924
0.07402348372774203
0.5354752630009907
0.4706930515880981
0.9318752954479179
1.1339314690893947
0.27169824464774883
1.273110926949463
0.053064513788757206
0.9588657157748929
0.894350814854237
1.1817805954375553
0.6834580127633241
0.43585978034075834
0.27054002443518754
1.2382155863267275
0.08320001504074703
0.0073313753507057156
0.36089863783540466
0.006753323623628016
1.1248145647244663
0.03575377471027996
0.950422163617005
0.8272602554303663
0.31565766093540837
0.8151777562790282
0.18297735629514145
1.1460660782394596
0.04965337884721599
1.3023423347917662
0.31240266677638273
0.6123176503915639
0.6211500285548461
0.6027437514013934
1.107734667649963
0.011243504430029527
0.47130582326327997
1.2798772003625098
7.833652569766425E-4
0.2212024355132728
0.510560693635218
1.2076221715391242
1.1916564624885788
0.3995421391639245
0.788657077682039
1.094195821498614
1.3479661708464659
0.16936643998498324
0.7761888648781599
0.6612702521637452
0.38591071600778276
1.3818860300825944
0.5715630025622358
0.7716802567939244
1.1797000262929005
0.0945905784985599
1.083018387888408
0.6303102928397103
1.4128444947402792
0.2495990664921388
1.304779362920208
0.3745586484609965
0.8080548337794178
0.43697986972700387
0.25243722416066394
0.9686868331382315
0.02164195537186131
1.367747629592634
0.28912592130208015
0.010623550084913558
0.7880257289698345
0.48884070586329215
0.634118319975771
0.8923555368250986
0.8266542220183256
0.3249205656762396
0.3440895427022435
0.3152796197670097
0.915898109670231
0.8068231404458568
0.5128038763253447
0.40933730493872467
0.37265898851452156
1.178766494206256
0.25111326154970226
0.12095880203631115
0.5359485794025247
0.6675471731626381
0.8255840901542227
0.2896713038409108
0.013648261558188213
0.5856002530362637
1.3568730201803674
0.3046009373583264
0.9809700799140669
1.3225112126411753
1.2207004462590652
0.5335679234127412
0.8651364703426883
0.2818680337776044
0.8549344819046318
1.3929666125012932
1.2260776345833133
0.5705696677033684
0.17875674699706245
1.2813494728434707
1.1459950483700596
1.2722589584423356
0.13686589555332618
0.4413350721833572
1.2753345624646346
1.09938665118697
1.0391595756905756
0.6983857943637374
0.18917628051256108
0.8765827811564991
1.3840409704656924
0.24129897489134433
1.0364849141663293
0.4666382124736594
0.7684024270401763
0.32716058818971105
0.4405694909998787
1.023824688616017
1.36865584712467
0.7684307783522256
0.5860711026815979
0.9533800157815806
1.0831403993495574
1.1747399286001894
1.0889908565457107
1.1087110825433157
0.546004979172418
0.5305848069261826
0.5827413091224197
0.7710252986449725
0.27998378296559123
1.3170719574380834
0.9312216654242408
0.27792884556679676
0.740900506744226
0.9576228934657918
1.3513976760735218
0.6505096127416647
0.4898611222204302
0.9839389405608037
0.22935393572733442
1.290033798151883
0.25930592859600077
0.3335248697056473
0.5158352655074104
1.0836006496435533
1.1843582108998516
1.0263082320769092
0.7389731582307918
5.013470877524018E-4
1.3511337872624516
0.4051946551831
0.7892669813449005
0.8012120423265929
0.6514984344502577
0.8385165869993082
1.273777681279449
0.11575832792441887
1.260594719270356
0.7310773524181285
1.3515485767276774
0.15837929062827272
0.6006184907502076
1.067295520718629
0.8689376935542111
1.3697289588098256
1.3924079003571204
1.4144986241683082
0.7358263476659487
0.43621705145779827
0.031946506606821634
1.0946672860274682
0.8677472592111931
1.123165201019554
0.17081855194193696
0.44462407796374287
1.0483322003281583
0.4387720307053354
0.5388130946674632
1.3774051957000277
0.6692767187756529
0.25773453332474505
0.1827960645974741
1.135024951880093
1.3111339954631895
0.8317525870082504
0.3918068902861734
0.5870070685403841
0.9058921109859778
0.9325599877380969
1.3595424965222942
0.48725050290337724
0.20728556972407275
0.883863604536465
0.2600682208342918
0.575635464087408
1.2510432177503987
0.5905582079770788
0.7436735845514545
0.5469133459058171
0.425168824271124
0.7341244207557521
0.9592936219919365
0.8309453064286989
0.18084456429499463
0.38991123405971306
0.9750744076593041
0.25107290115162995
0.5879465411526118
0.3669980949073645
0.31297352997082595
0.16268212428823792
0.22727260357827583
0.3440804238044972
0.08568773091576887
1.08057811247348
0.2996162996628876
0.5486973445660487
0.45915703929731344
0.6343307017405505
1.2599514250151793
1.0542018012439562
0.4260386317504824
1.3655025779214358
1.1470819585329797
0.5763830670410054
1.1281247220454795
1.1900396352950549
0.7910433072002172
0.9818089090363057
0.8101716112677309
0.9718083507286499
1.1677788994541103
0.0611223559868832
0.46775828811340836
0.2964677995635647
1.153497310182027
0.6047377349277585
0.20814138653247605
0.2021715214462
0.5222602917689253
0.2703913430762025
0.4973934711607875
0.4092329578247974
0.11486210119228446
0.6999668688805677
0.43618249282413024
0.8430375773519679
1.2469497117667303
0.7098926061368782
0.5256598692842949
0.12624910595215322
0.705902949562277
0.7536333313187522
0.43991316116518187
0.7829938434191444
0.31006484584751826
0.07605645381870074
1.3858959871310916
0.17203582779744242
0.06222751563102735
0.7633860690631767
0.46394580470625746
0.8967465229470661
0.47643357109159984
1.2912445476306313
0.5659109221595005
1.052848989088789
0.6704270470583042
0.06359850506586873
1.1565051318625028
1.12137550658358
1.0136707777261724
0.4147559289839022
0.937653483268428
0.28747890815490873
0.9153198062573435
0.04485946467315727
0.8475217574126223
0.7571204665995416
0.9068557195692574
1.3581164383289217
0.5286731488652547
0.1437032295542804
0.32752214204724084
0.8082566807579408
1.3951247516434993
1.1184610937092179
0.16004189557688708
0.7926883053279764
0.3107043985581668
0.7429846400492758
0.0027008911758076293
0.9146128382304061
1.1417299980868525
1.2898034800908067
0.45248964948741743
0.6749207714998782
0.7149325444042669
0.6549843847159558
0.08124634232773487
0.5334260954404151
0.9442115538076232
1.3745718462236511
0.07966887910970422
0.9992874591726487
1.0162162448964194
1.1362999390810233
0.5837646102100817
0.27752718212130767
0.7671845790839638
0.9500026434143484
0.7713692617572868
1.3880418141456836
1.0733682398811333
0.32132876575187685
0.5636491010228504
0.7308095936310626
1.2923920547250818
1.2450018451840685
1.2688011370091687
0.7866542598663803
1.1697917043241137
0.6181118215229996
0.06659168345632249
0.4498221137451138
1.1591406708464502
0.06966451848069799
1.175812663344943
1.1848119767172487
1.1273968941107175
0.1933256101660611
0.2328989107842253
0.5221506960411719
0.4122687681796042
0.0938176544432977
1.1710904369971764
0.8828757241041777
0.9129931255198486
0.7862664523790169
0.15346023644219975
0.4925387473772433
1.001697245758181
1.1123739166485285
0.08475142994042029
0.23084420871447697
0.5134990812408766
0.4712965945960654
0.033001327888432797
0.4938324398788415
0.47274294066265415
0.18309230138568877
0.07692316908083319
0.5536338661675564
0.9353628830927692
1.2570978931696277
0.9465223808177236
1.385959582202807
0.3727316806952985
0.09872078585200128
0.031028612170891146
0.3688351618397102
0.09401928549434357
0.07549521394185532
0.9629194484147983
0.7554776109346081
1.381150617851384
0.49902581956503955
0.5584398179515966
0.11787993604379499
0.3520766903992141
0.5654635809124846
0.9377569986988661
1.2123073351688265
0.33934623092186156
0.7997176927269026
0.49058324563442696
0.5282659851097422
1.1248171360943275
1.083918448730868
0.4517429507278278
0.27346720089683163
0.9490551236295273
1.0022378097166942
0.811882356451089
0.13517545200628955
0.6046860578255498
0.5113421904238136
0.29867733067271973
0.9769205338577416
1.0282917012192916
0.9815729147439017
0.8696990578330074
0.9751678284954347
0.8484309752720447
0.0362761389596058
1.3411849244703773
1.3222859802147264
0.31368581544484486
0.6305423838272479
1.093267590247599
0.2814787047048214
0.07203958230370933
0.5931271437516441
0.05555412716406172
0.270396308238794
0.39820960354634166
0.887710154871666
0.9289911317384651
0.13860521681608007
1.2752664581128088
0.5885352097159571
0.2302487967525355
0.13082763271453857
0.019858157016412026
0.0305919823539057
0.2941812549213473
1.3607712944127726
1.187340416665858
0.4147781638080643
1.3180535638583832
1.1702724890070544
0.49841098056969513
0.6061081036774855
0.533678679857743
0.30554766433256597
0.18757201196261475
0.4227754156989798
1.1534709188695844
1.2795607161029305
0.850618461912261
0.47610965527429105
1.069211552893097
0.42366746418514156
1.0348451372658811
0.08429254715155388
1.3226693078188152
1.1555218575910329
1.3598419217907032
0.7090722039286952
0.20031123031248
0.37833133497269383
1.0351277666009029
1.3524160873166962
0.9229506773936403
0.9866515988690723
0.3322083269380274
0.24623255908965247
0.04941423251738242
0.7321783735761664
0.3570017397554089
0.8203842546839114
0.27781696440447845
0.3908424610041018
0.3749014874342837
0.04582133282554435
1.2962396816857706
0.8858736534552424
0.8035995006910922
0.4424242920173737
0.77991261359147
0.13047469095815178
0.3591842750321081
0.3648777917203195
0.38854213924920944
1.1631754758653607
0.5889321784787065
1.4005817657320763
0.27743743374620466
0.18808902192404775
1.346913888512376
0.38343138567210083
0.6204347882295116
0.38130937798435266
0.10073892541966523
1.2628643324668558
0.010560777016937029
1.3193977379360655
0.7455814946550001
0.10738554595010041
0.813044122233481
1.0847452042374097
1.1743238799155136
0.01570121294716742
1.3852138110719276
1.3344381307078426
0.5811921905562947
0.5527288468287437
0.5599852771933125
0.8222184116032653
0.0041367762296978805
1.323464771612729
1.3891168370258187
0.00503546389459586
0.3079723640540095
0.44864105785537645
0.4860895828128249
0.6761680501129911
0.6546665990255457
0.3881715129593144
0.20425008351086105
1.256767849205724
0.4308371988688564
0.23872156166848912
0.08299902835919593
0.1264850594332867
1.1735642813765699
1.253972605896514
1.126879638781549
0.4237127017311641
0.5100980746999328
0.8392307956117604
0.771821267772525
0.003973903321737415
1.0557191575067781
0.2120718680774264
0.8206831394724456
0.896592842675745
1.108813824730952
0.23831004536511047
0.3852777489347076
0.17035978951180664
0.7408865755251701
0.863900325017022
1.0489770361044812
0.3248910067223608
0.3206472352474792
0.9669881133832694
0.8069370024473198
1.1238006102701004
1.2172618062986664
0.2920656677889545
1.0998313709883134
0.02757617944123203
0.5806222487205555
1.1349508295292152
0.03284582278213899
0.42271174223288954
0.5462583875710054
0.641340709509756
0.7601650799624089
1.0196861222507403
0.30661064988740405
1.3870353769731874
0.217478292713012
0.9367272684726629
0.10963699324620102
0.04646991767191
0.1098159015388197
0.9946405554269169
0.26827744083283556
0.3650673399950327
1.3193649159653156
0.5132046476765463
0.0014995291847762493
0.9458747914103319
0.2260743345800169
1.2049623791954134
1.28932406204216
0.5119631180284514
0.0022946516931720007
0.1143126445316981
0.19809687099927065
0.8980741955222602
0.1436873051288463
0.0045541468031297105
0.6210315094685613
0.10864827184939041
0.6596072682884941
1.0830265986237073
1.3144484789346098
1.0419871290821017
0.9337397181511738
0.7621124307939129
0.2031617421475297
0.032724393870385504
0.34329644123108927
0.37284645149878065
0.5151600453897456
0.23519983119181775
0.6980181886576382
0.8830561012016583
0.06164288428027831
0.8657521438326099
1.3290884203572242
0.8082265605120574
1.3785422797040459
1.1508305608966956
1.1102557530322557
0.0723740043592127
0.48555165904500475
1.311958613780293
0.8299721490420884
1.0427878011101175
0.6167413165098619
0.8517050033694494
1.1452600448224126
1.2511982055345174
0.37997165104870384
1.3614686264732359
1.2829928998658562
0.6036628530608722
0.9363436122233189
0.028327102486166877
0.7775785080146622
0.19895043613351726
1.1617029766585214
1.0205007336403205
0.79736153570792
0.1071105578103162
0.17208561869226113
0.3520552618616055
0.591394486360783
1.1208641649679638
0.5455439177984174
1.2833328780652522
0.7829249234875877
1.2581990452928458
0.036537990898943495
0.3263072994709494
0.08078286247059507
0.20047753878335883
1.092368626000045
0.9797537766667725
1.1700547158652688
1.2875328913620852
1.0237103670571908
1.1629277988716036
0.16338703393480491
0.35007600778339476
1.2098366654228294
0.4880035748119391
0.5746982242977031
1.3004237797710239
0.9043681416376007
1.3393196688854807
1.3273120453436411
0.5330190014727366
0.18178193901306128
1.1830111021242948
1.0676710426319462
0.46734005253796856
0.7834802981891237
1.4036916072876244
1.3449006513162483
0.1427274117353049
1.1475367699424421
1.1720156243480437
0.8243138295106011
0.6749869860079785
0.962941767247567
0.6498447625912203
0.9480026556374687
0.8446060522377244
1.3049596798116991
0.6987238122117982
0.8481554145029454
1.3173391429964427
1.2500992654188245
1.4082449257636624
0.11919529886496516
0.7307164686426729
1.0542098355461942
1.1748579584410608
0.3465650303323438
0.5171672530069054
0.24079845919697562
0.9091741023181136
0.08804348123545658
0.949854577544922
0.717335483532507
0.5189668023047949
0.09443297451341603
1.3561826887055468
0.1683626684557058
0.006926907541212168
0.42167143338589474
0.9573761646495986
0.512255278547217
0.10328548324209919
1.0673174190302972
1.2995156738733726
0.2306618363130155
1.2517800451241716
0.8861308886112814
0.7363959711970451
0.494521260517407
0.7092708406626815
0.929900394773969
0.42199578628430096
1.069887923949987
0.7798547231220934
0.6869244057947845
0.006649019229509667
0.013742987832865317
0.6813128921397594
1.1423507380587938
0.5724655035974149
1.1473303495230844
0.2521454958191306
1.0441682304427875
0.7798994165585476
1.3794411822104173
1.0465020602364052
0.22613951615953454
1.1249311895103542
1.0026490467704354
0.8921025127174201
1.4093847000562567
0.2519666684666322
0.29003730365535163
0.8756162950570239
0.0025884961763346093
0.9280493873910618
1.3595393466941268
0.2955335731119002
0.8766969688158595
1.0673705550896917
0.3084629570990637
1.1094520918002915
0.8763303041851777
0.029065146033907086
0.7065659474548397
0.8897536889115294
0.43598664048879193
0.5301827773635157
1.2483160311106545
0.5947743899414273
0.18914215651222666
0.17105359893198813
0.20147518054150815
1.3219381602880562
0.09374895425849805
0.5548666640302576
0.8584490842994186
1.3534303438457647
0.633969808008402
1.0322813432310363
0.02358659603321922
0.22720893956906085
0.8639498202567135
1.0106625422572013
1.014628863902832
0.2608397918117604
1.0479700882546747
0.8959094149465552
0.7740549858871784
0.7418240263214347
0.35820976487214323
1.2073062542747914
0.9869591212710299
0.9366440485043916
0.9211441235657574
0.47357266583156166
1.156503888892228
0.4805067552644503
1.1496071488971054
1.2199671232990172
0.583841777455776
0.7196436543529485
0.2920033540387217
1.3877238359400437
1.3560633160705275
0.8036263397058951
0.6880770145545938
0.6289329860202664
0.9134886064257615
1.107805943794114
0.5976173281953304
0.33144257620051576
0.3502290716040731
0.9108961099456961
1.4001350473490417
0.7415709305155708
0.6564955713537777
0.4997144553556632
0.14767817372454228
0.15463413778622004
0.667265578698243
1.0763277625419763
0.09376785197705362
0.44141371185657424
0.4517428228263105
0.410467605285968
1.1727390114911351
0.008151318899960902
0.15660603979053533
0.8819181854644615
0.441263129616886
0.38979883510662167
1.3690732544730388
0.7029630190214264
0.7065570780148627
1.0613997379551132
0.19558366455550402
0.8560625536849201
1.2244769603297172
0.346267253998434
1.0614828962705218
0.5310761547781528
0.8522680643920882
0.6673521053131662
0.5189892172027772
0.5537864288874403
0.6626452431635954
0.3375646319229265
1.1040026607433853
0.20259572304711349
0.12364524008279265
0.6363208039759578
0.9250312491605963
0.9541496122427909
0.0058418007462881505
1.2464564835708427
0.3444680803205301
0.15505883591627623
1.1013386361026898
0.578182005693143
0.46514274581150106
0.6410051665451455
1.3031093759724608
0.22883738209549687
0.7911205728174626
0.7582765171680522
0.3023739697885155
1.1055974595203175
0.8667473375360455
0.9981828576799487
0.3268168427209507
0.3378108006053082
1.117256998469235
1.194203949964376
1.398608827397132
0.019248911754766285
0.8544326490713617
0.6791198298156327
1.3884330240800324
0.06291758874446751
1.2680217907056155
0.1678937964183388
0.8296557015273517
0.08614833537979827
0.3011507867702712
0.8096052109516547
1.2391888695679871
0.18725015256742716
1.3774413194415154
0.0947710302817365
1.341023195449426
1.4115882976755771
0.7385719485171284
0.013239764848381075
1.059277703304837
1.2781022394013417
0.7291772035405237
0.9960115480704681
1.402879600666871
1.2547202000903077
0.8644334646812477
0.17752243416306213
0.7966715404478556
1.2922520156254906
0.12830892781302328
0.0252316642275191
1.0123347720286648
0.013616454560675062
0.2452037965121402
1.300906754860477
0.16121317345372788
0.47324002430052614
0.9845954106434451
1.2634297028718913
1.3418147406708383
1.2381716165665106
1.2781530105223742
0.015653865584009274
0.3307973983150647
1.2915591650919134
0.9359954896719429
0.3154852180541602
0.09715782059741573
0.13518558349962717
1.343757105299046
0.9196482783103134
0.16925223472573858
1.1212953320039538
0.9639825476145263
1.2361970260913895
0.3237655618144555
0.005313853590139361
0.941144439103403
0.5020760767930164
0.42319461066761876
1.0059911739508356
1.3524225955703524
0.8865990099723344
0.13691333648335235
0.8007665615120746
0.8408139981948781
1.363886019738198
0.7619627000994659
1.1493085653191901
1.054942113735239
0.9544782109851077
1.2691715789058367
1.1716600611253964
0.9803159466692499
0.4831649327285368
0.5058382437166286
0.9420220093985303
0.33605446355051327
1.1231832751624842
1.0080519076798564
0.03661161747837183
0.9474654592374465
0.9460269011776603
0.4673476400372875
0.22196807436653887
0.3026488172100328
0.42570677789384315
0.7713522444009667
1.0954560674005438
1.3903456230173055
1.288393921691529
0.1557400000503525
1.2678340321782136
1.1566552249582072
1.3767363002822024
0.46663537253504744
1.1862003816881703
0.7206836754021041
0.30514334007036525
0.1668886411024102
1.1754078861189825
1.356961313654603
0.9895293247530775
0.7796858917407937
0.9865891971213488
0.4044928717446227
0.4421655483947834
0.21621952518240184
0.29271186156327766
0.901677311186758
0.2076533943315968
1.3119046694887366
1.2242255332256842
0.0026196514487576428
0.1313742959946258
0.01586529683474036
0.9696059617467513
0.8602639286843373
1.009020637782231
0.2145606724256699
0.17244693119535626
0.9380761325514313
0.07826307240874208
0.8075763742212304
0.9202526368479705
0.18053128857195755
0.6389621219291148
0.4630277085359161
1.341820746722878
0.9730797709772792
0.8373697004611915
0.542220168690542
0.5261107083580927
0.42952415108866315
0.8797879850765524
0.026966385528559567
1.309562166270552
1.1650285127908429
1.2417854672872233
1.2387645801485188
0.23179785142896847
0.28412677501988515
0.8193779505216743
1.0727014142959794
0.009290474614793154
0.5429751549949111
0.889869207796053
0.9549305105583441
0.5494191636369469
0.30361450329713136
0.48070776500007206
0.8593278447352719
0.2549387513599466
1.2570839229450235
0.04917137684525774
0.7797234740669018
0.4642557986162936
0.0017260469241049403
0.8326690617761915
0.8597704717016798
1.0590118007034377
1.3339294798663783
0.5938832430133819
0.4863202937397837
0.4026622815299164
0.25670386138703405
0.9975308433416049
0.2381174908292526
0.12596423128434686
0.11886976705785901
0.6643354786789267
0.9512440959154443
0.21252970540113958
0.886357547367627
0.7832383227004954
0.1245453430453829
0.5414345696108958
0.8552482070635502
0.664181706936186
0.44100526294815945
0.5549607160078875
0.9184019369631311
0.5990836836850746
0.5525069265122091
0.1537233527734274
0.7040716749507386
0.8954986374860439
0.38320701482063274
1.0521812202588992
0.7212207459387083
0.9433372029171276
0.046913182236047124
0.17541995751621942
0.7805184268349347
1.2456900872688297
0.8774625400788901
0.385513038640188
1.0990882291888286
0.5635682494387539
0.7331789193023283
1.2488319313405527
1.2425610776737201
0.19283954055340757
0.256539538476555
0.16288184468396627
0.5888327024349598
1.061249309360932
0.8640553790000933
1.1187869119258247
0.44062294071528607
0.42855230289577795
0.765562109937092
0.09195879684838493
0.1781448753271836
0.09460694913720669
0.9108740645814155
1.0294591532717818
0.7209289522629486
1.2198368086929254
1.2644284069782095
0.9285557306083951
0.5381752244789739
1.253487064050244
0.110811486119059
0.09038776733131981
1.1932573830393678
0.1368766224432475
1.212375198744482
1.1516588468896773
0.760173008061207
0.5585483168736456
1.1969133295702301
0.7656086808172491
0.6461146629121185
0.6097325881459764
0.8579837157474937
1.1299972362048067
0.8005288154879023
0.6390142963801595
0.5168549819993455
0.8044732873932375
0.5509073674736842
1.0635643117444877
0.008632939623695157
0.6917580436814176
0.27646196826960756
0.6717114772889631
0.86665869912654
0.9903088418907576
1.307293698403031
0.9255998093513892
1.384966053330674
0.3688599630574624
0.6613767941181341
0.8063966319594112
1.0584538981260714
1.1875852696083127
0.17298466383013955
0.1486211881703604
0.5292018741857369
0.17803874824770072
0.47734497623160743
0.9569072085396588
0.6109521011054257
0.7192606962903436
1.3951920182186182
0.6009995387992308
0.8957522587370567
1.147133757235785
1.0456019314900238
0.967235537980826
0.4240999562975453
0.9798206313882984
0.4839402560312811
1.3703589825995537
1.202423551982077
0.5727011547580806
0.17575696364823645
0.227082850178565
0.2208585104222054
0.24719400240374112
0.9087935820947661
0.4731676725721659
0.5498319600400363
0.6790268549633849
0.4718113335839274
0.6192578973765093
0.5257208934881317
1.3898653405174386
0.4137927541997252
0.836252618490246
0.9952553097159761
0.9259941303935301
1.112889210716891
0.030873157478376045
0.8422432709457762
1.2322562456047828
0.022658561935372634
0.6183664292781547
0.633645818193613
0.07961001973084891
1.3937194474099228
0.12669396210371664
0.6606294146273671
0.22619865721263555
1.0053170556604925
0.9594043830129781
1.1282370041916663
0.5767870043665404
1.2231332875851737
0.3602214131868793
0.3882314823359648
0.11608174301414209
0.6373853890641008
1.1060412919552456
0.75045601959279
0.2413763948756409
1.297388239730031
0.2841784800844337
0.18555183209025217
1.1224822374461274
1.3849168249371588
1.3654023569785068
0.7455923423952194
0.7088057347586096
0.488377505069866
0.9298537970625154
1.1128344269503367
1.072649176888685
0.014796568512949526
0.8470976350617256
0.8811079977590157
0.784237078011471
0.7871666512839848
0.9791151782298112
0.9191079399518389
0.633657190883041
1.2683857813384156
0.7199581505720312
0.30578365655292894
0.5290287046690516
0.6252486304257181
0.298914678345533
0.6974890750254837
1.4135825182168715
0.5404084819499754
0.5320773479307639
0.7231147279041183
0.8124434141005867
0.03977413591523993
0.8154440126893178
0.3309879559269716
0.4980307352531977
1.0393869858284335
1.070973636666596
1.369363337576151
1.351451184772928
0.7191197680754565
0.42337915102963
0.11971917204844817
0.02097853508729719
1.0155871026978818
0.17723159411316214
0.8170936334166033
0.12800284932184625
0.6837202121445383
0.41146874885507784
0.09870017126977226
0.16623875417499134
0.750220070429479
0.1878154645089174
0.857613247088393
0.36987351985168926
0.4170480969454562
0.8434056098650824
1.1668035410714137
0.49486311549819684
1.0561715205877353
0.10754704172063934
0.581067806816969
1.345693697381336
0.5315809277280878
0.6907676801421196
0.4349951185601999
0.026120291807469775
0.30931452343892074
0.42873097096813756
0.4888749289428334
0.9260332499813441
1.209770141080593
0.38573737884031345
0.9048772529640617
0.2992316836385045
1.1636203002227492
1.1225025037265883
1.2354373893672164
0.7502483660227971
0.7750588716852909
0.9721579763303222
0.002769225740504422
1.3618806940677985
1.1323982125772403
0.9985044037923669
0.9636306955355645
0.17142353290290857
0.7054208987662295
0.9737676063441267
1.2983627297470726
0.16607157715819154
0.3102262185604959
1.401730600530081
0.4688735077085905
0.3566849336648898
1.2956558958140982
0.9292744501718958
0.7802294210406703
0.19628143209988969
1.1573017286581975
0.5245521902767718
1.1441080792143383
0.719214122355869
0.26078358859131157
0.1925600034755871
1.2749410246436168
0.3097103457910513
0.17709917551575916
1.1788183197933582
1.075032120838555
1.1884048127979658
0.15738389144530207
0.7105510010977607
0.6847428254812642
0.5904356953414118
0.5910613333719845
1.279114017857643
1.1035932952024845
0.6797838355197253
1.3163671591924038
1.2618616747183982
0.8814684542781199
0.3990522317693616
1.079818083682757
0.7555798507622181
0.9786051332464211
1.3241563435288373
1.0773172768250867
0.5307858132860085
0.4285931835858261
0.755779765249729
1.0572117086202268
0.5083419115462648
0.5493564293055382
0.4109311057522634
1.3813339462075853
0.7417682210470707
0.1264905730971645
1.0429341041111273
0.03134466058627616
1.3136848153382255
0.12648019260544785
0.029382443607204767
1.3380959839138915
0.5653904361481543
0.1415777468707542
0.72906744779824
0.9988559813283138
0.5964546986974728
1.1467010580436328
0.14383729349417307
0.0941490970866663
0.7633968295046192
0.6211342983704129
0.5749403589481497
0.5753218861463303
0.20635693488936657
0.672756903359559
1.256940772666557
1.105315511872534
1.3764596098376756
0.8475421123970028
0.22214977693265336
0.512656909059243
0.5626802403696902
0.20777563401473664
1.2934499213517396
1.0917785476557484
1.33855671449802
0.658387655327769
0.9786601987444397
0.16244732751011948
1.3053811230591235
1.2816032827549293
1.2166335915122581
0.7282572174000747
0.6950927890004184
0.6787439896369981
1.3222567105779093
0.37683595269146025
0.5690557603187957
0.7658716507025503
1.313242831956066
0.5324703689729167
0.5551812258931023
0.8713466678234542
0.6592303569023517
0.982696511640257
0.14611008243410584
1.1071295139833979
1.061534865850151
1.0464255738292063
1.1435853696373606
1.140224377412155
1.1495583049299996
0.5831541994100861
0.16949371439844374
0.21351832110260827
1.1411206469114372
0.8954492726251169
0.5500318840589477
0.9925972003937988
1.15998452177659
0.5064940892273653
0.3750496860838653
0.4784273300039803
0.02921069489887773
1.400660608259987
1.1351390027376778
0.608556126105393
1.0179369572246748
0.19118679186843446
0.6275683278474957
0.2341057342517262
0.23625844337351554
0.20624252720745095
1.3700582177442855
1.0517433832679852
0.6052372569339322
1.2268111364783778
0.35230788804167446
0.48388966354018
1.1833819446306988
0.19352562259306982
0.9603234902259552
1.0961772805590253
0.18384071310912764
0.05538476667654657
1.2519978692403595
1.240812780237503
1.0439053080916614
0.26789370863503137
0.4691748928610267
0.07131962701785444
0.6488703962170533
0.3007778405343685
1.2506314699471641
0.7723622840363673
0.4701942682558158
0.43821686798169507
0.6906170165906346
0.07624632472261494
1.108479957270183
0.05737172343570918
0.8815398758367236
1.2663112882606948
0.5436073188156945
0.44157971684542513
0.34692212570751785
0.02901362459679724
0.013079699397752442
0.6598180579515183
0.7464542125431636
1.3173185698700602
0.6788228589294287
0.719382679084639
0.7618554144338247
1.1966560045233114
0.8292051023330365
0.19646591674236125
0.9463552592363447
0.32637381800723897
0.8966110364387435
0.7686324020366988
0.890107922216817
1.2733663081539461
0.12341645833327353
0.4533450465678329
1.114643114066789
1.0215140734414556
0.17899738154124534
1.1986546359971704
1.168927544050378
0.49827435147982957
0.5599723071497066
0.3159278041642758
0.660408103057964
0.25928167396366364
0.3511263175560866
0.11870402507193933
1.1827501779582543
0.7412900867628502
1.3841354182740302
1.3790444476646155
1.1522654512395938
0.33236948415623746
0.3937464908630956
0.666175317595139
1.1037561659282635
0.22528635026781696
0.4522735043971211
1.208128167865796
1.3668580263973473
0.6185153778190431
0.23003012631596453
1.0703534568489634
0.29179210903846997
1.2663822017624364
1.339254002386851
0.606904519066227
0.9250514102643111
1.3377715445040428
0.243851571078471
0.755980695107635
0.21315179779764326
0.8025241768422727
0.9728879252176373
0.3084292608001403
0.9046241142437316
1.1831737075089297
1.2392040740020018
1.3319648224276497
0.19486044308868467
1.236579533405016
0.6362662223155717
1.0967488085321713
1.410139579938787
0.6961460406049952
1.2744621048847893
1.2186016518160572
0.8546730077863414
1.001979603424407
1.368028938388056
0.09700596420700658
1.241682937924458
1.2235306179420489
1.116848146020612
0.8837342409204646
0.5509294152423176
1.4082915094841766
0.5657260408801932
0.09749486780496774
1.0838246820400983
1.0032741532465992
0.9853756894113815
0.7357672207993831
1.1399143931738955
9.961186679043887E-4
0.387723810109044
0.5073111163621249
1.2670304608889214
0.5383993414396882
1.0735118288713537
1.0528323215261965
0.7640142837868434
0.7793802484303328
0.13412027033771967
0.9736555165942666
0.05794449642072863
0.26824893425002394
0.9012241029409189
0.3206943599586439
0.803968328214709
0.9971396924349802
0.28526375439966256
0.48041888789238296
1.18288711113195
0.16343016176932879
0.7809811245091792
1.2112741535171394
1.271325960830414
0.8186013517983516
0.340852646383751
1.1621543137437522
0.03937929585900646
0.1479451628217462
0.8775383582107059
0.037692533747889834
1.016007015861097
0.5821212419831816
0.986837101629768
0.9350966638684026
0.6084450933350691
0.4348739973845925
0.706713098680329
0.23784714004755036
0.2015132636924144
1.262375094815933
1.1669010298840699
1.004576773865265
0.6850021783124991
0.025597815852281824
1.2154236204031141
0.8465464983874532
0.5523945557424366
0.47555867457975326
0.15463114688366209
0.07572201059146566
1.203471921226781
0.9746957344171189
1.1044077992679449
1.0273236403136594
0.3213276854301851
0.4263187298943469
0.6083187879032569
0.12594218186357264
0.8809037573956815
1.3473149098774369
0.3453813287946083
0.5413540127953744
1.079437044527181
0.5649317866388058
0.7651054949248982
0.5149310018153892
0.6373801561625924
0.8967680628664776
0.40811768176575897
0.5560509982691004
0.7725202394174926
0.9271344378597418
1.1899257946888702
0.16621120204029605
0.30792792600280605
0.3726586240952292
0.5094376450499501
1.0685861992891788
0.08100196840018803
1.0962286203711193
0.613969077753193
0.6936076637139552
0.5644620064536107
1.4088222996687771
0.4589133351461859
0.24768610071250574
0.09280437547658393
0.8440667218623431
0.3077010115251445
1.181813585439373
0.7153031392166194
1.0577341167048608
1.111929396507702
1.108075520207302
0.4629394303027285
0.268434924566769
0.6872785203944268
0.8243686067049373
0.6461971513903986
0.35523503024032843
0.6314122513031388
0.1733701808495991
1.3929844348041023
0.6995094452164423
0.7979348495707511
0.8749124589800873
0.9397016961062516
1.3614309720547273
0.035807937867900264
1.3456571495869918
0.9392531865521949
1.1994882908988993
0.908771261102324
0.5351049637018873
1.202615966745168
1.0244801943123556
0.5391713072564825
1.365645546040824
1.1588687422806352
0.7269948871398683
0.7550811704921311
0.37127445074223386
0.5062391064433825
0.1330063480362953
0.6064947896299075
0.688021243672352
1.3032144807492534
1.1003468934195997
0.32812251259658665
0.05796007039562234
1.3083526527097333
0.13051661968403483
0.8021320966357063
1.127406628649883
0.9948344801575741
0.0826428937202669
0.30178071508905724
1.198114644374824
1.144790912842419
0.6523151027236914
1.225568931424471
0.1322347895561311
0.9600704478078597
0.37308014079489066
1.338139242459796
1.1004609735593887
0.14144093351499798
0.6170165646728769
0.04057742234604045
0.0358268248779805
1.1743899646902891
1.0490197073108614
1.3538383949223203
0.3001630639454368
0.7494433715615969
0.760274977520576
