0.07757172038180837
0.30395860483657167
0.6982670469012571
0.29328964267379853
0.9442752346660674
0.8513259264909472
0.8507479804211975
1.1299593647405173
0.20724633945190685
1.0592092609749286
0.5457471435818544
1.0353249357821637
0.33092024394875663
1.2531140969678012
0.7062917489828039
1.214785212816806
0.8599350842942822
1.0081782268922683
0.8386056340895297
0.8474210557462554
0.7519491142167516
1.1877117992824968
0.18967604504898639
0.5627142451281225
0.29780547722420414
0.3508510630263802
0.34701282664109134
0.5063828201272779
1.1537761022324848
0.8881255730449421
1.1150312541948404
0.2989300800693977
0.05999460678276747
0.9870666286509122
0.4197671511924124
0.6488444446022867
0.44727253417976187
0.06834338056427647
0.6320936277771549
0.1397874688226739
0.7970927813560423
0.8625982902262372
0.19564993673441355
0.8434876628727118
1.266092706466662
0.9223032712288781
1.1332852502313988
0.5394184254415091
1.1126445726443444
0.06228042918203436
1.3587829409896035
0.09256916056943754
0.5467874130229344
0.8224035463275008
0.17504284510240942
1.2125565284848554
1.2331163119047908
0.8194504065971112
0.13660497565486018
0.9035956375880553
0.26477182085285855
1.3793782947189575
0.22537566236737228
0.4601769942110859
0.9598260652922577
0.9089485395524524
0.8221121721338664
1.2858093522153533
0.5920044043534487
1.0059391861737397
0.9437703857718583
0.02400043985949374
1.318183460330405
1.2777836145309387
0.2621715642042084
1.2834600792659787
0.6863305525230903
1.1990778917753826
1.3467006738316
1.1700967011271959
1.1437658617384296
0.3324218715998605
1.0093362072973546
1.1874671316610887
1.1731001568104988
0.8096573071735964
1.2251873926963803
1.2731796783602727
0.41419247677793763
0.5340499963325325
0.6363824817170008
1.252002135377327
0.5304334685338437
1.1605141730663935
0.06737231109320307
0.5863811056474723
0.0856633214468221
0.6224433221199273
0.07567973664330485
0.48771919457115837
0.2574016489778367
0.049059797251264525
0.7894338841960908
1.3111131323522167
0.1317097891807667
0.17925835139473867
0.5045603953220057
0.08449640315950402
1.2385752817999571
1.3575546820189746
0.6317364347362203
1.3185111482821184
0.17459168710758566
1.3649398602071865
0.30802827965832946
0.3714008435531273
1.3471144540778912
0.7212721618465525
0.24944684883756185
0.9757167875230538
0.21488340808967799
1.4142137887505721
0.9142591874791547
1.3499073871542957
0.3397964904734986
0.5563070088949627
0.01649532239883622
1.3735165244673009
1.2849298383190983
0.7092710956116499
0.6439262280403336
0.8996645394738676
1.3275650408522157
1.3226645690962477
0.2672527242199154
0.9989349582832585
0.8465057800442688
0.048088882047071846
0.5053259160930723
0.6079570035177566
0.6925830388650585
0.2401127597533591
0.6150386416449859
0.9003192568949213
0.7861681924765617
0.9511580229058295
1.1554079470923835
0.31109340236342475
0.06756397822980043
1.0799176505631511
0.9747655517892055
0.8986695105882001
1.183766631506728
0.4407932158064118
1.2102530878047515
0.8697889838666213
0.18956771497027947
0.617625129641656
1.3178730124921516
1.069190530504898
1.0107887948392733
1.0812016983147883
0.6282297759071191
1.0575890992615218
0.6144438652899025
1.1219906553427386
0.7614300564106806
0.2917207031327206
0.5899555670960741
0.7554090079419911
1.177217925454595
0.2593798379521072
0.8222512863503592
0.8927733512344933
0.1992835861444472
0.5853057960377676
0.088232747830297
0.611924334127407
0.9448868829544455
0.0838609692538419
0.22339734270079015
0.5366799457087077
1.1444708801144323
1.3192056328234933
0.18698864455661568
1.157143323767546
0.05118124890520026
0.26879903163472874
0.5873237849643924
1.2765399786169276
1.247423222763301
0.5781904467247878
0.7400016593161606
0.4710546503237699
1.0100625560155374
1.11072209274491
1.2661384316262332
0.6996717393444716
1.1137186333934819
0.36008658361088985
0.12518694124420304
0.28397989876328233
1.0121716775507186
0.891055964512548
0.7063582843288481
0.4498359862554736
0.7345522159397337
0.43025835444536414
0.3914549223696633
0.9472927038583573
0.18910354981675137
0.11770099239470899
1.2645525981999994
0.2899409992230608
1.0077682001844248
0.34604399507222605
0.13411397399434344
0.6436686818915053
0.3493785289700897
0.7466799338001604
0.2414815211623228
1.2427937495312362
0.4287256308582715
1.048299376865098
0.8411572624358746
0.40949227524818055
0.4861100762989755
1.3878939175773457
0.8573335573119526
0.006838169114369852
0.27503144312126704
0.12471035316501788
0.4470511402902765
1.1542629449611912
0.2775847285137173
1.3787014215391498
0.2853363266617638
0.694407867518571
1.4095114400367128
1.3166979261569651
0.9916957930162298
1.0102477944281198
0.25264635023613813
1.1910688669890706
0.10016408269362964
1.3627874237465143E-4
0.5034963729653406
0.055531551061961504
0.9483979854308064
0.47482959884112896
0.22929415911693318
1.2912684607739893
0.45018776820528617
0.43738345711309823
0.22177181945335234
1.242967766691007
0.5605283135562663
0.30422780340802935
0.17568097060071775
1.3376983504261557
0.9775327794723803
0.5846547374404581
0.36313343737904763
1.3432175529544685
0.27446266527205654
0.8320087657808253
0.8767261310004786
0.22361152543697838
0.5353246384407142
0.2638528846131214
0.3511024663044819
0.25881372174746353
0.5885851175379531
1.3170030133790014
1.2762372917849134
0.5917059610542461
0.7443229464579568
1.0718532086455321
0.11954070023746588
1.0364212273178635
1.351472460469809
0.3077931506914734
0.8655119100422894
0.8656695182906021
0.7262145905019655
0.838837316529533
1.1733082796013496
0.3395945143773872
0.5710230890784923
0.03345434427888139
0.4959821020679082
0.021674441086590224
0.2586959870007881
0.7333428098436314
1.0629411241210864
0.7877444052749093
1.322463253293083
0.03731680188565745
1.2662852636956654
0.5909572204387268
0.6198619613115119
0.6983509252553054
0.8488355938174428
0.5009952758881449
0.9830785463307989
1.4089738586273781
0.08092031282853274
0.5632947223442941
0.37054490028341763
0.2118948613972721
1.062944666613811
0.19157703419150507
1.2984483549002115
0.27359839906866557
0.11535281145281762
1.3025679339567702
1.2384630788721984
0.49490110622320155
1.3433604133126602
0.7415385231929295
1.3375539024891423
0.6322947802999999
0.3894619329278988
1.3034001901796446
0.20000871476740756
0.9366770797580577
1.3585445176613256
0.7243238625205587
0.5549694334318334
0.653837601102683
0.6507863152693333
0.25057065059068206
0.37328328737829397
0.8280608836797633
0.29270093789597196
0.34810625999100037
0.522879680991906
1.248784708518922
1.085445901171544
0.5104345188244249
0.5796352591640068
0.9246563184374748
0.6547657899424099
0.8822899164654207
0.3006824722760878
0.5451567192832902
1.286134495207174
1.2795230453601822
0.8004972944725827
0.3430018513093406
0.458985191247055
0.9185220033737278
0.46698499040916747
1.013568292589616
0.423906692323959
0.7981496978595445
0.7206289823996291
0.9769672904225402
0.9762525010640454
0.823379474327233
0.2509667287657501
0.043371147784160735
0.9179243590793202
1.3627814335969548
0.7914887061337841
0.12839551118734427
0.29104912579809283
1.2893073592719702
0.8657774017386092
1.0013964852278048
1.0295028818584537
0.6598089479251115
0.3225637354130426
0.8341584627913955
0.0876212708604639
1.122942737593958
0.8218131638599502
0.22577218373725905
0.9264704272991793
0.7421476740080496
1.2518878347168882
0.6457526208488263
0.1938219105547765
0.9171296446750369
1.2501424707911057
0.5157370547536237
1.3370192482561596
0.09036695741554934
1.228203533181441
0.5521804539873008
1.2795881058891272
0.4937658998141687
0.03453495726632716
1.1520585694720706
0.30871040510535197
0.47151834680717836
0.426991173459338
0.8434711879093023
0.9316457106109435
0.0314654998274263
0.3263723019694077
0.7436008031177133
0.6248783325561689
0.632949066511865
0.6877862936836118
0.6913327076033289
1.3539057663672083
0.2228880869898503
0.5802064782835543
0.4538077975742466
0.06858911830173031
0.5448874749490733
1.3173758508479243
0.9934535859810079
0.5082054087600079
0.1315358243534892
1.1546256401018216
0.425257659190749
0.7762284734135181
1.1363888569307299
0.43108590283847953
0.37576779503478824
0.3847223978632312
1.0145343915118734
0.03695246113768402
1.2927991673407735
0.6546892862501705
0.21780322163299215
0.1732759690877178
0.594441246275669
1.2431422013050883
1.4114229254873982
1.1300233860165894
0.473476977453421
0.7441835530241674
0.04277105769926881
0.3723985237527229
0.4685006068333118
0.8110466046104229
0.17090132908235944
0.6366313875109016
0.4814275222122081
1.2033228986445095
0.27801851732553484
1.2648245026501788
0.12394099431372452
0.5160963090092163
0.8638466552708185
0.12976415472378722
0.7843994539176143
0.4748469479462149
0.049937504392165266
0.28983793999837515
0.009156943666376871
0.29492915830903843
0.8959845326302631
1.3335832212427685
0.9267852103124993
1.2489205228195455
1.2377314998174511
0.5562717555106707
1.415595198082983
0.714781713189517
0.9004931743986244
0.6248356766368962
0.14026906106355652
1.0054891464209483
0.46056143932608085
0.5343969192304081
1.0026399685165905
0.5376317279433325
1.1464098392591957
0.09079156257532928
0.30159125129602404
0.03809591388226474
0.46699952479882634
1.3305571704096524
0.6562205750762855
0.20945473301338124
0.5671302855209193
0.356488007489863
1.3629328904974574
0.28099233218793973
0.17837709655615275
1.0854662320365365
0.5529801711416206
0.46251660790548943
1.0775745458628383
0.8667919441022411
0.13817248497679557
1.0258681430909218
0.27480160022344846
0.8797150664220934
0.8865030313543298
0.5503563640678351
1.1400609373857105
0.838571730387081
0.3065717638806251
1.222291646164333
0.18414228853687775
0.6185276426266961
0.17629618339736508
0.2127015897852702
0.9886343606314496
1.354961076846751
1.3457994012539833
0.7937408123285671
0.7544480044355198
0.5936355820586469
0.6606412079170332
1.1360867360788525
0.7376891176140832
0.04192432327565321
0.2849908092449539
0.645975400310088
0.07406253435767707
0.19986669443860527
0.9937706929697614
0.9138506059351554
0.9166966516588695
0.08868893001499356
0.8978013327090871
1.0773244891164995
0.9862441725880554
0.7389953678654578
0.16735134354212922
0.8561868765661576
0.3486165710404147
0.3793644852102387
1.175255995333752
0.691042058565852
0.9901662806540699
0.3045410532633157
0.9290943616337628
0.5017778628003471
1.0460578502810691
0.6639003341374912
0.4238587110186305
0.34579356973959186
1.4104595198167118
0.8011252963266867
0.1127303407652831
0.07853152191776946
0.4252789103040925
0.46055627421276724
0.27841013224445055
1.3826594592187078
0.45732113157513193
0.12385629558037203
1.0019248403608507
0.7210379586610335
0.9130877374898637
0.3759262281687373
0.9852144238115761
0.6672354137410188
0.935296981892175
0.6386960213398507
1.3920111187891329
0.35885294183114236
1.048877802493962
1.376715363703552
1.2565294390146458
0.7653492061392904
0.31652468532049416
0.10511441776792207
1.2633326511191534
0.84299303745275
0.849770531529088
0.5751948723761513
0.23598211735000918
0.6311761351221534
0.19502533312325165
0.5224555448582213
0.20108481564818315
0.6965089544619263
1.164543431704935
0.2250729045306682
1.0985221670914123
0.36902549314638
1.0148149926443315
0.588786344961884
0.0452245522662138
1.063811346501525
0.035349497636708915
0.888582085408059
0.7081725659157131
0.9247043392522231
0.04797740058930278
0.38354572358049444
0.2168884434430931
0.7227367114895679
0.13716155797337604
0.9561237393827011
0.8339268887726654
0.9184719917992414
1.059451373396293
0.6606153834151341
1.0216126847714013
0.970297883503751
0.9696620301586918
0.305298999976105
0.9921212562378071
0.830557155216323
0.8966339711800636
1.0478675431432085
0.532947877433922
0.9870990371044596
1.0116029041465708
0.48749170956720783
0.5472104106773601
0.8113968604492892
0.906947318922177
0.6235168461467018
1.3843223847621404
1.3468870909945396
0.15955061300987916
0.27967603082539627
0.42933566561114606
0.6599429372974137
0.5633738393873964
0.42806460529047163
0.7131470049749742
0.024603962867759455
1.3935142773328908
1.3182731849649811
0.45230508959660737
0.7595315866908902
0.5016858077396997
0.12397681282709927
0.5422855948078803
0.5263285458461815
0.9620860915210793
1.0732886279977598
0.1862436373448284
0.8417899365329716
1.325636416049553
0.36708045500907177
0.08309803390863812
0.34801136871883176
0.1510022048270655
0.3034785735967903
1.2119025902113414
1.3726394932624255
0.5938699147657901
0.039515235787291214
0.2623194859666149
0.17396827552563365
0.6838264366258048
0.7341079369398424
1.120897513767177
0.4359514869839347
1.023292658490277
0.6964258838037024
0.8687589442449766
0.0632545462175852
1.2668861630980257
0.6740876565537761
0.8197696351086576
0.2857664153880808
0.58367178383908
0.7289169186528529
0.4244433343532381
0.3394261215443394
0.4435773326790483
0.7417437120949476
0.1920339855645118
0.6142258995345995
1.2256348353665607
0.24640886701310616
0.5761118474353257
1.3871728458183628
1.3468264030966748
0.5564463326311606
1.3492396936281417
0.48623732517926926
0.5040892744108747
0.9412914545953179
0.4614118036814914
0.022136063421616226
1.3443047380933715
0.3462834431484161
1.1424192315050758
1.2320778584893057
0.7692717910815187
0.17971748938615795
0.5747237024853649
1.0496215655649235
0.5129044207823131
1.1916199447349856
1.2759395575059602
1.2356321967903527
1.1177432626868693
0.05368013960445561
0.8189931935074684
0.0038854835960172585
0.4779519974260143
0.4726384683319738
0.7312100571055189
0.6009957613026317
1.1398804668988185
0.6071431829138241
0.9121088562325771
0.23621511379358517
1.1286818056522878
0.5934673381013128
1.1928118532521443
1.1709172370217271
0.8187767640505919
1.3832497897541844
0.24755488863751896
1.339486113158396
0.6884117336339156
1.0176781367518308
1.161726252728188
1.0622792088943114
0.4546097399514391
0.7392825411579513
0.9676334156979228
1.3623835517318117
0.9556199184703686
0.25654997830414317
0.890002691149312
0.143020790203489
0.7672385652611508
0.42001244400758453
0.8430709359553987
0.6035011708000461
0.7439285019788732
0.7288364915876016
1.0050891377084383
1.1173955763241765
1.2589249132045575
0.8099471270773199
0.7015798501749797
0.9680296369165071
0.8299163936459186
0.6817113898574149
1.1308105462403164
0.3508201966359876
0.8377900497183558
0.0982076942546517
0.020688664974300774
0.042544213668898934
0.7603964105540104
1.1812896297589184
0.36320082422069516
0.8471649115596058
1.3330881063783977
0.9181441805865755
1.4054658581219321
0.18620820275190753
0.7682011112393446
0.9184984608235285
0.3685785999510657
1.058178438071595
0.5685833336249488
0.6001354064832803
0.869715414470502
0.823231883132194
0.09923297233016926
0.5197345459089078
0.838298828243375
0.9338442288543793
1.2319817740104795
0.7470328712478529
0.3442827471559826
1.277624502340848
0.8986907380743986
1.2680676787939498
1.0608134156201445
0.9571633449552587
0.334926976406399
0.9982457406950992
0.013335244447438943
0.7817790751776501
1.3628050427155358
0.6252874780463116
0.8505910401526966
0.20101535937257564
0.6189283593231131
1.1371377802861016
1.243262881076912
0.5337158750063025
0.8161758131342486
0.708681726354514
0.724452058655649
1.0302678891725516
0.1399209375486682
0.575926184048117
0.45244999803249497
0.20366716384954509
1.04919584275392
1.2148313599990046
1.2556794570930072
1.1023605495185929
0.6348324994936927
0.3723821012596805
0.033414797035482224
1.3633977000511628
1.1345109879928592
0.7099867565329833
0.025905415687042743
0.24835131819000977
1.2163305569284013
1.0249481664557387
0.29131594650472936
0.42339525545486795
0.16510412299781596
0.11433086222703737
0.9615676742988543
0.6199542600238163
0.9685242093609211
0.8723407622871269
1.217488478087706
1.1886071962916613
0.15633211719663942
0.011779342872270449
0.6045752757670115
1.0322031427849292
0.7406485557083357
0.9971760000024169
1.3064779570359253
0.16473586253887484
1.209889344107245
0.32792918684451566
0.46164394706540507
1.2763464770686899
0.5966055226306164
1.1093762452041558
0.3841657829439327
0.18205465896692619
0.3074761164791796
0.566304301484845
0.34018766374757814
0.7717761587490214
0.9526496566164439
1.0304986476807656
1.2882152451878655
0.9780707050721827
0.4702125579520664
1.277716581782266
0.8621631405730333
0.811795858884026
0.5373456157668465
1.090731239806294
0.11711276094659118
0.6198786014724041
0.7071122130736183
1.1510833670209115
1.2582127657728344
1.164868350887843
0.5564256508626982
0.27426679215438177
0.24216701726966772
1.1119884375477207
0.03928281633509745
0.4722021832950495
0.21305460939433718
0.36946867053115984
0.9493973317879203
0.13680810575906888
0.8737958526515832
0.9293775975918394
1.3440300526155382
1.0686275776946914
0.3506478554771014
0.8117205532071747
1.1962976049650593
0.14280076483162918
0.1409633787948752
0.9245022955120487
0.5079040811286362
0.6208458640924468
1.163470902698068
0.9848551049969545
1.2448039116163914
0.7207410126194835
0.8769229350481506
0.5719928643582899
1.0999924794218017
0.4791542184969132
0.9815342965683247
0.1817843216064957
0.252494215005987
0.6675995635560298
1.0731024499595785
1.0542099774815576
0.9333638592291863
1.06840077492388
1.0284599437315762
0.9755024794127748
0.8529919033187636
0.5399692351854951
0.7152019739974965
0.41080335016755665
1.2305923860258638
0.7720794107079327
1.1196605766081187
1.0474663035234673
0.9800548323552672
0.10754481866440424
0.9660038411755074
0.01830285426276146
1.133512888959412
0.0851684359873095
1.2150551404633259
0.6197456562809787
0.1002157397011384
0.09246874198900179
1.3353515870259238
1.2144342522015787
0.29029981663785454
0.7002921194844227
0.7305928474163069
0.6698303156110501
0.9896369968603705
0.8438718472906586
0.508149667694656
1.1543149918088536
0.6119288648113073
0.6843686901755457
0.32813259775758685
1.1228224556827204
0.45771831703270877
0.7509325487421215
0.07160291398100349
1.0704022924532548
1.0187689031238698
1.3991724470415994
1.2984035033516972
1.2220625336899977
0.5078626904628744
1.3503636141984643
0.4267643324987104
0.4643114612263312
0.0020017125336816433
0.8771477252779265
1.2054336667998231
0.07552573414131636
1.1135519332162798
0.06258169753925824
1.0809433142631513
1.291313015022629
0.8752570818720384
0.2770569280875953
1.4082709837215555
0.6484404472569041
0.4394616663721413
1.0303668513497788
0.10371264267156521
0.45421656508672037
0.4551322492168463
0.42852855859333244
1.0931635773544444
0.19207626562341373
1.3043108099148706
1.338723915414414
0.5183820373341059
0.04989435771995898
1.3623581482985514
1.0522798166282545
0.7881510528046217
0.41102634996171633
1.2889818828661026
1.2795586400420482
0.27607237093787684
0.952329601795288
0.19017850247892087
1.0374074655881218
0.7002448473114888
0.8982966230480285
0.5265986509235232
1.1248732142620175
1.3150633875647553
1.2078466126273666
1.037773823042678
1.0204095301457619
0.5316885471975279
0.18801650441937978
0.59082581890243
1.3685616385651638
1.295890685607679
1.249393591253862
0.8920355385840993
0.38352032894572124
0.02070829970217336
0.6432700496716106
0.6274737106307903
0.943974664328717
1.3179345423418707
0.527707953990215
1.3388845288107885
1.4142581553291766
1.2905558365258567
1.0655645934230575
0.5350987538223089
0.13001481961591466
0.6514798878662277
1.0035608602616977
0.445819740012972
1.2698324516999264
0.2007781151438347
1.2160863259675194
0.3061648279952449
1.0940632951500988
1.0790551894169127
1.217949862884188
0.5372782087348467
0.15694284430789873
0.11248227745618355
0.5013996390808606
1.257639173892016
0.8098060664357254
0.9750981066243934
1.1223596466372936
0.6817708720384473
1.1311222459816694
0.9536578404778709
1.1940107109643465
0.0991374582511848
0.3506989883640184
0.32286485667521725
1.35370491444695
1.0798752600336528
0.5363288935174354
1.3155653869030581
0.1827366235680744
0.7278555356712935
1.2338283855564467
1.151666558474513
0.2374905936006596
0.3763817397598961
1.1657376335435838
0.4862937843045241
1.1447801310506716
0.6019135594036542
0.02372205509366332
0.9763741504268941
1.213937924479392
0.8857332155726215
0.5996860994295061
1.31216915280388
1.2835334313520446
1.1136502319247885
0.5747496352821093
0.45505334873465897
0.8143432497004154
0.8883191597313949
0.43552649047066844
1.0172751337301649
0.4752500987513257
1.4128704710078037
0.9854214904463351
0.4307242092773625
0.5442191636920533
0.040976777496137484
0.9406020562446638
0.3663197546522781
0.055487477046291867
1.2682113971586348
0.509807970455081
1.1060121465060422
1.2411145534972674
0.6524802359366491
0.8006132062710318
0.702375157761099
0.6470984279185537
0.8447077867228158
1.0229790250170152
0.021478663167164846
0.8237057481136263
0.8439066109253307
0.2786263419517475
0.3147565201365893
0.7599823971682483
0.5047639100845387
0.5500493955040962
0.7854287150324701
0.9127461108880259
1.0699758078606751
1.4064875207352021
0.298288392508668
0.7948450180700122
0.8614690415403843
0.9992004588367202
0.5921383042137314
0.29093880455674415
0.9175521161562284
0.42446672331757035
1.121582764885551
1.3659154473576547
0.682991876163065
0.6250092748131331
0.6937235153287006
1.27005760658334
1.2283169640358196
0.4499004292877015
0.704646744458423
0.18440102133646208
1.0087832931064433
0.6200752952970594
0.6173472720659909
0.5892777549104364
0.6918363404323405
1.3904591313458914
0.6547134072557637
0.10550221541973714
1.064450579742374
0.10086114868117668
0.7053332651581816
1.3410431135241856
0.9757719049956017
0.20295867027907932
0.13342143899137449
0.7245980907109771
0.656623403376065
0.39439902256929144
1.292230772821997
0.6552316971843997
0.840607081016531
0.7995242981828525
0.09357789292524432
0.9139686150300422
1.055204916228973
0.5880447834935741
0.3348831998918589
0.24025403912030419
0.6416557059236551
0.5608663232495383
0.969610368250023
1.257242029070345
0.9303034547511665
0.938012299014118
0.6111776020475403
0.21473352694423165
0.611877315040979
1.0762251508914957
0.6181131341881992
0.23388253843900908
0.3073131660203121
1.1309980858913091
0.9733311759487665
0.04315723791433357
0.5533572138750167
1.3700368384573047
0.5665183378645597
0.8076437899470752
0.42662221544096857
0.6873140671484118
0.8652405988213941
0.44286031195963477
0.7221546840895188
1.2539843848065129
0.8521667934675202
0.4844230546341584
0.6579899401948308
1.3727058880781293
0.42503746936763986
1.3367524820331043
0.5357984341464361
1.1095151738083227
0.009774136073747663
0.6211296988140607
0.8481592567807368
1.0517435079480426
0.8385387050885671
1.0822991964414461
0.22736952431601498
0.8084337169300874
0.8670655744737777
1.0910663163613292
1.2621954205332624
1.3845793760776208
0.9658591571569665
0.8619880830680361
0.5711209839527538
1.0938918295805964
0.15210416744460764
0.7699017760201737
1.192858256459535
0.16922362909323174
0.8854100418927875
0.8781567600217896
1.0512572708971892
0.9032322595858866
0.1767370922663426
0.30449714076881695
0.3480613098241422
0.855663454637403
0.7606502601176717
0.9138582280106331
1.2964985788010077
0.78493579368246
0.1845975265166383
1.2944734978758954
0.8279349574043131
0.4473823551021058
1.3338455197639185
0.5856865185269033
0.29807525773247
1.2452531305863164
0.4433719755998889
1.04158365297746
1.2405661458057646
1.4074518016074937
0.8092212930148732
1.009554077768826
0.5209655305541242
1.021398279086412
1.2910774901807673
0.40077122862953957
0.7891174415659162
0.31357059602731907
0.872796271370913
0.8174128175128856
0.6984975125791119
0.1959544135731741
0.10742836627391561
0.439196845260399
0.08966510183735099
0.17270140995626238
0.30344740017879657
0.5400405799270813
1.0730332192679537
1.105243475531027
0.253387743796333
0.5524222744642524
0.14019974015692216
0.20897939954650835
0.7960308345888449
0.651601324587184
0.356713462526966
0.6494464030163782
0.7491832240983465
0.09923514922334542
0.8670248007997636
0.2570055425535428
0.909856263936261
0.685913463884197
1.3462793168567302
0.436174739495859
1.259997434580228
0.22575294614523422
0.9173613765765323
0.1920288257711158
0.15220834499221847
0.9442232426437293
1.0035243776063212
1.066485121452552
0.9536568175839065
0.7404655887081225
0.6341286429657259
1.3346142086146418
0.320681493274077
1.0975937941334142
0.8788776179737523
0.8154982253473976
0.05285697468970074
0.9125131318657854
0.5179368811122016
1.2342183744318294
0.93956733445938
0.8336794581295501
1.4031257471975978
1.1045085285160752
0.8872604645167484
0.6473950330975617
0.42789526860289606
0.27605746032518896
0.0871845248005968
1.337625683858986
0.7670439894520455
0.36706597854916795
1.2396779753103184
1.1306914302469329
0.44932139196199256
1.2683347722945795
0.008220748739176442
0.9502071575771064
0.12228853076386004
0.3724148982204608
0.19252327796930624
0.04228106305187673
1.244883879939119
0.9531152869097806
1.291255548659473
0.1497939015691
0.5065888622046475
1.1423940708379066
0.3288779894785815
1.1305392124698554
1.3308926447208722
0.7187957881683786
0.44688258085765153
0.811710025606716
1.036015270642272
0.8697335187577655
0.6095044864397638
0.31517182954372347
1.3620076968456083
0.6291986106590354
0.5090210586911208
0.5716316793725791
1.0824623509672344
0.3848401454715926
0.06355450568799459
0.971219297940956
1.338102253650911
0.1128060791594695
1.3580480854581367
0.6568118631439986
0.8850442386116426
0.7078098908631162
1.2431607673042675
0.4159918331055278
0.15659224267558158
0.9583466037650936
0.7181803745670031
1.385072378330071
0.1564494583168845
0.4235745785339854
0.4222822753494609
0.2686504196594437
0.3911649907641215
0.8449572262980515
1.3151162016271878
1.1287347842952946
0.8771858044912542
0.9340916534898824
0.9486847515600966
1.3381643232045177
1.1633748510220663
1.0439598194457766
0.9450144394381583
1.1279384582513527
0.009796505747957096
0.7536579906439465
1.1371803623406713
1.1908897150643523
0.553048627494987
0.8421305588982334
0.27624116840938573
0.2507527043094113
0.11876526433540946
1.1142417492257766
1.382882818911171
0.18078336784568727
0.08151215353253971
0.6247915285756122
1.1747779600345443
1.1225124574008216
1.2455714985866815
1.0473855111113848
1.1999412380547057
1.0022062209877185
0.10656730249633128
1.0098965727419091
0.35005675118599056
0.6806205559107081
0.524016382351604
0.36639539611869887
0.050152052028056726
0.28645792567404516
1.0861800993960538
1.3049472976187302
0.6966162504599831
0.3849848828238538
1.4006857916406126
1.123861057347728
0.2280619608624509
0.7286197338322203
1.0097330728702139
0.9067232436328476
0.6022373350249324
0.4129297704142013
1.0465701192522257
0.31841210437133005
0.3049160417690131
1.37255137655552
0.02531551269610155
1.1151516876430703
0.18699838711536976
0.6385034089222069
0.12981802222243477
0.3443875487832472
1.1842571709181078
0.6570113891295637
0.25159273649065794
0.9851378188437203
0.281679243090037
0.752834001457426
0.9941794948598262
0.9710133161667357
0.8998760596091244
0.2936601402887725
1.189030632408682
1.1034101758609067
0.720758167822085
0.7168896165489355
0.08592632573931469
0.30813696068201446
0.4396030643563653
0.686987783182432
0.32251294273348563
0.750211488057289
0.7527173432589515
0.2067229105906303
0.1359886351750348
0.9942550168067865
1.109521509958252
0.5444698532374361
0.49812497442771025
0.7716910420223554
1.2462469807616583
0.9245229807358399
1.0952398055221035
0.8892254901844785
0.04503033319925198
0.19507881164663143
0.14919688354433713
0.804877336317929
1.102036354145424
1.1729586276360062
0.05394979431554092
0.5329528479066629
0.7754445622263398
0.7736697245552769
0.12893326771191838
0.9721473567245297
0.6452183899786055
1.317868386968223
1.114263123439959
0.1190352564477366
1.248735275310936
1.0874650266304926
1.329561391128555
0.641198984449259
1.227101706574758
0.39750170517333083
0.8137299795615439
1.378793675489002
0.9334584157320225
0.9082221756754625
0.2952223959992639
0.2362015085585416
1.3615598394656043
0.6781062413553723
1.2870275013160475
0.17058885531734358
0.8139957930399829
0.01135755246608594
0.9472301159978147
0.010357171114581232
0.9837227019113179
0.27773815984345507
0.8428987017583095
0.023589677888926297
0.3746217558583028
0.6473713251145199
0.9273446429126175
0.7419355361107431
0.026738241058360424
0.36957233578043075
1.3994052188682855
1.2796946856592926
0.5818330955653152
0.40627822145207093
0.18088826346044617
0.6182783791826447
0.9232613868714162
0.8001692556631723
1.2127048734863641
1.1511303599036404
0.49487529977338035
1.082217877443393
0.492104279355703
1.239044717899075
0.8954412654543862
0.04531117183627731
1.2275444891027187
0.8627224454983563
1.2418771371488595
1.1632720581932674
0.7783606974507381
1.02348064591774
1.0000356237535446
0.4060946976671992
1.16531150878938
0.2926278423324131
0.5441627300393641
0.48034890596307617
1.4027263793883684
1.2225856955501302
1.1622354947026021
1.0695119302628933
0.4076476236571771
1.3777491999424845
1.1708658767651998
1.1515574672213051
1.006396875760551
1.3193533125599752
0.16458686703140124
1.0258789902305152
1.110728409151947
0.872526656709707
1.0095457601247424
1.2059205512619129
1.3964074394990367
0.851849809152597
1.024019900192183
1.003176328789573
1.3266407958595678
0.9943328777533008
1.141294060799607
0.6120744228012096
0.18996752259147576
0.8635603625242537
0.027504702549723037
0.06377559371401675
0.34440393564235167
0.4632029676196511
0.2013319883383159
1.25701788816408
0.6387203365972701
0.944460621107383
0.2938478030610101
0.7293803054683319
0.9822158767460558
0.09662426681230496
1.037157456637599
0.23293377232632329
0.7941228994409997
0.700678646902189
0.6811014648625997
0.6201167918015412
0.6018680395384679
0.9406954786168237
0.4392664618868991
0.3666451233204714
1.345669045963393
0.5454612472460987
0.7981464542794523
0.9758670905066209
0.5291121293947079
1.136085575075786
1.401036943278247
0.5366538377122749
0.48410251549573907
0.25052592387592165
1.1408742056242636
0.18092228574301228
0.3063818522969699
0.702688820469152
0.5048014347748513
0.029968866970096042
1.266782565436925
1.06125127423166
0.7872418408185624
0.601614692187042
0.3755559299248099
0.06941250831445267
0.9982258499009016
1.1963397598849839
0.8804605705859564
1.2079966376837066
1.0772399712136862
0.5639620982666396
0.640829543705393
1.4086282927819487
0.3707458887551827
0.46768825088931554
0.6100703930441003
1.157971892080183
0.5495542775113069
1.1720429918419746
0.8082610061789768
0.9082506553414784
0.5620074879837567
0.8302031091950427
1.1913399635007398
0.4734721684582205
1.2972990880557815
0.9366000405270192
0.6741999397909129
0.9182328505472177
1.2969566671867914
1.3754150604701114
0.06307707657084793
0.24747301613299533
1.0874919706095612
0.9288496432398444
0.63272298226407
0.9347437694541773
0.6331998687183608
0.4191699767241341
0.3285612186315514
1.1816738533265219
0.2687509134156528
1.1343614711605916
1.0894007447677296
1.2913866938933736
0.30986107482553704
0.3644616224990292
1.2781757340761104
1.1994943372287377
0.8736140008901903
0.13866352985787078
0.8689639337216962
1.0010997288246097
0.31512793962983676
1.0837518782873246
0.7653752810690733
1.0368444855666472
0.5926459306542635
0.43066713828481096
1.0848447705113315
1.1363005327939595
1.2225614925042032
1.1212528692531225
1.3360272582679984
0.4116691620011105
0.8118820250158426
0.8816200604577461
0.10951730015421868
1.1534824276268274
0.19527782710292196
0.12987724662612465
0.6043838905425784
0.024190426573847845
0.8412027455723678
0.20339824365515524
0.5692298955342998
0.030654567165754987
1.1769383694832187
0.5682308788161093
1.192625006333045
0.5495182949239472
0.8789020756828272
1.3962079243737326
1.1692214788743565
0.6095822074834779
0.8702621689522557
0.38269964240550214
1.1327309136298556
1.035262016002251
0.2701874267665202
0.06968017065041454
0.19551465535867452
1.369621573189176
0.4192045882272226
0.4430903295845383
0.26749449906476297
0.7524923202549171
0.6522334582969759
1.0634847745625806
0.9002246421076074
1.33792733274204
1.0987663144543889
0.3407974086078216
0.8571097868590692
0.06501502214291033
1.027936191500306
1.2167088161432678
0.20774909518828955
0.9255440125642178
1.4081142203737376
0.7678872420497885
0.6177493304300998
0.7552113490898918
1.124346029953586
0.824748854443808
1.2747070130624285
0.7300068564764168
0.10913895622071956
0.9635298435254658
1.2749952401491218
0.1355109127699794
0.4052155527453653
0.34366956872785925
0.7581172490686796
0.6277328438565102
0.7720722736556291
0.745621332667904
0.10516497554286608
0.5195752763563306
0.6102645384383181
0.9501068395575922
1.0439481428550814
0.148060210487162
1.051330056699597
1.3776820636451403
1.3549555264427342
1.3324789862283546
0.7133467789661536
0.19911184304370677
1.2596382633415666
1.2497231808195552
0.7824321366781457
0.9379127391748089
0.013478588249302814
0.16069100537524006
0.7764419552770156
1.2830865323990968
0.8007205178463362
0.2288221759534549
0.02342329753577821
0.5279143709211307
1.1303098304779067
1.2533638081271885
0.34879710831676003
0.7828782007523977
1.0773638047372276
0.6999411803820819
0.23860548466410447
0.7044143033125017
0.9918825304450463
0.014572760222873904
0.5030072562299817
0.35240951959844213
0.7360450787341292
0.1149188448007592
1.3101136074000017
1.1567970075176635
0.40647124354643244
0.7055675093727201
0.5135228794142375
0.3454294678811478
1.145152288366355
1.1589084177593194
0.6919899503955862
1.3387791728917104
0.5619985059161562
0.34150084597516805
0.41541536277482755
0.011063946533806934
0.7916618770314551
0.6585862602830026
0.10671867097363097
1.0966848127354485
0.13088613144878547
1.199129509824531
0.7606915106616458
0.6918234254096889
1.1162697876135623
0.08021551179976893
1.289258567872686
0.061209657349925894
0.18658882324691173
0.5554068637057905
1.0864601188998388
1.0475189996976797
0.6237853141309241
0.9867694580482748
0.6753149273712831
0.16250933259318823
1.098826218365336
0.6301403840333505
1.0202377049535378
1.158092260348455
0.28376747117961265
1.3521824165165417
0.15918965766004467
0.6705505781049855
0.13446172009160606
0.9957064023121203
0.28934795778878875
0.23632650194182125
0.26355583333471144
1.0245282385599999
1.306333407747117
0.7132026723942589
0.959971978494278
0.8389832786727279
0.12739691776258744
1.407721829519847
1.3600608386282584
0.10323081185881855
0.9918303648796492
1.3194932005035194
1.262081449275132
1.1999920416430947
0.634312134729617
1.3161088033942914
1.0225058826845053
0.3689457357522166
0.30998831190062015
0.2902965884787636
1.2864981485935325
1.2517106288584499
0.5134326424930579
0.2008260760137749
0.20828313248730512
0.7112687869287465
1.3381920455891116
0.08296260554272916
1.2362188821098825
0.06262306980684107
0.6496832703714606
0.4050448101008252
1.1070641472312146
