0.775914239140723
1.138500538414845
1.0342607066947669
1.218117109003685
0.8516873643601094
0.13554237973345462
0.23146529564742102
0.13655914645371758
0.1478513746013279
0.32114756797134747
1.4152038142901413
1.3561961386094534
0.5916081281703274
0.657240274392429
0.6938679793911062
1.2344086537280736
1.2106100638847161
0.7534083475712379
0.7881060038610512
0.6393793836695348
0.6875429688121467
0.44978929471803547
0.876699999879747
0.6380389819630882
1.0530987005334285
0.3450713852873675
1.276234005904456
0.7318135022742732
1.0063602249597878
1.0007694336484771
1.0889199789792294
0.04058884774317728
1.1920933611047124
0.6953915584623832
0.29916399401176774
0.5690478457974895
0.9836078152382579
1.098706996141392
0.6111177118932097
0.4884590894215833
0.5893608126941473
0.4165312740752693
0.11501164799996222
0.37822931191300524
0.6370582852609122
1.0348173474072069
1.0391338418059062
1.0989580475318643
0.4444706460205688
0.5045689941758823
1.3895025333796203
0.8135068036635871
0.36105741021679594
0.8905102952457683
0.9512760756609562
0.898563837563211
0.03480976251110057
1.2499662996010015
1.4054523979762246
1.2016594022950609
1.2507130976518261
0.24007830207726633
0.24691757195732078
0.3720281203627011
1.334752237778463
1.0412108267117248
0.22717807429923687
1.104391269330962
1.1170469380281545
0.41328547902911195
0.8893702828425182
0.8252391952331749
0.17057337916270443
0.15565132339210463
0.8038187953846708
1.2546661495814602
0.5195864025918185
1.0474671862805198
0.4996579575807772
0.1531538276847808
0.5091326318478631
0.5816778111245507
1.0492738263768375
1.262288599671987
1.4092934636453034
0.7054493136949624
0.04659572328646189
1.2660219026862662
0.15713278436783928
0.9491183446907788
1.3591689552518806
0.3864297714725781
0.20636692881904517
0.5638893207123804
1.0784065021771416
0.6039706218385598
0.1095839106258214
1.100762193342053
0.17672423990882058
0.8568543410596707
0.7920473771522207
0.6003387158025715
1.0451774501980977
1.1007712174532989
1.133526133117315
0.9557332413560593
0.9575910735824097
0.3898707826414537
0.7871158910962612
0.029439571926393904
0.5717533491472755
1.152385201159466
1.1533635036898686
1.135078354185632
0.632353194133713
0.7737038468937996
0.7166748831694822
0.07522167926379986
0.2002730406112465
0.7488784379311451
0.43104245728416674
0.1500229041795249
0.32420176213457885
0.4058470951045089
0.16442569762042858
0.07090790970178074
1.0084169271812855
0.8158678227747733
0.48598736290332645
1.202826297975013
0.6797544843159761
0.3778871121838614
0.45189872795385133
0.8066338602661581
0.8491180815142525
0.003904896301403782
0.07494393373254393
1.1450428678838074
0.24128154887385334
0.10214735526418395
0.9873710718041037
0.5041874699324789
1.2599881681598994
1.0240068402122384
1.107087295995953
0.643643597195656
1.113774237571144
1.2564250089963336
0.1867171292095694
0.0885674268999912
0.522855716132187
0.9608382027135491
1.4137719881644943
0.48315892664532395
0.6587974710196541
0.07740760352542708
0.5802923568798346
0.19124844499085814
1.2828146794878694
0.7721620850601304
1.085869915624103
0.7991934616999019
0.521559985694108
0.9296369748320336
0.2672007705804993
0.8566959037233539
1.0287286602994221
1.1336626689932607
0.7286441300477765
0.6624195974548892
0.7180544238969218
1.121029312464222
0.8354074120588664
1.169622937342933
0.07067192538523237
0.5416334979784285
0.3138543914905225
1.1671047856091474
0.37063239949032184
1.2643406735000178
0.4722157868547077
0.5127961882121592
0.046977458720568244
1.1343970466740865
0.8928995505334697
0.42487166438648133
0.9079523008096438
0.3937608599894722
1.0421157678620778
0.8660326900530454
0.7159518594974968
0.9210469271284949
0.9759525195571794
1.2205583252682155
0.647011623771966
1.117839636998343
0.3773777473116651
0.36885820296132443
1.2395255576752089
0.04274280755926285
0.24073164758381627
1.2225923629904698
0.42827149554431165
0.42861454891820283
1.3526364538943314
0.4511315425411041
0.22710433903800165
1.3590252544352754
1.2698719066097002
0.8891992489327356
0.18182874669795113
1.0812295518876396
0.5547976089912616
0.6629962538018579
0.3587880754731514
0.11388353926475225
1.0555210714028576
0.26443746293016335
0.21690212874507953
0.6556612148107483
0.36361285074981403
0.32171629188007245
0.992449935449279
0.5476586323084345
0.8640993895259976
0.23354265769345217
1.0092558723046199
0.3654549342007689
0.3134753031023749
0.6537088912277674
0.4194351714729271
0.7644356804656708
0.467122919006248
0.015621124952743148
0.5356749708170669
0.8572294109068197
0.19429215054508842
0.2147853821143355
1.3893687837211064
1.31568372708663
0.9295905025627439
0.06287724627425428
0.6520108535983236
0.9206378870937634
1.0371694501148152
1.3521321768629333
0.279474516294827
0.9407991384590987
1.3027611949270872
1.172373723361566
0.3147579051254983
0.8449837295198035
0.8365623154423979
0.4170281677097169
0.8639767713271633
0.6863320265995124
1.3928198843494761
0.6436623540659522
1.2835152858691374
1.1889264975842333
0.18029176058618435
1.1680814578666396
1.1672059773002466
0.3474693054115891
0.931640972755564
0.6303830203002542
0.3634866165181924
1.1205434404541057
1.2671150388641559
1.3276575889975017
0.49460911614626846
1.1255401659391935
1.1904578779582997
0.24858622919627527
1.2558440745603143
1.3647298797482679
0.5625216728152822
0.10547436005752953
0.7442729696421501
1.2077294998184884
0.18385281997603287
0.2906044028094217
0.8900266921323978
0.1575326113994283
0.25690175558173267
1.2970194904755932
0.40772056543307916
1.1796851358039098
0.14100878724065624
0.24685079406076216
1.3608371816619802
0.6689077045337651
0.6938058700003908
0.9204017394956981
1.1045694841935179
1.1934657218240856
0.9402235692449435
1.101258881342622
0.4573086965158379
0.9160224665424167
1.3358554682470463
1.1068898859833862
0.6681292086111085
1.195588881186714
0.5692853897499824
0.1043275305972351
1.0472425834071315
1.1793931110448734
0.27593856648171233
0.34326074609409385
0.2322797984312407
0.6418314995884152
0.01435797665352534
0.4658547559725388
1.3747318514567028
0.23313683757278192
0.4201485392691967
0.8941720982328026
0.6958910532325759
0.15997647285582628
0.32884263863080687
0.1414078774090406
1.2563122142547711
0.49121202196096203
0.5910551694637787
1.1910833479869445
1.0946786823054921
1.2716140306015227
0.9604455810270724
1.320648850744134
0.5335658871546176
1.3524025937145372
0.2804013730432753
0.2779411285997737
0.22779027075227476
0.8742096519067023
0.8877545532473091
0.9541737047470055
0.07385095996159052
1.1670373810506325
1.2865630504787624
1.176135901899837
1.0790131759051191
1.1914520873007413
1.1238529991188027
0.6513710700032913
1.4095458590850694
1.2923610629791162
0.8130294877323812
0.38928507497026577
0.6659343760112896
0.8131629544486277
1.2693689757760787
1.1377439810783057
0.6043751884348805
1.2705222314874
0.5688539609978835
0.257791190495426
0.516852969953197
0.6065792197069704
0.18945768568736643
0.14159085977586583
0.9007097583253857
0.5337974011196456
0.989061994971561
0.9981353436971361
1.2359281624241185
1.0645882287675021
1.2626049910830464
1.2187807454605455
0.13770248736870228
1.1725966941174493
0.9827398407883686
0.49545593413351624
1.3881213929386398
0.33519666972573814
0.804692579337413
0.08636158597565025
0.19347695758964112
0.8129451006670511
0.4416585106041565
1.3270688269355233
1.3791040409318134
0.7083492296107202
1.0365097270903862
0.9374485926948903
0.5530807747907579
0.7443387211302892
0.5764117681399554
0.5622341388280228
0.262887917936626
0.908736204965409
1.0477389546109315
0.5663214060848719
0.4580358458287226
0.5794629605574526
0.8646934926254927
1.1615644915555843
0.3047288407608013
0.0462249863648877
0.459300928709852
1.3702580409079153
0.037638740276792815
1.141127337573902
0.4979600126033081
0.7320026583864621
1.071723806271372
0.35186537987376415
1.0553389236410422
0.06370289129899831
0.604816154157348
0.6928190463917364
0.9270359916245536
0.6602005601648684
0.9008814580095718
0.7669693128843714
1.113944223607855
1.163871381469661
0.950424498889868
0.5479707308398516
0.7908844858706487
1.2603686016593976
0.1279845837868272
0.5073328525295999
0.5930743192163592
0.6809909970862866
1.171659970685337
0.146267927485639
0.27050889446159265
1.4124608993388934
0.20621649526187213
0.9879629882284805
0.7822741072072511
0.03870402284624841
0.9023720248970478
0.9070872324859833
1.2614589868895731
0.7767502972154801
1.0858245709423464
1.1272783668052426
0.9164335657806325
1.2076000065459738
0.9343072866901262
1.0645640371828144
0.39815043275658135
0.061735266315040005
0.13065281625907743
0.2559950531932468
0.6464913385950979
1.1623062477552115
0.6171114617577583
0.5884595764403472
0.24484941272245098
0.532687467040383
0.9514339927150308
0.7400138800717525
0.7183268420134059
0.8038782815311805
1.3072143976845845
0.9726448987518552
1.3122233854679604
1.0963235955623207
1.237744796958289
1.2110453964698626
0.8704585694529693
0.2659492292383546
0.7983047389715611
0.49733358309914727
0.3016852468787986
0.28163973497795025
1.1924789426332174
0.9105063499686155
0.7894334694382356
1.0010984095846496
0.42678677570333357
1.1273358293397595
1.090604678118828
0.318772516173505
0.9774591651107298
0.4867275090402263
0.507162668460967
0.618309435988344
0.927383749305041
0.1593087140024102
1.1393275185396416
0.6770132166515069
0.7042827689245379
1.3358187753146518
1.1091163893998632
1.3355684073118788
0.41347894356333986
0.22091542145441934
0.9204299850291081
1.3146533356001133
1.407732013327378
0.21460429214797017
0.032494018822433746
0.16310554974849056
0.8151612073260001
0.9141369678082373
0.07463600231649681
0.24695148116196275
1.3021764314696493
0.929146587755316
0.7878926482461154
1.2336616548862072
0.13370803695897227
1.4085339384031195
0.35310556413206445
0.6753716191636638
0.07555821899898763
0.5179964557897385
0.44610244765346496
1.3667791603420927
1.0536825203828588
1.2576968961725097
0.629436244092053
1.026008171770809
0.44930807024159597
0.04588426104185184
0.05655650916538624
1.1496610378166165
0.869752117271956
0.619447110504143
0.6605453580806714
0.5700657653739206
0.33706831674236115
0.42268699094814566
0.0597651427567607
1.3618001416462282
0.8003335143317021
0.1105776432954223
1.3333481657592545
1.011687273219522
1.3468393157184502
0.7657884604779299
0.6401124789875895
0.9042291836907501
1.4024506560862076
0.2864295708618877
0.7026421364352421
0.9809242738518645
0.1429108710154019
0.4072070964748891
0.49899366979919524
1.269594996333343
0.9833166366643205
1.3716995962739185
0.1792745630953202
0.329701311708139
0.8575472677880217
0.17726439237357106
0.7275500255279237
0.22815412774226118
0.34605176300537477
0.35083115558799605
1.0493572291560604
0.16776493435672768
0.31409651677464223
0.41196151424244287
0.7589610528268111
1.2800170764526106
0.5814307559117701
1.3405802131622162
0.5173600451156398
0.3636128349811305
0.9039306639499656
1.079707978976891
0.32943483680225527
1.2140698305781212
0.94818459987728
0.3705336048640124
1.1177843468661544
0.8640626920069409
1.0272117961925362
0.7139293460711967
0.30996862143282233
0.4576783359713642
0.3860291253332653
0.3061476702480699
0.7629993953611277
0.2212522401991145
0.8700770816108733
0.43150569231758856
1.2746288439124585
0.005687470924334859
1.1168085510916477
0.7787790871952217
0.23048243987120776
1.1332925259007476
0.10952893767631044
0.1424633367380248
0.9629196414441564
1.1159432401183165
1.2872745519908868
0.7415389460847436
1.1261663644788877
0.5594884357876555
0.8745859218259271
0.33344725948984044
0.17205121976704452
0.24628418170816047
0.6415661738638374
0.30739270909609373
0.453928536188515
0.30036761179069893
1.2100378705992063
0.4257069882242363
0.4912743583210759
0.2423313213602697
0.46340758188994535
0.5040454380416057
1.3546093048510826
1.055668216901034
0.5935776137527147
0.8795666800860514
0.061087297280965625
0.9543970835186941
1.3174964921559664
0.15869343301527206
0.49445046062149195
0.054795393814305426
0.9009903461168308
0.37232721112534556
0.27390677231014515
0.1245765536091632
1.229934657102154
0.09765430518369245
0.5725003427638621
0.16010573400946704
1.3338516419152375
1.3927074102465618
0.983399844900691
0.4019142796579539
0.8673922405124932
0.6002324089757863
0.6523492419159109
1.2375735604134768
1.2556346375945144
1.3481010102607358
0.2914703086846999
0.3712687144737523
1.3845937936942148
1.2045162223762524
0.8851537140448833
0.6760409203809757
0.31899771698109636
0.5677011604678287
0.36940474978981613
1.392319977561868
0.7981091321704508
0.8187339327511798
1.2296356576386782
0.9775931858001644
0.3431921206836591
0.051113943343586654
1.0595783374560361
0.570259019451218
0.8719128200375801
1.3103143151860923
1.08357979277019
0.5850845216742548
0.14984933603294892
0.7142891099281167
0.26675010261063536
0.8621358563661836
0.854847774731494
0.9572864886496453
0.301003350550503
0.3768536405350044
1.3689402610944166
0.12783678056569536
1.3560262913922076
1.0365953790239568
0.4323748856448239
1.2483115638515472
0.5655206536689723
0.13834668796919036
0.5918564106812467
0.808601571241684
1.3285577040897527
1.243041665878302
1.043025401703566
0.3455376980063111
0.3793003936557659
1.2196080773430134
1.338420567061924
0.27662804100808713
0.9752812089581216
0.44370354434419595
1.278624298279781
1.3554014279064075
0.49742476638937017
0.18350834487696588
1.3628530090907218
0.6824064640574439
1.2386688827178827
0.6219738274610719
0.015185863880411099
1.195111593657575
0.8004469550704276
0.8902545853103667
0.5720671977730258
0.3483235381238308
1.2123721849098321
1.0283846063764437
0.09216279053820164
0.5851663757908304
1.1104966910311531
1.0017186086598124
1.221953412834549
1.2398692037322643
0.42111532217694475
1.1103632518402633
0.37950413140597544
0.7812877099622407
0.7299148914243423
1.033112787330039
0.9834933275755666
0.9000011055306429
0.8039387205633223
0.17481014911595472
1.1069861846938354
0.9744856496581848
0.35245032123990583
0.22578842542626287
0.34298688441340197
0.28404490051371056
0.3532275673097759
0.9798528421049486
1.4037440381154234
0.047252310350926585
0.9506570160565403
1.1635085906206128
0.6291766628594031
1.0306837930361505
0.7338460996770264
0.4400320658457966
0.7875396099324184
0.7784208923257429
1.2400246588224464
0.3727908606036781
0.06099035654469731
1.350268793916504
0.08607863475981081
0.07991677171082501
1.375036568398979
0.41085799681281976
0.5445299549820184
1.0358124439900367
0.15218444777256734
1.1387282016472042
0.3492239929309187
0.9463468071526329
1.1847105982882482
0.3186601854076633
0.15801432021554107
1.3456359776196671
1.1939078969565156
0.37061484350960655
0.8452487739075543
0.6489672567076133
0.1899794782232873
1.1845940208755483
0.2077044062374801
0.3960594400152524
0.380742149579337
0.22878761791100344
0.1090740478255684
0.8559427163685416
0.9321359461437808
1.3828940526021332
1.0329978604985661
0.9922876856576864
0.7473401736494172
0.44852569976959666
1.0775064586935443
0.4009986604885744
1.3344113461993832
0.16732351106192123
0.5194403004554101
0.49900263861747596
1.1133568493547177
0.5915362063002084
0.9972908837718696
0.11060967974230218
0.21898536848892536
0.7770715430668664
0.2896952862460298
0.5116426774453533
0.6731512131682899
1.402314012528934
1.17990178301168
1.3330345480827495
0.829950042903233
0.011837361614554065
1.3599203597781653
1.069412010451668
1.085520566305349
0.44167522720880825
0.5222659036154116
0.5410357799553821
1.0375011556978408
0.993688328878965
0.2504911800086159
0.7625188256519526
0.22998058930620635
1.310912976597688
0.535519932537926
1.0003012865687217
0.5890213313713871
1.246084840631858
1.2423598592838183
0.46473743456068756
0.09795359729881226
0.6414671739423656
0.9520555734430494
1.2677743145757148
0.33983693268115855
0.7683957958647051
1.022183792771275
0.7216548710645853
0.7437215576899523
1.14499791339622
1.4012401925032414
0.02454349247847809
0.5946053980466006
0.11629356254958367
0.6973423592713605
0.1046211860941425
0.9621378060990347
0.720810901701607
0.09668643448379943
0.45766167385345197
0.580437119673738
1.0339993744152984
0.2136751268466227
1.2688683330365587
0.6320607188147997
0.367278570225436
1.0440677893598735
1.2255531495238505
0.49767612549328194
1.0222324186878058
0.8382175061496038
0.054265675842087524
0.2541826613398974
0.5528733606323337
0.9613733687196627
1.0525358392698054
0.8185792942883101
0.7990077267616826
0.24640051896388004
0.5090621099139196
0.4647541591927515
0.5457781082849327
0.9616787175851736
0.9225631090555413
0.6283073535071706
1.0575537767029306
0.3508477861671864
1.1241824072156086
1.0325772151089623
1.101459307902634
1.2411943209588268
0.2609632091380414
0.9764865689785869
0.6233072999887739
0.9302106200015586
0.7781949178947526
0.8139922720154436
0.9932942181406054
1.3612282138107807
0.4224956655768149
0.9616679020278662
0.544044062390806
0.23809556087075545
0.26328036272865385
1.3457641653156247
1.2844262781225866
1.2135108856847308
0.6593369767043039
1.3946982415446822
1.0893239018125094
1.383046874440573
1.1423061937784706
1.0671883326445912
0.4548554866824461
0.9991626519165944
0.49399376623258734
0.9661055205263006
0.640645379098775
0.36330652621611875
0.692117627984528
1.3998231232731273
0.6661755717577231
1.2102614755360608
0.47267729570500333
0.1681071422265672
0.7298256716074752
0.5248941895263477
0.6870659961972267
1.0196492845568212
0.9379315393368861
1.254826188700039
0.1651213821298021
0.4472622677607905
0.6137719774796224
0.13218806703308883
0.2109413385345832
0.7446214785375387
1.1704482186136262
0.2073492460505999
1.2373651666030843
0.05537995895446002
0.6171754309638858
0.5068627647058104
0.6719148346123884
1.2027645564462373
0.35638275823599536
1.267807674813206
0.276208758459795
0.18100431018740404
0.8071587140850177
0.7307807695629935
0.4828495272284496
0.14168763895442327
0.3394561259844371
0.36942097831272236
0.27972397824183426
0.8823180222400707
0.7543512712853343
0.9923746302670481
1.1255772638168922
0.4547563531334649
0.38321167624781133
0.06758496529228286
1.4128814558466023
0.9353099428253656
1.2462462420118126
1.2678771029155913
0.7925240574642766
0.6040889348482821
0.24733908600260723
1.2266903562653149
0.11393960690137328
1.2972413655055939
0.9077981116385911
0.2875084314542339
0.6330638442609509
0.6098992041756138
0.726399310269522
1.33097520401909
1.1458980062882254
0.3796361419230985
0.43054460752944596
0.4771259154089129
0.2226817676185403
0.08598090749672949
1.064225142125378
1.4057459787179012
0.5814523670288494
1.1327466374894464
0.36859830918371067
1.1782406882692884
0.7953712996209436
0.5020761516179602
0.5363289281088535
0.19975728774811474
0.47160878597984046
0.5079519320354016
1.2682325162896741
0.5902838003932909
0.27814814193915727
0.06748466712422485
0.7727133016775065
1.3447520789947098
0.5389682281508833
0.42200373447318784
0.38514570701578976
1.209790166310706
0.46257684242637354
1.0536157966207906
0.7163331993518305
1.323096416048636
1.3995246122869611
0.7375966785520178
0.9484228468297773
0.8411446387668683
0.6425525611674244
0.6325703906000713
0.5864756825617647
0.9521224242763073
1.152762220646841
1.0674422625625282
0.5088673924686109
1.0732046353576636
0.8741330643265728
0.1325047686022235
0.898853506986347
0.4770662285530922
0.4235965906365743
0.202338843700117
0.9167810311787904
0.5514437674389407
0.48605412514088997
0.4775539003734006
0.10930528166572673
0.917839309927462
0.5402971730415969
0.35448696398007096
0.008828190592231389
1.231581040691471
1.2986290925916175
1.111061198067246
0.6072211933641776
1.4149636192909139
0.5321212000590354
0.19727391566084163
0.380411662109401
1.2481224702203102
0.9490354119359264
1.0733002371218747
1.3908162382492812
0.2298703026334944
0.6332903237291002
0.35524865386908405
0.834718430683011
0.728965746033075
1.3771512958097065
0.5773769178890256
0.6019265385347039
0.7991440743266043
0.5853429993917018
1.4002059631700645
1.03768976859356
0.7493382465842876
0.5373341050151281
0.9633535820644362
0.6988444922772208
1.26252795207725
1.0884618889665467
1.4036118339110206
0.018021378019342005
0.7681391771377866
0.14080852525929222
0.6656927740948453
0.9347078367503666
0.4532342847373181
0.8182569204834234
0.709343292304794
0.37907155704368656
1.2912230728424163
0.8099807813744896
0.861887822879164
0.15385312076952407
0.8914645314127636
0.3979747285939814
0.4142997330615016
0.9765888580888191
1.2188439993810092
1.0248278905230646
0.6094759763296456
0.29549497392625135
0.15221002166924158
1.1892084433246501
0.6171176031437278
0.5067982633753345
0.7586936092276851
1.000609069988022
0.7793297693356226
0.9399051540332046
0.3733097689221077
0.06825062790667247
0.29674286249467374
1.353377534330405
1.3530696623794198
0.6348029489778747
1.1485261182642292
0.27756840604013766
0.16342129475408218
0.939000599094506
1.030840487524814
1.0102732810633188
0.9156539960566199
0.14802964716761247
0.5234566785999266
0.7916503756029992
0.5005716123389878
0.12163973817795248
0.4255819176634696
1.061728979381358
0.9440476906392465
0.8175721953365305
0.7064240942213881
0.6461448321441475
1.1097438304044949
1.7623221138074463E-4
1.1746256197910325
1.2846611374084715
0.5236889774313445
1.0977969964144774
0.7263717191438488
0.1807600538136842
1.1386317371925965
0.1798798386410202
0.5359547363994686
1.3450669417788452
0.3151795340056244
1.0271326018339777
0.9705425352144627
0.08986133362930526
0.8209695650795915
0.046777372364224634
0.8661110608249382
0.6752199685088401
1.10145433538449
1.044203228684168
1.4153204731216713
1.0563628394191544
1.0748284271224136
1.2450508592096265
1.0708905314555803
0.1823361964822745
1.103445845883685
1.1040993822953036
0.9252714750523653
0.12978689800409782
0.3594561422825386
0.04042202845088916
0.6662129389096832
0.41162433281221456
0.9729206524184125
0.409490407847184
0.42306906823000223
0.9642877139083943
0.005281314003841575
1.081833013497338
0.6031888730123306
1.0867642827857342
1.3485050348714103
0.8729093351240247
1.3711857644291836
0.5608916829770354
0.3792275510444723
0.2921235609791669
0.8493272929909672
1.091470180075556
1.1353664129985435
0.48606363815548587
0.9175764977556966
1.1999447495350068
1.2234446908325416
0.9710180944509812
0.4817244884323887
0.5639002825053485
1.155985435658803
1.389972843104101
0.7830631911929933
0.8066376337143583
0.10126403114639981
0.452686530016589
0.3934993756762756
0.06397197538218946
0.4357699336960512
0.6782913932532258
1.06371655587579
1.0336555127068379
0.38464035578506806
0.5786261896858356
0.7313037152335505
0.9181377285418635
0.002919248463272406
0.5551342262087753
0.29602828066678766
1.0998792624993294
1.0708348004437813
1.3707028842154834
1.1139782429786258
0.9278096682466692
0.1498083686967583
0.18073845989251336
1.1545837612377272
0.04413104267014878
0.32098223315471197
0.11241635869270838
0.19536869627874442
0.40723763063354385
1.157532368944345
0.506278088252355
0.7072449355428504
0.8014402759033554
1.0453873434133585
1.1014020500070636
0.6672029208171395
0.8474370130435492
0.7256331429101422
1.4068325487782363
0.28481919739740913
0.7747623081260432
0.3527175386536978
1.1124179312012665
0.8431496443383838
1.0867377275402843
0.1971891761340414
1.271538920508227
0.8134717351352042
0.4732865445699968
0.9133693039778706
0.39000111409322574
0.7372998134252154
1.1294391622264617
1.0737032509499964
0.7927206803747118
1.3793875238449158
0.7523399819943053
0.8603968834208107
1.2277475073837398
0.7990298661014846
0.3073345571207132
0.15337710968593343
0.1593205961512021
1.1164603456949973
1.2844237067408395
1.8538703621540087E-4
1.1498841274339708
0.42007082627074727
0.20176702644533173
0.6301253274320974
0.15322941617118713
0.8723444938130062
0.47289886071857573
0.0704890667404503
0.6012526143854298
0.22091109120549846
0.23616170075312626
1.3425352141729592
0.6530513895384951
1.0654944733637162
0.37755215604107883
0.8631929769807746
0.04717486818721417
0.9804445085515384
1.3890622262584147
0.8983296015271304
1.2965185762534053
0.7082800848661257
0.28948745665265374
0.5251452927060455
0.8620100974778374
0.020490759652896706
0.7405649264035138
0.09030567259049826
0.03970739846774096
0.8673514386284029
0.6924726959743916
0.410839350215176
0.7923667256309617
0.36584757046760047
0.6971176205318054
0.2254727235712951
0.5128322079699522
1.301297874351362
0.04277564412269552
0.5869737226945937
1.2955076648536399
1.3674493310972862
0.7327134655447374
0.9707288583085015
1.2131459134629923
0.657752880245624
0.6673761326168381
0.34272368895927985
0.5611300762144811
0.33092736029392344
1.3901741053668704
1.1773065614848655
0.8456680741782967
0.48975793435901094
0.1959106800952226
0.24473562844473484
0.4720675858422566
0.5762180624197031
1.3429136825300654
0.5858917681788164
1.0246731388773977
1.2552564917159066
1.3539968726233704
1.1350135559643164
0.7438094559945517
0.9748780555498854
0.16941751105339464
0.1618004164060416
0.8982690481449798
0.6005462015755939
0.16873662775521858
0.8682570747400318
0.5690757913070748
0.8274000240975217
1.3931945900755065
0.3861571845691063
0.6793308856999918
0.675531328936926
0.4642467307148298
0.5467777110296621
0.1189947217226448
0.212472314244179
0.7393112089077656
0.07532414066641568
0.9260188481720402
0.043120399045335156
0.006077030715550991
0.08089044857267691
0.5928395423836177
0.8957042853182996
0.906893815463496
0.2405181664296253
0.7581852939468988
0.8245559062651312
0.6021729278844751
0.8742067102756091
1.277757281143273
1.4046599486449907
1.3037562500690414
0.9710826360260637
1.2557665064886838
0.18965089109322464
0.06113769918314438
0.2031611115429014
0.2259648909100458
0.7553625678386103
1.2927737253993918
0.5466509988594519
1.0550456752039306
0.8440695808032354
0.07217275146614444
0.7852992872607572
0.1758486991209991
0.7934107761740339
0.818240452086614
0.674325668692358
1.2763748372063062
0.332100299267704
1.3479527358140637
1.3572421317929257
0.58938976228212
0.39052117216018734
1.32776773180793
0.7229931459831291
1.0517610672309865
0.9270109088085062
0.17971003991140233
0.3740238235794573
0.47293800006024905
1.1567657520601355
0.7777435615530911
0.19958156745514732
0.4182325654192667
0.09247875410988016
0.12946012003710317
0.21740667574488903
0.7003692576049035
0.4127350876150658
1.2005719233892551
0.3208250197311221
0.5589729619467899
0.5909203353527368
1.4020598340249064
0.1177042162262063
1.0284012076040354
0.6417781539696824
0.20186681962615627
0.21958705269998002
0.68706208256025
0.47091504549510754
0.9883313362361841
0.7310970812591389
0.7404951372548024
1.1301303800731455
0.34459382070176564
0.5283586333218084
0.7573136607471725
0.9726128666388578
1.0207690229205075
0.6894317230242343
0.10490897843781977
0.15164062298010506
1.2183653516060098
0.39464508066702286
0.7685198606387345
0.42036414818544554
0.8395933485918312
0.24972210593741628
0.23416279627437508
0.962184926767916
0.9847382526350134
1.3290844545741278
1.1639629740673763
0.11650608967459974
0.38901099393995536
1.2675594489809003
0.5928753456299337
0.9752002503273884
0.1241887947787308
0.04615298522710509
1.0799628407021353
0.9464906632545638
0.4930004747715217
1.273811267165268
1.3238877882476447
1.3925407622289794
0.3402129409544904
0.8118591860478699
0.7273522914620991
0.9467926964761884
0.6937771311659948
0.8768583082440732
0.705102644903802
1.1666713223090353
1.2191048173093044
0.20981127606914307
0.2932600629875738
0.5506694322059129
1.278959770905956
0.9748749430267059
0.25005537968939706
1.030764026314579
0.2547650463198471
0.251055877017592
0.7990760974879031
0.6447108796308276
0.6179622599675
0.9253371635828439
1.0741799286997085
0.260789281892301
1.3853569607444312
0.4081071425934833
0.009180923507256633
1.3774167071235643
0.10774028593993779
1.1140575311981011
0.9061786191228084
1.3568124625316784
0.5865878640159647
1.228292041045606
0.15977244296615756
0.5198988738409323
0.4576793262898669
0.9024458760838424
0.896781957608246
0.8664495839441871
0.1480848890410097
1.1116479294865858
0.9710397114651004
0.6274459921454476
1.356605592915082
0.10602972214964523
0.49160434529190894
0.23458330215191137
1.0391230377580785
1.3722830595971827
0.5093778216783762
1.3887603447785053
1.2501523573884699
1.1749601997866352
0.6180578898088587
0.5133180508841579
0.36353508835680737
0.13758125184412617
0.150174775374199
0.48893636444344174
0.7166497424501995
1.1069929704552548
0.026458369676559124
0.624913482044885
1.2713415371719932
1.4065589341140494
0.19350575263603376
1.054133451625359
1.412067777115295
0.5144858172018429
0.9592767985196187
0.8731908319129544
0.016686034409181594
1.2378742503451652
1.0663165765938132
0.5917163789438903
0.7511859031918259
0.9840483282296723
1.4045726059472665
0.9898003978037155
0.4625340674212733
0.012742773911395333
0.41677940448993733
0.7617524339644751
0.06492480024710134
1.3828033861175848
1.0987572178864355
1.0993246796881402
0.8408082034882208
0.8736637860553611
0.42326698693383824
0.5001488265436098
1.1285795512330996
1.0011154755568614
0.12491807909707053
0.15314965506886646
0.7168588583801725
1.2169712708212894
0.5972460157820749
0.9183002058174424
1.2957725148595847
0.8893473683140746
0.7177499332768522
0.16628384784282269
0.1418838476707407
1.156735580756206
1.4082529296521928
0.6232222290980322
0.9302658409978306
1.3347954941593114
0.9312810880282848
1.3386935384563288
1.1984952072555635
0.504001725028027
0.08658947338264711
1.3491566580544387
0.30949618025831416
1.1949008824546654
1.0032234933807678
0.976483007619577
0.37457143942885734
0.4169399476883798
0.7350086756789211
0.971913621978068
0.4190513850118853
0.3803532262456716
1.3777887139982439
0.4632907043192995
0.08910954638194213
0.45242171164744843
0.9480743604508413
0.5042569445212763
0.755174288126609
0.12062744128208036
0.20528217894502887
0.7570281012642733
0.7367039017594381
0.5128677179853128
0.9250431244849822
0.05847000644529787
1.3346539509950017
0.8091717244104434
0.8151281360507294
0.1631297330613577
0.9717550450673876
0.27261349054920636
1.2616189153345774
0.9610892948404133
1.2912626063322539
1.1993337225614304
1.3261132420993
0.3888079654272056
0.0837514795784482
0.002418409390076204
1.399954291739503
0.22953920993625077
0.13705151163314444
0.9798636003782089
0.16409962744976747
0.36527672132336625
0.034348518559471186
0.3783263120338365
1.400527168671572
1.1963457595316236
1.2538714156398738
0.7135246942203016
1.1751260846934177
1.1864236385036984
0.13643546638365367
0.2895856537176046
0.6793784446329485
1.2616382087380287
1.173400991184951
0.7324366969393422
0.43746491791578523
0.7429877347021859
0.9147930449594366
0.6756934990928308
0.7146225254997302
0.4812256454686575
0.9038142971249176
0.5569569355196375
0.19481553095834758
0.5036063022674615
1.1808736736784644
1.0339043877958627
1.169898365194872
0.026879307659407825
0.7383921151463056
1.0093957633715613
0.46312865267282405
0.7930327034446011
0.9876746111055617
0.4803971906140857
0.8255928760283859
0.27625457880278825
0.18837060022832297
0.8282256757264
1.320266768937321
1.007681575779037
0.05692046757553337
0.19595199747062753
1.3598995624697379
1.3078647502345608
0.10045309607265795
1.0074652597802878
0.14025580955765127
1.0047513230483478
0.16346339254706987
1.3916639600150122
1.0472906276773395
0.4496412765696513
0.11707276118796883
0.32624591953654236
0.3774567433309032
1.292899900284897
0.2620924588835394
1.2142124269039993
0.9030428793920707
0.3251578247765008
0.4062957095033009
0.8736222116191643
0.5293206791421374
0.3809506981273696
0.054622496513644814
0.9712894660645918
0.8005517759202507
0.8570447760038167
1.320498848782755
0.22736333992430457
0.8011930407952111
0.04745288458638974
0.7546234345350165
0.031359159863336816
1.0986697802662295
1.0037125767277753
1.2819522348751735
1.0101316774390199
1.4040138726280413
0.5118131146076074
0.8691421553099905
1.0332914268716815
0.139939209196126
0.8479586736577958
1.2855950979032695
0.47483197316975445
1.250310161289139
1.1622851522700963
0.7951075141112134
1.1437664498692608
0.0200289285826184
1.3176364349636014
1.1907715607328344
0.6897759032715699
1.3989231007809833
0.18984812294050057
0.7275239902346752
1.0268089392189197
0.7204131282799533
0.6052896953702452
0.08657762401342173
0.17314814996163208
1.1170692781940315
1.2423104045686812
0.33162727085285015
0.07607840793327891
0.08528864917658785
1.1582033879128084
1.0564618141033397
0.8547402477381177
1.28874671016167
1.2350260292089068
0.8962165542322547
0.5096802197657309
0.2182143049342794
1.3708334792573371
1.2663441700922866
0.9995948486451922
1.1464002102034851
1.0710393602356663
0.09440705022435503
0.8883007147897792
0.8636396669263032
1.035734986978809
0.9766042765769046
1.1666900712597932
0.7773220166351367
0.05577195016072789
1.2716591022144599
0.22182325511579815
1.2297599889161115
1.3441282969284165
0.13259169357692413
0.2980812554219625
0.1925635330434693
0.5246662851508841
0.8306065458560655
0.15525960166327935
0.05466944031545351
1.126351532946835
0.9056348525829391
1.0190219827519
0.6731508974384652
0.35595354646703764
0.4251978200737615
1.2411180923054805
0.2551022142120708
1.3600401195261953
0.7455811631898587
0.7218851177991604
0.5363890326946199
1.1272098054014235
0.6517073628654578
1.0764579357158002
0.7366591842753674
1.357087717423594
1.3078383278141552
0.7927250948050177
1.213358194669472
0.4975967519880749
0.4969521173463777
0.13022423272191708
0.9079222389742271
0.9061406260105449
0.011316088417751335
0.9768924923327105
1.2288413805120497
0.10643877257143264
0.8608736169417585
1.2162489733071618
1.333432188940843
0.6423328972801148
1.2647589198887785
1.1194235239465389
0.44995432482987124
0.03181548002615331
0.21386783162262757
0.2671775320720118
0.5134843713198921
0.028874716062380568
1.075692148252675
1.0147950537645072
0.860709685628101
0.12735548953830955
0.8438215226326621
0.18010303667107552
1.1092415124310384
0.3978791981435555
0.09984030062594218
0.38437854470939536
0.6884134121387266
0.508489927017058
1.4029452467225598
0.7403413179369253
0.32172748179716393
1.0204348836064423
1.106754184628344
1.3113623676969677
0.11507405926417835
1.3630073728490872
0.31434483181925466
1.0011412228048944
1.28935744416317
0.08979009619069556
0.6864196571152478
1.3901177251375272
0.3512839597109867
0.3517834201096542
0.41519351576531016
0.7852985673883607
0.6669158357307723
0.6701073433478099
0.9082964738946134
1.088181230987098
1.1859952937729499
1.4021680298937165
1.0190100277413199
1.2194153012716855
0.6099840289727628
0.7376987393659877
0.3803957419127634
0.2964234259778654
0.1127266303551121
1.2282132873383884
0.0625003583914655
0.14545292186250558
0.8408172295015143
0.1851595121482652
0.958632498906745
