399.8914876081267
416.37787153549493
285.28648145742545
423.0045716081571
425.00552916581483
111.72995922202244
335.84505230605555
339.1396349405687
250.6876534868075
407.2694992435406
411.68155297176986
315.2633604934843
393.82828816060305
423.98466611873147
141.78942336631468
417.7166454741375
489.1098986012618
401.2371266922431
443.2135663174336
296.00596682948856
441.1305713419802
271.6475761474678
321.3118228766982
412.10582139781707
280.39628806432546
150.6236115481385
383.3693980036155
460.33761237666516
42.84892425893992
407.59347391403116
428.7626275753652
251.31946035998462
112.1016848939791
293.18764643213444
270.8058257303412
259.88418183472436
454.4514585685331
398.91421708845144
369.88760886045617
215.5225550952594
474.78643925744996
306.38942756260303
161.03404192905595
295.10256222801706
467.2434385385922
486.9483178735939
469.31864424113985
392.49347315709883
111.18059976361172
447.00588515930076
329.62528333832955
319.33885277916187
192.33303103188126
498.37692264857475
339.70846531773196
353.94303415864175
484.935944259231
483.3263816898666
351.735096776579
355.60597408591354
461.6064798500073
333.5767983675234
2.2014692029310936
413.154202640093
409.0558105298587
440.6720117738508
430.3374587307162
219.86247637776796
187.68459803087376
321.82741846893117
181.6481292607309
213.80499716193782
356.8214643711958
291.7411445866585
294.4689298952568
387.00354786430967
65.97383629697174
328.1519722440693
71.1481716966976
181.65880441754268
318.3191637582913
391.6338269812411
163.43289930287932
353.9219758552081
306.70881133026904
245.1729335041934
363.8279277596621
462.8383063601982
135.40502006175456
234.72271613368815
484.15947369639576
156.7574474437141
385.19616179984246
147.63582053403553
197.8051660695042
254.45817525687946
457.954121249503
495.9265334448648
333.0453867369817
351.4330487314862
386.273864696292
307.01754306773597
442.93880094830695
263.3191794006703
446.01302377250346
141.98259033411023
474.30002148907903
91.72064225424327
413.0903485706832
295.439498693371
427.26496860753184
261.61103698249315
332.31683350773494
425.4595508407672
309.00041997857267
405.9609424816771
303.3702511992667
389.60595011800103
453.4383054604447
372.72717988460636
184.77964383914195
250.6348110628232
245.69825929526561
36.44355130773346
192.97111971339297
33.58985854579731
193.1679246984861
223.91327925003856
469.28006538967895
105.31764503942605
457.26564231951727
395.2716703031586
251.32519287038653
432.0482828623099
411.8680731383034
480.5553818076001
138.5005520377643
466.15385486868905
476.29206492631124
127.9468207096781
441.08914177768304
234.474481462774
249.7144826072981
335.78754697225577
297.3472411589212
403.10863917586033
381.10133922769785
267.79908707205226
423.60964739832593
321.48397456382315
285.0705909728971
467.6649178313285
209.08729083994234
229.79740426591837
67.31968748185858
462.2638467151565
334.50896298545376
111.76897264557488
380.2818454263921
185.95716491145538
179.9454639630086
406.8659765994387
210.25134349352032
230.75480879614543
392.30308235350645
151.39304680209932
352.8720682608712
147.67328008125764
448.28687232534367
395.8879505367938
486.6295191614616
430.21328319761017
446.3348864249177
360.34238422541733
163.89854581106079
59.203634320754986
356.9269861583224
406.7915281347605
479.3398802279394
320.2307555578318
263.87547458313054
431.2626062474793
221.41436957678542
442.87818188514467
34.62732332901686
321.44581210110596
247.84870952096506
372.3083754679709
402.18721228185234
442.6557601052285
431.2292571684802
433.80028087216544
80.57605259558795
376.13652072998525
304.27946136633193
190.34276232811175
459.84288955724094
334.6100863266272
446.0065405052916
341.4286100757337
119.25087847153173
9.622567304960626
457.054031340261
426.585709983932
252.80663229229475
290.8678377720104
437.50178619949213
201.6240675645277
120.00724037786966
244.7839673466994
424.5469401830804
485.3164720171157
326.2230154943295
343.0145654435987
415.4091345521018
437.92554953204706
270.4230798318655
370.1726672799032
469.7201446834604
185.24543332487104
180.72202418966197
142.97543940915068
422.5782178312373
411.9196718412177
204.02272174340106
263.61283970698184
402.53790451059245
213.09488599887123
280.2337073484952
94.69492521390737
176.6774145448373
338.0602533753543
81.10049599105656
462.41038007588185
432.6406530166351
450.01502173456674
450.4393665921556
108.09000898807204
39.977472931796
181.91128182146838
381.4396611611197
218.07371124052992
363.10449229758757
423.5325032279802
194.102291372933
241.37064614887805
489.2619939865175
299.44231464673
393.5321945927782
383.15745872136944
488.6196412725832
267.4337612541009
481.67822546992204
19.783536884745217
192.96233991398498
420.1619433108227
324.3605972107148
455.7485431184432
458.2408168000054
434.18549562362523
469.1575974146848
354.6472218505636
271.51032998672883
299.6306183814802
304.7363704462972
30.18735441042037
397.0160934903789
309.07848543538836
422.7279480259431
388.3632294904093
53.877251427943804
397.78387374231556
399.7091209598626
287.0834309573333
258.90929481463934
473.2780531684755
204.01130055483583
4.523736199084794
251.08782542235068
389.58082435016973
200.27136283998829
410.5363760187994
470.9511819461654
286.59731258085884
373.9252360637664
217.65808288965258
457.21303891396997
255.20665304299493
254.11008624466808
424.9643727040422
349.8982517850791
271.24394399173457
293.4319222990699
123.60346600133465
111.87552884550144
274.06262696088015
141.24170779643913
496.9638599514684
388.09969530626023
151.87074498243481
287.20620124120137
284.5801677605615
436.6512152811421
365.7239110003794
357.74532610906044
421.40959138148463
190.2081241233318
430.3136329205025
231.15009918547418
448.8429266635563
232.40686583450895
117.42136744307572
305.7837108552211
302.72558642498046
383.1373282742261
493.1823912917284
206.94428419693384
401.90370378623027
484.03428464425957
453.7176680009108
484.4540051115905
63.80386069568425
371.1761007259238
363.89490120276923
435.27031076039816
240.2386873761668
209.59126784567474
422.58038536568915
121.8941065853245
408.87412159017504
1.5165408770311046
157.63795481546174
248.139495278872
303.8427943598144
491.9976466140421
497.93229547750053
200.5966824431693
301.9766651114128
491.7372783078735
343.3519902642199
243.9594061944121
31.97656308536665
350.8572333535135
358.6178198443009
92.33078728804105
245.31558541522122
284.32843475506786
338.78618813760716
199.41175694042397
381.8874027828675
130.4726776542406
440.77587239862714
304.29107008997323
327.22978595985154
178.9525144841154
88.46977532454997
200.30601164011927
476.3486857482304
496.0020355730658
119.27059057445473
