310.16262612166213
226.46110609371942
89.78269170895493
328.34406918128343
259.55005676846315
413.9741701578467
493.78620747373657
209.81865509112805
105.84878067437529
202.17694974554485
315.3679533447936
469.47585060520714
419.6010394992419
430.09179024073745
276.83338824166736
232.10868158898091
147.30569125258705
398.7062812360656
354.0814149644811
229.66297893919784
445.2684740642538
205.21674022609693
242.88942481422646
18.10107944699439
239.94529796152858
136.71226675045943
299.3883219511363
297.4484945300473
339.70672264740256
470.02408357463565
355.80467783336854
325.1503718819389
50.214521136978476
244.9404283642439
493.42174660437126
58.19170517076623
220.47269740461292
196.26816886070208
330.8446549626109
355.66993493407034
242.9879139537236
469.7835178581524
328.3300803961919
385.1875207368048
406.0658322614587
456.2848684518823
454.46395622228357
395.16139513062217
215.9070905626699
368.51828197938033
151.98574126768023
434.2204346032514
273.2603083134151
374.2069536427986
391.5916988999173
335.0108944539675
16.27001728126737
269.3777907191689
203.89746433417133
201.26050793778694
97.80891079768492
340.14178250164065
275.9827895414262
16.65120640554437
486.50286409959904
429.2959873729008
461.15562051811736
396.2156481991276
310.81282921879495
226.62165814778427
368.24124190964056
144.37044644707782
490.14121159590405
195.571408542408
334.2528498807262
425.50413175356
488.74806401612847
48.419213029832235
84.81125589887205
191.8035708377529
218.7254631887647
59.8813845823488
376.7216439538593
191.14322292563168
252.19745505485258
133.96710447474652
152.45865241367335
149.98783611230596
437.56035634262616
339.3872553979886
265.0454129317982
359.5630728472613
445.3307216151937
406.5487008003656
445.33788551035343
195.13568475552393
234.8459560423011
285.86191964214885
367.68985791071117
228.07652669285585
483.1443823611977
245.84279685395478
129.3605605632946
226.97049567029597
471.7593587028574
232.0523543719346
201.6667726806728
290.8629660375468
326.35114194744887
435.5783109084249
305.8939803321349
236.8427916707995
380.64981278333795
329.33738454692246
201.8786843994273
382.3939250718774
81.2763009005543
405.298862846574
298.4706569926641
68.10130356372423
363.3132216400887
207.2918589049175
99.27796052124518
361.74008103774713
440.12899254400986
342.7903544015936
72.1609039657273
270.54821146611596
441.5783133355845
278.2787538082199
473.4106473442548
417.5632972575926
350.797840560741
341.84133513841493
463.3908913882897
254.69378488467012
440.85828170034443
445.6410948712483
215.8849066101045
495.5776810119879
347.4496520308179
365.59463360627717
188.43942939561913
385.9939477237203
455.67425148148527
389.907223570502
260.18569491126834
464.2003995259395
181.25817264959863
448.46978151423554
424.75872621292564
463.09367642947774
302.05299707898246
253.1517509536912
371.9123574725678
364.87569231157715
420.04949706681555
475.50545895481093
452.06252319913193
193.88981675745998
369.22063710960936
185.28730874078138
487.84593034256494
229.8785795388688
241.22626956490205
329.69228860835636
388.67982624569095
339.08191908068886
377.47466192224607
45.742336803951446
175.30900472092424
337.4118374387227
373.89290577579453
432.024156646003
401.0203418932292
81.56911581245151
366.8778423702938
462.89482455783
233.47253436294307
285.1026946364802
324.7388902652798
303.3765080855191
137.69473629783948
381.64535244166814
439.518175477075
244.78190622366682
2.9902977085604903
200.40439706717405
389.37202410954774
327.77721200341705
293.2074171271803
325.2983838429092
357.0360977215841
376.4653274859298
262.56242773839205
417.14462348910445
442.3280362246677
257.6603796819916
471.6668764941584
372.9162847334841
396.03344351990654
153.37297314612726
395.6574197019788
185.089130129377
164.49322339204298
459.979507107192
403.1888995506358
360.77850679257165
286.5407070981073
307.6934327723203
234.87498032889346
334.41147287956744
354.0482969471916
201.6384766884608
344.0771480494402
145.15889907127672
451.0744297914857
92.0874170515624
187.9695751178649
43.790170337344875
395.30623560857407
380.1535509719873
260.198898730491
466.93537895897794
9.836925915061727
246.97918612553232
377.6783685531056
493.6263123748053
450.48823983277583
39.60717772796704
450.13589656144984
431.7755935872033
316.24852513248226
365.7116222804362
24.077383958588086
370.7335979794333
482.08896585779786
489.0052945292093
231.3260099062084
306.21562768849213
346.3872458321979
463.3833313360307
401.96345014158703
430.7114684766245
430.81328710411714
321.3994129326458
252.06075388663314
263.2651987012597
401.832068895491
356.44336882870743
427.0925497363809
386.21149916172396
492.0627262972627
413.5690607546114
460.8608541645403
253.11871817622134
341.03984084979743
368.9602506611023
381.9741687560399
264.8723428132188
401.6473835923316
55.20617675704017
450.5572370508233
53.67047173688917
416.6281073837115
375.45926522490464
445.31454180294065
431.37269219301754
467.5640431226056
92.22260990539849
177.7225469974178
251.37271589988782
439.37252695647624
473.54388859339144
396.2048964211029
254.38336874672518
350.50659562919805
445.1592322330637
379.43952510963317
359.47628620600875
374.34378761625965
46.43150460902484
384.310468783017
190.92470220514173
499.12032467659736
204.21356645591163
369.58550528496164
95.72814198637093
444.71582897833343
90.51381880958024
390.02995980557176
197.27345740519206
424.3023436004246
155.9547844950751
464.30198601432613
283.00079807473566
493.0840060136365
267.71120805246517
93.88260014790535
139.0968207427619
336.1947720468759
137.67974174062255
374.0034552934898
297.5479749469058
449.9326782737188
372.1658238469961
57.23274622709704
200.31610955494375
197.58231857185893
392.7245034109487
262.3327677044321
439.028950225815
473.98386827762164
42.6028813282486
281.46687073213786
400.28395372793557
242.53513356490225
225.09658735886399
400.243806418073
359.6435044751517
405.385803252518
490.8525930333328
349.82974834501715
421.88893270943095
442.97823188172396
337.6934691735347
398.1889161365043
13.011870286268675
188.272500686637
446.9479285095179
30.631328894335468
477.9855696917481
340.66834234821135
478.60324696830963
379.8470450944882
389.3595554547389
220.0993368447999
410.07699784196484
64.70737625354604
206.5072771248831
283.0601434011462
399.5660446667262
385.99418813467116
413.446552577568
214.63832705258744
296.9029544540781
336.9482392683426
330.10269350065073
295.6420220280124
335.3508355171179
92.76825996912703
410.8405233240444
454.4348616819262
298.52637366944384
458.6245975749732
364.8865103483101
400.95996732821146
452.249789889187
447.9239414301957
377.3805685069646
