411.89903470933695
443.7865321419233
253.6557775273374
355.5138897844837
375.4857240856058
432.1281199232204
314.329967391256
297.22923592441384
331.5061581028619
223.05321210362268
169.67704799824224
146.06693083251662
356.3450837258754
189.67780317764982
113.89829845485747
383.94199600117406
387.36244992402567
431.93450036354506
189.77279273730346
223.0680884405972
237.39609726478216
404.1985586948076
485.1894929913739
429.19994816019374
332.18471165740766
86.41357966077959
458.9717557629516
186.74844415077143
274.0680682970471
115.328814728711
222.3518575591815
280.9503435061934
75.28751613904086
399.82436349558844
215.0166982137191
241.75668111217163
481.37620003387184
477.93101873275947
370.454330326378
263.9334382704705
138.13158078691941
182.07241041457775
333.8303340810596
38.68646039698723
334.80752366886577
274.7854839666179
54.17358344289829
417.3338930604608
490.77553476976965
342.72307400790305
60.9905279478877
81.01275444749865
131.26644460315987
275.4226419393261
460.5361275943912
316.7230230670866
499.5201262409457
445.04112794360896
438.32100938365335
303.28948094613224
459.5645551026097
276.7345342346523
271.0898409263059
448.72567118787794
116.08287635507168
280.4762389538896
400.7125718778925
166.5992834979229
170.49487993898225
465.43978110126415
440.45845566665446
313.74117781086727
253.34446675707605
186.00527972179526
276.4795006170804
92.78991470482845
309.96794339768235
331.43061627433167
421.69331956916005
367.9709528259495
208.9580811630064
475.7817020599451
483.14953503864365
431.31539714930784
248.73398800378342
326.8573586949005
217.26215037148165
195.69347810387313
175.69463139689793
497.6631544619618
324.7953375454098
291.8696555911658
481.5805045610599
444.7790429617559
317.8780808977092
297.15103690398934
498.00536514505717
302.64735700842493
234.76866717540497
405.69371310985457
467.15781669273235
176.3125981535935
98.55026190758394
183.17785072370464
175.5807485015793
133.9346561859404
97.02889024931227
374.21539924210504
106.9060938422599
72.7092992917128
412.9528748624517
315.4526428837143
265.42107380913046
415.1225619398989
121.85703834890916
79.10147883152524
480.83241072389404
493.13811204300845
460.3083667626338
222.54175710504484
468.9481873942347
180.83548461419275
408.19621465638147
39.41042359744051
216.6650164620138
81.8675089581547
330.73584113627925
484.95514635328277
362.15208551794547
447.19189874341214
493.2774916353994
490.24635986589084
323.2416392911683
491.4339251544154
363.833100732214
81.70640157366904
315.2451054207717
340.393950404546
422.82544362152083
487.05146306191097
436.74672019367495
357.1118354879196
373.4510340932544
121.42859096097283
352.08564972595593
311.14517740327585
445.8456537493365
110.61253313844611
328.7974924820137
301.20914154185607
58.32199691967986
450.68026642927583
247.39082133366026
496.67670073893726
341.52984772977254
413.99651058903635
402.11394437383285
369.605111640278
232.94073365845287
119.73938521294116
215.02898057925256
26.199499775474862
366.21988398124915
301.9552375578011
336.6219796163906
262.2662667990264
477.31637940995034
452.1140763399894
328.2558605452949
326.83007042855127
76.27967236513865
421.3978817795285
243.04111937042143
427.41198218553404
87.11901703454151
3.4640979030538688
161.34964858821218
298.2814160258857
193.24395300242082
344.16882936153127
263.79391135921196
369.10285996363774
388.4446643559601
244.55051189541425
98.10441400422695
303.171798238984
458.0872643321502
170.56002745159685
295.34662215646404
496.13063822297096
293.98260330933914
464.9782101047824
367.7483906324296
475.3804751304383
404.24286467397457
449.54884063521104
451.57370547708865
483.3773763890883
416.98739535017876
423.7744348428965
151.01287645329717
486.9088116341906
266.8686405184371
214.8313115668692
361.80178275779474
372.31758981957614
224.0355779524558
454.8843444773216
141.6852962390339
416.005013475234
446.2612786807209
472.05846643101495
480.2286108095515
483.756029750534
344.564790358991
444.49245261758716
220.8548389021713
419.4876511419912
445.95234261721583
363.4728527272746
499.8447832537367
261.88642808236693
419.9896671833966
411.4467547156871
376.1100065379379
464.65152646786515
194.7717129643321
373.471670614921
437.4287131016525
403.1167200950522
460.1764312848874
340.1956869856083
383.97673921884535
152.0806043683935
244.9853395873898
406.92657331436175
400.3550125620267
273.9337582328896
147.73697351676753
277.6713345557639
422.26049844698395
409.2579759277874
326.04501876622
313.01011926865885
299.0010142228698
278.7830465297326
405.1389663233373
159.6578099951272
199.4279819183485
273.0699440554222
376.0691241124099
323.6808104305178
345.07155923325706
437.0396375385349
374.76111654836546
154.94241948421575
305.3039070634836
420.7432719296596
452.69186970187184
137.24858570376574
113.13171483143537
332.6063566834064
411.42363394029337
455.8561107373094
488.00600103681063
451.6503658058823
428.4147724418789
302.03257626313547
487.1607575782745
122.37402988359656
169.27180516803332
309.326778734742
326.408941353359
437.0388671980395
212.3865886396478
426.0147105423192
227.5110613350884
123.87289415255827
283.4561722534806
335.1580179309126
126.48181906612166
328.4236699114707
382.7343357494421
130.22955328984574
178.77434204838096
415.1006626288191
30.16186164650378
109.85071997123742
494.05638604440696
246.58068627042684
452.2062063714851
97.1143456905134
427.09346371704294
350.17823822533114
195.85530240430103
167.4416458474028
343.7013886626348
350.80033260136287
243.35485173407943
482.98601983994774
303.289092934279
290.3734071836247
391.5676120543326
318.45823697281514
381.674533293397
372.6636239711272
490.3585048866442
417.3775209038015
447.7463850526523
356.55882137125394
109.4318381609122
486.72505034163436
206.98267440470585
448.09990990575943
483.6152400131872
301.3785249414068
330.2351515950314
484.85649851350706
475.05353193428675
440.2640603762966
420.4431126945515
425.00481857428736
271.4246488877095
393.27800466393626
131.28532842834096
477.33146939644877
338.0576704938684
490.4416649387936
468.6579814547482
339.3126000993732
229.04806451964316
279.4323240637302
193.8677529088497
431.89377511975727
319.15423706333104
74.42809634196925
162.3605382199459
126.27563382833114
378.84415137380984
210.7187012352996
478.37236568331156
334.60917195141144
227.26751092852277
435.9219001787743
382.472285414896
94.06154000279338
255.0920669326173
289.5591786544675
430.86039644001403
308.5404799249976
364.41955697108915
41.04665936061366
342.6321712428379
342.91393932647077
409.48895624337933
377.3043863863958
438.11424027334283
135.0118483657289
368.9337144571791
412.95730382221655
