128.61771664766775
135.3418094872888
380.36343840524216
385.63252711144145
480.64429460565896
389.2948193460201
66.12333601527422
460.12777113784415
352.3076334011927
457.27603013409293
183.84408530221157
489.4977833034875
238.2148561754919
384.6016068186269
90.54355537834897
133.55048488621145
270.90088992922443
75.0613996246833
204.33945210666485
227.4407615324709
205.62174595875956
209.77011505302562
395.1543782641187
344.9469234763196
306.06936866280375
53.167472074613556
237.00560543408466
221.5300193465681
3.198804034211946
411.2410145837399
462.1801291279901
321.0113826643476
152.26611740049157
401.3190765383464
460.4516326193208
157.5513945093478
190.9965063367726
381.2999216804243
318.76943763683903
270.7742878375627
194.70372927357505
193.1809234331826
48.913762889028135
444.72512943156295
470.1967547278372
31.006189513220363
158.19581103749562
207.1669965058498
492.8203182630789
435.0008645142632
201.91564143655194
271.2655258323896
266.4998685836615
282.2189392523451
86.37529714434237
408.2968029321475
199.82733309430137
472.2843661265988
29.944204911403745
36.09304396135627
253.64735824846045
108.26609263745019
473.30091778260453
185.4547798855399
370.7991938728404
283.28821053230575
462.6593603944065
207.03680879495562
474.23060718342964
300.0012630636751
191.89280112589375
195.14337915148968
242.6756551287158
340.6375646504449
303.59374393810026
271.04934780466294
133.35309166228552
471.99760610477875
244.99988210645594
283.13818280042267
417.28677959375716
403.44054588695326
169.74249080020275
399.54462813413596
41.21009698274054
493.01903798862907
248.36417426135498
307.1675833036571
367.8224425728095
470.5414362155487
382.3843860075394
271.2425576023489
466.8540058995225
327.3278857474623
397.7013461482448
384.5352732993546
233.6011370266835
180.8031875396524
294.0416565166696
352.94257156858197
160.01213329202926
423.06640614559205
331.1654206504807
227.47600626465123
173.62568538485084
472.9591507180963
404.4915226073301
48.094560848613696
92.77645761829586
167.50610274009387
434.4555416533496
304.0842119602233
113.89693104054413
498.5655900311105
478.999456143051
449.20375649691897
232.31144820904126
302.137450025706
393.575493186851
72.65569588492508
89.74222777703494
64.93082699220571
422.0248518861322
441.7824892041459
290.26374628832264
297.2205302305239
430.51650313568155
64.34354539900369
397.53307365260554
393.6928594113181
14.99893721100807
258.9732988564004
350.4618563084669
135.5528960158236
413.28171639319737
476.63045563387067
476.04238774064584
97.67393621347162
382.4744286522006
488.5977699130616
66.3345831870243
349.4269323100824
283.3662531621002
12.552777643775471
298.7774969768233
482.097569391859
86.55541160334849
91.897582917482
119.77842644296499
415.5658496539216
374.90283649005255
264.98157500561763
277.9145106158583
85.53033923858806
280.02675090023035
481.15500448571663
91.84741535785355
284.99402368592985
430.22599160874887
164.1448694613186
433.59446398948785
433.06500634335083
113.39074763228615
238.88201212011802
317.2014604477299
115.99218182929917
412.05162863238604
4.889940947605453
152.00376759167028
481.87840269991113
390.37812334013194
395.02872832475686
466.6605695192043
472.9303783160246
486.9603742442183
348.76915028171754
371.0062045209378
257.05161092131823
496.8837976810311
231.63947217392194
311.38455581605035
241.40688184933447
113.71405105008716
199.83657098153606
57.52239436947821
468.9486073862565
422.98963585119986
345.5999775202402
485.35887484191284
216.63292141491655
108.29823950094158
298.703612897627
402.65021027860587
402.96090800808486
383.71480854218794
306.9958071269783
417.20049465519213
121.10995962789679
445.01955051599595
43.76500446404009
286.18340375786886
121.71269171788776
222.24126538599296
403.0199313343062
333.1213995822568
316.0632397483214
348.43531193813544
92.43848193464305
380.73753319592015
439.5469150258103
494.99654851919934
381.91985125088024
329.46437178971627
49.81680080975906
475.99474460208637
474.999267917842
410.9797843379816
117.67428070820989
180.9634560324185
442.7594711401879
382.591710858525
196.0617374886478
324.64248113335645
480.300669658571
294.2708038081021
208.17915594557383
445.58787668014367
494.87959726069306
404.1846022923887
387.45069132310846
346.03113450552115
157.53916273775735
97.67574653498173
310.228994157711
181.0230373813476
6.9736935655233765
476.27815867206334
403.3946319847391
178.3736051608497
213.53040217304027
203.96905911800758
463.53208360202996
479.3766450102251
164.0297419408734
446.7171341648501
112.35759385652989
219.6445461866815
290.9488650841522
155.7031287462566
223.23692407126032
441.8542135949617
401.2572939191964
64.98604167890733
217.67482085683878
403.57384340102743
83.36862096040761
423.69520449970287
486.254265602251
376.83648678040663
210.07942066713423
256.8712491472913
336.5199757836543
483.9900202807073
77.0742224760375
310.6921461340595
369.97774258049986
133.3018937675049
71.1844935990112
309.46432603049357
485.8457146803859
295.9702752441026
458.80232219801667
415.7273180538514
424.8120510845996
199.38182166717093
5.33549481922563
416.7775179248821
326.3418100683816
424.2362679781915
262.77018342032704
169.65700392868342
168.75315572307932
494.8848755571755
445.2810148606543
400.9932230771229
340.34878779489344
313.2067565162993
349.91748833547763
435.3074342131199
361.81444283704764
127.98901336572351
425.4407604944246
482.39872825557524
280.70490335322944
479.53062944017483
395.1640201871286
394.2213293903717
309.69541790022566
233.41551690825298
305.1261438639929
29.134888601538137
291.6858075324169
492.0699365494784
476.65236890731603
479.40400970565713
388.80231100405086
458.132860585772
431.97681007175095
459.7284415331893
323.2541339808529
33.43538296548206
386.3661233036563
490.41803398350487
459.5598108123103
333.1323942994712
36.031444604301555
470.94740367935594
318.00988933241064
115.02622561505433
435.5108686082897
252.58568632522255
367.32868071897246
184.20061162373162
404.562311051747
118.48750408025023
38.170015627287455
495.5590967360572
341.3733490909598
135.21641090476464
334.98541015515724
205.93158910014785
97.11999030115453
429.2781878842491
471.5599468272352
490.73909944644674
90.30926725257109
367.38714380009117
293.60730002879814
392.30613512616765
447.67030707769663
446.92514735234664
362.8294067213647
420.96960387400446
222.24438465695135
304.1575895675327
219.20664374577706
489.51118036280303
205.86385046579238
257.77587745771194
261.947378706886
373.266604152903
219.17299288894492
349.36877199537065
319.8579428985236
489.541645612925
256.23526312655497
410.892713049333
249.87870917884447
291.17720765183924
99.3966153756524
