440.70549008780125
251.90180858600434
175.2540807976099
469.8650766207373
161.0136976198092
182.65381478568185
133.05939303732708
434.81867501522373
286.5427435236044
435.2056840317274
171.8860899744987
435.47109053042294
33.00815700302678
193.63127447438592
455.99220263801334
311.6591574701023
346.5214669547215
275.79357566682074
2.345879466058875
429.6739599227741
292.5053056258491
114.89616013037045
320.2011848323064
364.9075142962972
290.24266665665937
249.7312456296409
261.05218753394905
429.4780279625073
402.81590959335284
265.95617304389873
251.13913489874355
257.85720763888384
106.17045896866779
345.1770832458441
386.0575632888339
234.93054672355237
256.1526193534953
298.5705441667337
20.564696194241435
327.1326293010957
189.92499037127288
485.26568357224437
403.75735302306936
487.5904568873218
374.81491526119527
311.1659811744728
180.66175443759187
404.8510070279415
362.3107966216112
271.89468821421644
304.43975269860107
395.0117946857463
179.63016328371833
200.4056981725003
345.1701202551725
299.453118523909
433.6408382883635
186.232500730305
55.21865994004651
457.2377167237425
343.81139583271136
439.52773991234506
377.3195152667854
217.61696593526648
290.06163651423475
303.17308838618476
410.4736222272557
138.63831352322535
477.7233179548843
61.11562654382004
241.04032451253158
287.75112427554046
427.748785443484
207.48240077369059
356.7815738323547
411.4787047727279
15.650539177485996
237.49252441866543
70.26842195061579
448.3719554528693
177.5461366986425
309.68701814545807
449.4541291505746
284.71228614294347
335.52928410285256
266.52609847008574
218.84247666054318
323.19105662777906
446.4088686712463
213.26788111319314
268.858477582668
255.1565034873465
411.99662554194765
267.2848079396106
465.32054506404427
303.40375499516813
299.5630710087356
375.42748590113206
496.0859575612332
360.63406148167485
455.5921915667724
385.58805644832154
348.99681187774814
69.8830155124715
260.6520084637708
417.2064804177302
272.34973021957313
136.72984762148724
318.72244160341495
280.14378277251757
343.5827997253598
179.61008113087445
405.1391350515173
182.15259168932948
144.86728291645557
475.4790295675696
266.4811740568382
445.722209595001
159.4712145932486
217.3755763473173
168.26161552501077
361.7029434704074
310.5815564559184
305.074097140689
136.56283268219875
403.0694423719985
48.58178559917434
421.66475245828497
464.8972285340511
370.01179537046613
483.94173583211165
53.83320389548891
102.40006358956094
280.829377704331
288.7410665328139
454.7056270579553
266.49094510874426
397.5858701604869
363.0903320737667
408.3099302167946
70.69340096060682
312.2082140208873
498.41497024936655
362.2117554443395
247.53098234592443
316.19705523920004
123.6483339608148
409.47420800942655
198.50320905355863
231.86887048966128
22.671815782655756
314.0770870366148
384.98439434246103
235.9945326768726
311.6739572347866
383.95111827219694
486.8354845287073
224.3302477856708
220.08852389529056
416.76663419053796
401.1559641842458
264.5390569827489
221.71230236734567
374.3714788504296
79.91451080087558
219.90701199167222
409.6066613619711
476.5691783250789
442.535305079307
133.81045716891924
301.30066079913684
442.6280614259019
277.9464634875253
439.4925889273986
356.00864621498795
31.13862152165177
344.60944655456836
282.0867598881655
288.85901453798715
413.84538276639205
243.59757621890878
362.6612006863237
43.43275205408588
490.91908448441666
62.16774261269569
268.7562380927543
464.0678329509583
440.54164528092775
72.8330391882468
348.00424091955506
265.9127541771312
389.0475978754627
0.8994083500471106
48.62714442526766
405.08911610805967
467.102859360463
341.88170342222463
165.11103223147086
350.12240680452794
456.28356628687936
374.20087346864625
39.93041990682525
381.56962517362444
423.70121634143464
432.930102120604
183.00772816743893
211.35395370439204
464.9071064612624
359.1554559434883
99.43614869339376
455.2781649973273
395.5275060838562
193.53029426154637
490.23907455877253
91.67281725147762
111.80647996937381
58.42458182380585
292.4639620422425
325.00229446411794
433.3256626117252
444.25946289975616
433.8736829829669
391.20323387329836
429.98024121746414
353.60840921260973
370.70739991469867
321.98752346620574
229.42759284587856
234.3679497949184
158.96684229802196
479.0549490901004
143.70538737015573
175.10687479952833
428.8498411580041
147.3983062398235
428.8612786504627
427.23632618259916
194.65697496963145
118.04514419421093
287.1380374626731
448.2923140021444
108.90947442250052
377.09988866276507
431.7719239403522
95.65400333889039
367.9300990721649
19.63233084450178
40.86973752249469
38.58012674029982
231.1003708904853
285.94809688837927
453.79060404386945
468.26189843515
291.7984790186978
339.72859725485387
330.77090336384333
279.1972916839852
262.969179746801
437.61721315964473
446.6063996425962
431.53301790459386
238.03033506224153
478.31253075965026
443.9761169359423
342.20078624544163
258.5835446053869
161.9970957702683
481.00725337188544
466.68489024424315
271.5067091370456
193.00282439714692
466.62496956751943
35.02130026899107
20.10993984786336
139.31403233435174
267.5245727341939
168.06266546165796
394.2628006644265
430.66369915218496
340.1162119212447
37.36259874286145
236.10371596243408
493.3553151592689
69.52820735445749
427.1768599427269
212.1446442023286
455.14182307094325
77.48834890069367
277.6610860161546
348.79390384021633
385.26052751561787
130.16788831992733
429.69212767081314
475.71559954365694
349.42019988517103
472.86971088679945
101.93543164699332
499.7836852950803
210.73614249025928
333.4589614457772
317.61350070850017
189.6805517810377
171.61785008920884
374.2388715926846
284.41565660452613
203.1609787796931
207.81573469673782
23.59850226765991
210.33036103200413
33.32719747068603
435.12726958389817
393.95761654713806
353.0594711417285
244.4164357810906
277.9041447403506
233.3960191095572
188.8524508156175
452.0056870411467
419.0579388319929
452.58202095527827
413.6329000996251
282.6274863405524
210.60833211193858
341.3050517407802
451.85470853632035
229.42193135943887
384.0541943709102
133.91555049701628
473.3357425942698
498.32299731223065
99.30875614328255
251.58575220786133
356.8052189292805
116.58565842179246
483.4603890971334
365.64509929064843
406.8339048667949
330.05897593905155
367.9823590094137
97.401375063091
176.94956959679615
459.78080310897235
434.66124141255835
439.17180355103574
431.2343601634785
331.3230474619026
199.44451664205684
473.6648811359293
245.09155724375145
232.0197508519608
389.7470541724827
455.8206406802567
109.4223011559327
235.93965280754452
272.4492121839371
193.33845863146541
469.05151621787667
326.15226775529266
450.4163631886122
341.9336104051245
