463.493764012718
97.11697140746372
225.76476073022542
483.1615664599588
212.07847634603536
485.5278981563514
415.9496108318935
312.32036123278476
346.5123366583073
424.22072820996925
154.5537645197802
256.35827660249765
342.7819881181508
78.43090165449439
131.0456488086374
195.0908428588869
242.70698721294002
472.7620031804864
260.8717995283729
325.47088567376727
314.3652791361044
49.438062075038204
258.2645179671842
222.23968621261037
388.5742176137909
442.64746027035153
252.45285209791516
284.2960272498131
341.3933208529554
474.4281778423636
436.3675781517681
287.58831669949467
445.2070343368044
486.62296213284884
351.25826253846753
384.3427781655729
425.6277511530933
181.40919861626003
357.2474146746207
479.7965062350164
335.2078042664978
467.9078313904511
392.90556213217405
444.29908423622913
443.8717417035508
487.07987643404886
425.64480353002864
324.1294785287495
190.17837003281363
222.9927781973625
232.79682871788089
60.63335375871969
359.0635138271884
194.88168768179276
356.3676928450417
237.74581187767228
67.71446439553216
295.91556056677325
411.25410441514305
374.44472415851726
439.4991374338176
159.25944852438067
384.6910942192003
248.933197856552
365.6328918486141
287.7904464242256
178.80825758420497
380.7943499783555
483.40694307611403
198.8608861265355
252.088525321783
138.48509542279442
235.37798893385303
491.0268957413806
412.05217072304754
481.17790214170094
190.63844224373128
95.27435415166883
498.77419321215956
49.77905641940765
26.943492905909864
147.26249873057986
266.5097503171912
378.87454853732595
324.43223210311623
445.03181903747725
375.16901001129577
270.72593163557315
323.07778222110176
480.7178614929236
465.69170420939446
273.0934579923188
277.55309151187913
470.17641955021236
410.5260448525263
277.8985979735407
179.4188732076031
279.1470102678504
372.44983362279817
480.9214936980602
483.12614457752375
160.3879478869191
429.03929004844207
292.6324721015628
257.2492513178885
220.95752982261172
216.470301032277
199.99910376059006
153.64588448273093
329.50739832966553
247.3602320846703
89.99171993078352
78.13267866216887
119.81612356095098
392.607461358556
282.3893076061946
281.1869108336074
31.709645539377448
479.28930969262234
266.81863334547825
330.2478597773478
161.19788045242905
14.553445590890078
323.18181089541065
368.8592963638796
264.8973101248815
391.4269590144043
351.59484939168976
364.30196854934627
412.30910870162955
447.4986785531559
191.955874373193
340.44929014348975
276.5820496865917
252.88672163564027
129.60839768659798
328.86162834026504
150.8641956237297
398.5043277090567
403.64851742624774
204.50133822634137
382.74665615867843
486.67814029811035
314.7097889743238
293.5796379591007
450.49548627991544
403.3494471784969
28.920492181032273
6.086888067826237
443.1632381705396
437.8341457626509
74.19456469847432
119.54640752528445
171.945978684684
213.25205513569153
322.3702060370854
232.36915410071043
377.9568549851765
419.80671775785305
358.70625126908135
174.8494156314377
29.218501758818604
470.6986116852685
491.84143472995197
133.9267280063874
203.78021823999865
218.59262279606446
42.69665264494574
248.36783026588654
263.54386012528755
298.6604859358374
490.98526796227543
263.31755316566466
236.66697642047103
412.7972229099663
425.9225931099174
416.04349387931455
377.9649435748196
143.67431721279212
401.6722372167418
388.9409482768396
417.0863732359817
75.2530990949299
411.75229591611725
476.67717417900155
256.5905473810119
171.59094770477083
337.84065161930914
292.00489393579767
302.7922912597576
269.3505029087895
442.17317298639136
280.99518865435516
176.16403519147133
492.2616520160894
311.0884706595638
314.2598821463555
353.52730962185717
134.50838637179095
336.5471141376411
487.7763296818463
463.7482670079695
159.38743203357308
314.62484582506943
337.4542472181229
388.8388121238735
112.89890031275621
287.4982983453132
206.99961650704245
278.0823842973848
417.4549354003936
115.61563681108692
168.2726280670958
329.5124426572322
463.91459922689677
215.00973413484513
440.7635276801647
66.48597800381003
169.384120364286
478.94053835954986
389.9332879580423
369.43237099752946
168.04728777709198
453.41728928573576
152.4728731314827
382.51902248235984
359.3150495323972
317.88975461447745
84.72100976097067
421.5124691395667
385.6177743214955
455.85103533702846
324.00329822742714
416.3811577401283
430.0548085285369
425.7884682850909
254.65383773861814
104.5621956672415
474.0491737595802
342.5981318389136
84.25124348085649
78.65672726726956
413.9169500704973
97.94491584240791
166.8626557210673
308.51549250678124
40.04233317754597
464.0800621662298
462.0117739433455
430.71474639706827
449.4363479064715
457.8468412791472
341.53452572776916
453.89292311802564
262.6438306284638
400.18480198953216
285.47993102340394
240.0263342661886
126.49938254209661
295.6669722016545
289.1841801427415
409.4564377265717
101.93140152152841
422.79319826038363
322.1683000709908
40.71933992524737
474.00291308980314
446.2532820957923
450.3634282373012
445.129617366572
394.56141362816203
109.3082156481372
451.8964210009247
364.1178901052547
258.8322046317105
330.879148395048
163.49239401106558
461.1837671775463
132.65082836388223
375.3422815911266
253.60371482440846
393.874324817975
312.4704417494111
362.2662057941111
85.52714463689153
2.7186914764037624
341.2726388857877
475.99403579841373
352.97923549282814
182.83422844083776
437.4436515545092
496.07561718029916
269.69760794851436
31.44152367184421
242.49053598363332
446.8665510308267
489.4982515758528
169.49256877822557
140.67466826655078
347.57576238970535
91.05293982450218
405.9279808871152
460.52831332726464
427.07368740646837
211.27270320783686
467.4933355840804
346.02259892021334
409.18525762038104
100.57899002637777
438.80637998815644
243.0955393872157
429.6557112562421
378.9495394169346
20.18359672403062
491.3519377780868
198.7814389113584
491.3768268345267
424.25757421522064
280.1232892500616
277.4839167003039
400.30593597616826
444.9280933744238
353.2993679412277
419.7964789781584
160.0600290869661
416.2365978754567
273.4023004638756
425.44447441729704
15.873426573575955
281.32110867791454
234.42332414278212
327.473426172161
79.49740315323163
498.22960521178913
223.61233259911762
418.10653024420776
465.8631981070791
392.99769991011135
483.03766888450474
265.4311780538575
357.3333990923609
409.86124433633734
497.07172262906994
415.65379955791195
23.86892367117008
496.1832754268994
124.64817913489577
280.73515454382186
409.0327712630593
407.85087849407444
342.598742147939
427.2514271809911
327.0992693310109
202.92824062920897
462.2646380540534
381.3149208656468
86.00847348736642
138.47462641027494
47.48373027432228
317.0651023448479
