355.0297698799527
485.0444517737262
119.60047916764569
376.64624387344026
66.18575936743531
437.19155763641595
241.57368177635038
497.44138914855677
317.38874778954875
284.5057116369203
260.52516540039255
22.970497537317613
364.0997574131857
320.0852471058279
265.62945422501423
471.66359924093825
473.27808296711066
139.97063751092736
149.65517680966553
373.4538719360113
314.6128675079283
318.8000770836924
331.1817429483513
348.90678193499036
400.49050211297435
433.82658190024756
340.7499634054404
104.96496242125403
467.12681567393645
490.8782654014853
261.2758496160311
318.29848484615354
240.28342409073633
452.59538989451045
473.528886868892
330.39649719400666
367.5598635155899
298.1055429835851
214.58924821044354
320.9146361392765
88.01111543476293
272.29461409223467
181.03895445860144
428.21406025488864
241.60276223901604
393.2443706375484
114.18476505893653
470.5845089618752
359.33949755711126
183.87668376294516
418.1722405180967
405.16811485930623
360.08235042496096
244.75359882761117
276.9478017490701
431.38927206651874
415.63821886534845
219.12344852935541
126.68232169409782
441.2874750317954
125.68273087336553
269.32130771518894
396.24508088346954
343.3110657477238
357.2524751072475
355.5187747461549
410.3965929376903
425.3932199583285
388.3178752131827
382.9646043520915
412.79603709726894
494.1489984426991
463.2477352846899
313.34741399173527
426.31765101055225
0.19411269097099648
357.97459251962175
362.4595944529806
234.84435982734692
472.0181884434253
382.1753033891596
303.54799874661967
123.55661829157776
362.7634983562694
37.21237521917402
30.829180142231337
364.7693963292086
199.36271507395134
316.32139106194603
343.4753851947905
96.51353951935994
19.022375186557554
459.35737660502036
444.86755405681265
10.296852514810041
371.62016409737737
410.0487699363978
193.5410283137283
487.57957169943245
483.3317204726607
406.5039354443886
351.8553654797323
309.00249405111856
252.74885885867667
200.59167235570038
394.98212170836825
323.5625135410794
327.6096750507937
479.722265120649
111.55964650607359
444.6304025020372
346.0328984788687
310.51234558616113
468.9418765298407
258.13894523483475
483.0015687984499
434.2229287613818
494.1294210307173
474.7060972621988
369.9132687394085
159.63766016734854
395.2226843719354
27.6331066653305
210.2550102283215
324.96101026214797
256.09451830090563
399.7871293097078
195.5869702207051
392.729158292105
488.6792801223986
437.4732435750437
465.2958311732958
337.9970851452199
370.2359678215055
325.12775422880543
279.3874204097191
409.5459227854135
432.3232187662876
69.27992750874364
389.8308681725423
428.34253609279665
100.00377023514102
297.17793846088364
229.1012867321836
346.4698711796825
242.02411196565168
214.56856621212148
237.42695728434404
111.71327698787633
289.7975409969903
407.7720137408148
412.31550626249475
192.61256086796476
68.73263989048115
457.82439239713636
390.0213333854848
364.2982074679412
83.67031733355941
3.1434584533988073
473.81592112231726
459.08750117686566
400.45576274166865
10.744259766265657
39.61736871508964
360.6292428744962
438.67004005303323
169.48809313270556
455.1627592909681
230.2484711794682
203.48000300037523
409.0973560617049
441.35720002539114
230.54579636319954
495.3995887654077
483.8688928388446
388.4273176446232
445.80753595835176
419.8623353843457
371.85663633103
316.6861332625102
81.56592792652026
202.67268501327936
17.104270412113692
323.8432545146568
440.4717101516347
476.6108427236534
409.5539639570467
433.51952010055476
238.16122934214627
156.44623774179848
219.0460599526503
418.5464963847179
435.9066776391375
390.778746078219
441.34847757220047
143.6092938889613
271.9648773171222
471.73138438562086
428.1667364124579
18.85319016908545
77.0327628655935
124.99306881308831
480.9207501520059
394.3587029902137
470.7997005773317
131.7554920010822
210.89507478925174
296.56143243072927
239.7341551989275
218.59575724070152
425.408853744969
478.67037508812894
416.7479698437993
167.92131275295253
324.8898212619346
493.94756276649593
475.6020373776786
106.46815923525435
433.09044989240135
370.2313875928071
378.2082100327479
14.431194244846097
409.8875382446399
150.3021373231466
321.1373465515134
453.51647504700077
478.97921155893914
84.27937298996824
358.4711174768843
492.48737344648436
249.19671972230836
184.02073911499048
318.14309151884754
72.4483315106965
416.88351375629856
348.2710712245728
476.96487585538785
345.2938667797331
385.0708314472615
149.5166730706564
436.4983279587465
407.19920482927625
132.4762449439948
296.7690072208711
326.7775624725966
120.31540670824415
452.86618953987403
190.36088633648382
300.04381914319265
423.9541952675563
491.9177305531996
202.16470521924106
332.3644245110298
480.8914008439033
463.46802640709615
392.96892500712687
448.11373332149316
371.18135357425274
159.05814178816445
289.29768389756174
338.3366828645523
308.08489162629417
238.92050552279989
396.44937767016773
286.8746491589872
384.54079085516037
207.55594671801555
431.95201891055416
363.3384687923986
182.7119919329836
349.96320378011796
489.82518729104913
302.45592491615093
483.6636009318778
495.54304859697334
248.2763764332611
281.26086585236317
282.44319961568317
387.8120790099535
343.9038918197433
485.0717940978386
219.0401538022823
317.57393373647386
212.57514669915201
447.5448474379572
125.29792390680251
158.07651540839942
206.91102934348868
30.401698652295124
208.6806065732505
420.3318641799587
454.8552079560368
203.75630492289253
235.4071022853314
140.50445976912272
66.79670491519994
301.97033768172673
462.6793589377553
354.87799916153574
219.99547048628426
492.8661022873746
87.50099179828436
344.73236976108217
468.8710248667338
378.63569732121096
401.11536974872223
365.66931625381665
164.67692738710252
223.6050090560131
268.3746216211946
445.4180285414673
206.60412927513528
459.0023844024072
135.73139217512443
315.1770586623046
148.43689004220704
310.8686591106573
274.0936508441537
292.0805266160595
441.5988526900752
290.46372111746064
395.9081107373183
418.70145380833304
299.73519093633354
363.6706705075186
482.03183426938045
413.02396593289694
343.2356340069623
404.76330429137863
450.4013746872278
251.29670356999875
105.03201158796423
398.6242983310335
232.43685417697418
421.26994962448657
485.00190651959747
444.2660801929964
157.67593610717017
159.62184440814661
466.169336065934
335.21713871079635
180.57767269422368
121.8540750588092
472.5721265469487
410.922820860358
201.35620161114178
394.90922406313393
453.87559230002546
417.12320538567695
437.16153379809026
425.2290609156462
129.83229686133092
407.8732406527457
344.63555784386926
30.379283500313818
486.7431312940447
233.15287517958473
409.15280080371747
196.10535952001817
357.6505167739972
