231.7702565616015
494.3803493155587
288.1269002256762
460.13682125321634
426.21473062975224
431.25297411656163
298.9428261336393
236.61278600401573
372.907992320168
365.62489973317474
435.6557846906499
180.92912867250527
310.5769849000848
318.9885535456416
205.8306041217043
338.36034158212135
167.27457396621696
415.5814155509801
380.36124386929464
405.93288994385534
432.7667858059323
255.24492948930467
245.20369268683703
247.8912322313915
357.9895314990684
296.73951639480424
383.05552244644196
418.71467774550683
65.64952589168536
295.1560378732486
479.6917780569503
62.251466834386804
293.81289048002054
457.0093531482619
473.37167724071264
484.6156153841807
422.59677451016427
373.6305448996194
494.8346952628917
455.72704415365206
418.05987301670837
228.00216180086483
396.2156643467951
215.4557795557954
431.2322630361982
12.793618611314741
60.17580531228748
395.49804026224615
483.75198161773403
163.09507193009625
244.65225043467333
233.30850708584939
263.8483158615362
28.540460374604322
454.2558388716527
343.278950472172
311.31842534613634
320.1111671692866
445.4760855090808
272.3262671348823
419.3825221034598
449.1417608511954
430.59150287550614
417.3244043170025
310.2695711105324
407.49731414055117
349.1158011890784
162.81245653083738
349.7505613928061
385.4847151379353
300.646273485953
389.72716210601834
149.53420291851342
6.85431701005183
319.5678072823017
401.49596524682624
254.15368118134606
304.15161233344827
349.6270587597594
332.20272793990557
303.7981842683676
382.12895956407795
294.4829348816038
368.1845537456768
373.74544088557195
98.69788412472582
166.19409449555582
437.39826861354436
235.72855756384268
56.62397996291543
226.87180271107258
270.6842849328034
429.6509297612469
406.1020950149746
103.59320890848619
103.5791259431112
256.1480286585929
332.9751537366884
433.77414671095465
346.67131145875317
361.4800784117
404.64987379964396
224.46353722626537
432.40683867547887
281.5484099884538
300.94032706282576
475.36228253946626
329.17971154337874
207.08083819243387
352.23849915529763
205.1685440906494
148.1657914794597
103.07679936703607
273.3723208375177
64.25571218811439
14.566821677479709
378.6779267732731
437.3625759202223
164.2737951069712
460.73268898631966
253.62258799180051
382.0603307947643
493.6739030540318
210.25708767671688
452.7362489040621
465.82069381361305
18.93254271776692
189.05640246807405
74.55994590040143
262.1716511516016
352.0824519412347
485.885569375346
489.50885567012966
384.5936398298132
204.39622631619318
478.5105955169392
27.156198069004063
336.2269575945529
463.62280486801876
353.8084982154443
101.85702610085104
262.0920070204945
295.0083089946498
98.00692343679475
111.5323442999881
430.79968911229054
366.75521796089936
177.93343608897067
360.1247549751654
229.97567786611836
298.91659773919434
239.15923056799852
225.06835275176843
328.69558084916207
90.89799327256895
325.0324799141647
363.89396228568273
172.45198956077036
341.8600226713087
307.92750162156597
294.5644586479842
98.24772664770984
182.92842375148922
455.98166401883475
250.10608614938087
420.1938509972178
334.2510782726216
436.10902783104234
107.31402290570685
149.34953963726753
486.2361161069644
470.2588245694659
405.95164245608737
379.31019899062824
93.89061521665911
217.67888491646596
193.98735107126151
91.60546736550242
296.7350233381559
245.02658693621527
365.61852450273034
357.6046992725823
174.2571505033788
474.8930969094595
413.435764437658
201.51832111447243
341.69349624719194
90.03908349165022
8.239675231651006
193.39780465345342
303.42346754137714
308.53258617668155
381.78822695770236
137.81902095950335
118.51593893502513
211.7004563576442
290.9277986123458
488.47168578131783
277.40682522598195
166.18676050000607
297.7581543976472
237.83754483086443
184.95464972675472
50.63202503070602
397.83830625115434
395.748549773164
322.9812250877832
241.61732467628264
157.5289555819694
480.8061916128607
245.23212234429116
381.9472210828121
346.948251147698
483.7884566782392
425.2638674516492
495.1867039453894
184.9386818148633
362.01449930957835
275.3371401545388
285.4656612771504
92.08611433910806
285.0729882448172
85.79546724442025
430.94208840398693
73.41228969376783
38.35979315987322
350.26203867759796
426.20419362878624
203.84071362693197
390.93708899845547
353.19890827166205
464.5624458049874
411.2198606466812
242.64621616076556
481.7657698006278
486.75488185042263
86.42932771711429
328.1378899530755
478.73109813289386
485.05365276442893
424.2792349507478
396.4903662681228
205.98264848823783
422.20633325976814
78.0110026397565
367.1948267345001
481.9997900052543
394.84571895351905
253.95911365764283
152.6831072958334
272.0072934094278
224.59567259602096
216.31110107242785
304.27114423635203
298.2098192537074
421.5243744875341
334.5356953787899
312.60455473706884
372.1755982872784
180.9879821386515
492.42447088717944
41.656527624692444
350.47235711865585
488.65831575555995
486.5099294774217
301.70833654434614
387.2599924465642
352.0473980166946
467.3765048392344
273.95297190008364
334.3726302999168
160.83171373232886
477.2475768318017
423.0710946032396
466.4123404042882
443.64790610070804
222.57973115409595
481.96838990436
420.36227022994797
392.6363918554074
368.4031266099487
348.4132759582985
313.553607181086
424.2932788828906
245.27344254853486
321.43340136842727
438.7654698128914
25.974189760156207
256.46927117963054
157.34321557397476
131.94019805960426
328.72510460863856
195.3113986956472
488.38957031811634
196.63936610499564
453.6501250610885
283.20078159776784
400.7116487977246
251.9974490082759
452.36005627396105
446.9707462306509
178.59632422430133
177.86126313483737
261.30368561340094
322.0428294104466
128.13071450757712
175.86838853664779
412.52564994075306
33.323001344876616
312.01421836993615
442.6869959611974
424.1761191052516
479.1660770195025
214.32878807333913
409.33433345050423
363.279558393555
172.34987398938415
108.358239957764
338.47964821481924
461.4808131364871
368.774591425472
428.85684132570293
378.9703401130736
264.3561498235315
456.0696083538426
302.56054788237367
400.08282418321346
275.7241205706116
331.0133636301698
495.14916829226127
410.419457836418
400.82564643790545
156.36762231823099
153.91262090978944
433.6545379248471
238.46351437697382
235.4282539795812
313.3008227874029
155.41365352572535
391.54825779247835
288.68542442334035
381.0016014618984
310.10621067652073
479.3655117209145
471.9019031117735
109.02874117157404
484.25036165108537
308.6680870739159
407.091730789436
246.32887279555467
455.21824552641084
45.177237630990476
472.3224549112681
494.34127643511783
496.0748953480402
446.5476888628406
144.47914694341557
390.66937546962083
470.0574393376609
180.27400947210964
