450.32903710453803
315.69855533309226
254.2874415320408
194.58114377177367
164.35668141888374
314.9615541792879
352.6932016275482
486.1507605963631
153.22148629914346
333.761065952487
178.42598293114418
472.9251890292156
70.62196532103559
171.72432277071897
479.70808093419595
150.50787825481694
117.36540857585487
408.98744635967637
334.37014633679775
395.3834866122934
323.77786662639414
325.79989892762643
95.61425076567656
208.6972737176951
386.985576922924
24.602396312595772
193.1114191128638
429.7767099836251
470.4123693450185
426.13744487414704
232.20797020684097
462.05078619334694
354.2499526145602
279.02257562158945
321.1892497990747
311.4399154716971
331.415366551315
187.69706369376382
211.51987882994337
296.3626921845703
224.93027826644754
490.1966594472106
319.0269901872842
252.23874800925043
423.22871453661617
257.7280969352896
218.50002843284074
427.441729056624
368.738231198443
86.98421576634416
483.93306035163005
472.64704535538743
443.4040403002741
229.65384014418595
217.95352879828596
483.48883218741025
346.803363190327
359.87034809184775
473.6285521362672
297.43591214849243
277.05735837390694
287.1184886109556
348.9030960012495
397.1439440505678
328.51005966861146
489.7419843762919
338.5553961554524
241.14567162748313
276.2946596611083
454.1317033345477
394.44227255912693
486.5121045749169
223.73293975402498
329.83677305604147
302.86364343275056
259.61979098165307
355.2601944284205
438.697177829619
298.25921532914697
270.2106996967024
113.95702006229146
444.38940849268636
379.8184988848786
366.2337948230007
389.59607315348785
292.9853525301311
266.3044632340624
415.0461367942524
444.35504903355275
108.85057707975051
332.70130449893446
499.25920698970504
410.13572941948223
407.71158263692007
405.56420122432775
344.824935992516
373.41148786645493
91.68067505262803
153.80145131712254
294.79023182407434
429.7427082459126
357.8871265259192
407.33899221361287
272.65679700962176
116.8389165284973
88.80934294851926
98.98501384128309
436.97661747130996
318.3567558011788
230.83306549507603
153.74838418011757
262.2965669449019
418.9119619816489
3.6432992710925305
398.8461933051974
484.34850906143583
175.06890553553114
304.31713109253184
193.287335304066
58.8039498769856
486.0641683142277
136.9656855790584
446.0245158100237
427.90063383705495
337.21872164131156
316.4767474195243
453.6220901896289
251.512542708341
497.36837610718396
16.64862735759698
80.21777948922937
495.18457054860727
366.2282764103743
202.4904297546758
403.63489065978126
355.7159326157277
386.43562380603447
353.2623705876359
381.20345586235123
467.08586840953535
286.32656409230685
233.1542666289455
360.09697732541554
406.6860390002824
344.90272135742555
333.74143643661466
200.34607555032397
310.62866616938993
132.3061605634145
228.03719732435638
192.2567092759826
184.4536530848108
380.595837224411
46.70992699160092
486.8090064138796
195.71407409426558
184.35477232127096
493.1988538130397
176.69166420101288
170.83739496432946
156.9042319437001
347.5762382991667
282.9751102900841
348.31097301192233
268.8708873555746
427.9495609897399
424.0735944707984
343.4255281019973
484.98324464069685
249.52244074455677
311.92719235949625
330.1644499757009
272.82295410144934
359.6516795002356
251.42416452537603
349.8738270057696
386.14160013832634
406.60919972653653
340.0249087638462
377.64384246586053
313.7827032537949
445.40007692026427
199.7798561054119
256.6204664141461
336.5198019165563
342.11506064148034
225.49260706843728
297.57910061271923
202.61497796709244
406.7705353628818
130.0139122327197
256.10591332272026
301.14040467081657
467.86467028796704
422.13970908767243
144.99170073456747
438.2422343465235
495.3025523212952
306.70386391270574
294.8340471022519
369.82934494649083
445.1112577146714
300.5486355035463
329.53168561369966
476.4951960831228
322.7968460545535
480.19506128926156
103.05165858642368
475.06062371803085
494.7679778634204
381.15599395674735
404.7026878975354
107.34545964264527
388.1382287055694
405.110651211843
162.1989411574877
88.27436458250753
291.6498431636446
421.8432686648476
382.90769754766757
450.7495514586529
35.91100606149155
274.2257272635983
293.78026179979736
242.79956531032684
256.21244298501006
326.57040003924885
249.80377052987674
11.319759490135596
261.9612228950286
85.98858757312632
498.92837869947937
278.203272712856
294.00655859573703
466.7346789391561
498.74692481105166
296.3828749170038
309.12842192491274
124.44425739508671
282.8430981633185
64.8363501186899
94.9379416202105
174.928645632548
476.5759260957467
486.7784657758221
168.57984772965108
371.0094939639114
388.1721653551959
466.80649682092275
220.68148569811711
455.99187907540005
495.3414950604943
491.0503636115261
188.32945386055667
324.6597325714738
14.884676449562392
432.9841663236225
313.23585241634214
405.6226760261636
91.79425220596147
364.01940789730486
303.489068852453
339.3804825493294
281.5040620556561
390.5184296381808
154.41607761930715
185.69498940105439
364.2946434178523
91.75968819510462
477.490000186949
229.6512911655547
239.82475871045614
455.64434585821846
424.0759237211949
330.0974795619883
181.0329556913277
482.60487917039745
197.34321487749304
200.5962538708061
358.3842274053516
173.923235478832
247.74639537564587
342.2115625629793
463.4123354476457
484.9358284203608
456.9505954096379
441.821633995376
391.83491560772535
408.37198661018397
491.1011159675013
161.8299178452487
179.6843683632057
113.64437546709843
288.1383976054557
172.05377908290762
341.01384477243676
276.19179448995885
257.1166849147213
68.67827233907809
245.8576157166716
171.7252743000763
213.599242079051
497.83139190148404
203.35899683236704
453.48592166007205
195.5853648321895
358.30941534109195
404.71676216968706
488.26381214544404
492.4837921690541
370.9793578756769
403.76313426424707
8.06129795548037
483.37585791469576
80.76518497873883
6.615791801495902
391.65756707125706
305.8679738791435
442.3146130836228
354.18035450622233
67.37620816040891
369.47336753402277
379.8356061504021
262.34088208548576
407.9054872902361
218.897318835821
136.08789324660023
238.92670029613203
248.3339471318015
478.87390777129457
94.23197788791663
281.89456572949405
441.5033712020972
256.32221351019376
330.7143225757288
333.57577642981005
476.15581230507985
445.2796986672896
182.83099058878793
447.68571453256163
282.60862907325077
471.45893948282077
397.1982090748858
211.43686465936287
83.10331253997163
385.70652593192546
271.24259012393065
140.18441412491296
293.4003374188932
227.81020047956832
292.31993951857714
240.6749713164133
271.968241299539
379.78614382844887
110.40098192373114
335.8792825779094
191.3038285500134
82.5588750420008
368.32684010250193
490.5090023171708
