305.05441379665
163.42254947780805
255.5148098071812
236.00205412441568
443.50231623348134
135.57312261269385
81.73903229177074
286.67160137670317
490.7981586219249
4.422690446584113
180.33795224550278
440.8387254474879
124.92714940527344
323.0219146465977
449.2891499607326
256.3192319298187
409.601122846573
273.8886873554602
233.78466251598496
496.73337878373286
280.14775320075086
363.232649668778
474.56692469155024
198.4317749791199
440.53012406866674
112.79664764073914
289.89072578225125
350.38668654415943
458.6528980710517
326.7246903721681
267.2969045933196
108.06258168313877
345.24050546185
375.52003006660175
394.3562125091661
471.2470019373303
480.19000940924934
302.1331622792858
210.29646305811957
398.9388832820622
390.1184069912854
433.0165965458543
340.87585570504393
366.8851451881825
304.50318325865965
384.0209879097155
331.2821480022134
130.34360329791008
325.57959774679716
285.44503821215136
377.67803480081994
475.7244943130254
249.99215993459282
409.11953095457227
393.6690522682117
270.392117006853
229.2373214834846
270.1838745188993
363.0549560218734
336.12748363663025
253.0957683254603
332.91241286121334
339.2363509428875
286.0148198906633
369.71574166377695
240.9989699543874
229.88824227703532
119.99681984338827
41.2197415200979
351.87093197722936
452.1557529848958
360.3644789459621
417.4498889562486
269.0979536804014
192.59192836443634
421.7699822306949
185.45129323678418
277.7198032863786
349.6070728643971
282.7461022578006
461.3767185110851
453.89541725892786
312.5402069419166
336.74385912884964
44.245164280105826
363.2603813948319
140.9229033970401
200.53566121008794
429.1687992053417
85.4394284759191
421.71725180459185
25.07544545724454
462.93681511276066
416.379685896675
497.3811868285766
258.42729931943063
103.33092013616232
369.7076183252199
337.43055688030347
278.44043642308054
125.40349921281728
367.92321999035073
426.40604886668643
474.9298841901211
333.7658492749056
231.63471575068814
491.7385471557251
359.77047186349836
290.67243865229636
238.27955694185277
176.760868534694
298.6135591708996
164.9766589755256
137.02414075383587
155.5932087927028
315.4648944254073
143.33075317524094
211.4286855600879
319.3586837524627
253.11464548833408
430.2761701495896
394.3787649810125
375.8353684933918
136.62464241435998
181.50057420360258
379.52177165923996
481.88752263038003
240.2298225669157
192.60562739917333
159.9006926512198
449.68544561286564
83.00848602923782
253.02868528023552
350.16749013820424
300.94386837786595
442.2684515054487
224.28841535842872
216.9893931763968
337.09272829814563
483.7588530576362
215.40180706238135
376.0877643997904
283.156395470712
228.52380930006797
100.14297144134713
332.3612910739803
301.70357381115224
361.5647118439905
473.16251350016364
208.23862703352938
321.2229405763667
321.8886038478088
351.26330996134027
295.29547069403156
187.23130135263176
63.13042054538835
69.39491408489391
290.5785166910406
413.35897883633885
282.0773230788217
143.0240736111067
306.2177784774653
432.86193872559255
498.92914887131343
244.60361224031416
285.9393675418468
43.69731064904079
397.72048120161725
294.0335910075902
486.739590227587
377.08554711183496
224.98154960920186
421.5274199708057
377.0896617478193
354.2739527676173
107.66977807204
129.8864929307136
437.4437387515436
351.39271302916376
239.86701005756697
282.74554204912783
229.52748588669812
485.94817011659205
486.7816642441528
191.19984220516585
238.31543184748057
456.47859999823686
223.74512994383696
322.5737616155646
426.60889463550694
267.0072717362071
478.3238592026209
266.4050348682265
228.6920820622209
413.84887413920455
332.685851724892
330.0289572407621
294.9814960405439
333.99471098025583
445.2548165721506
370.20849027402824
76.91904474497125
357.1642107448187
381.6157933066561
477.8953066601017
263.3821879048606
351.3451683787217
293.7647535655823
439.386210769149
196.38753382344584
262.51193294956647
391.6789278839982
381.887812847183
498.6596369196814
312.43199953210933
179.45883918939325
365.25636372938675
167.5224268920797
127.35012502035971
214.13087560486065
347.33289964487153
110.0023463090713
174.47598076401368
490.9496230336687
476.0291482745089
294.89948829288585
18.58734704322808
241.94759480613783
445.40996764145336
495.0710542376745
447.43484376097865
468.5297949665858
345.4431967158316
53.93424861757711
483.70280180258425
169.17116096612557
174.179996066076
445.98745989529414
495.6700526415141
176.51161642069883
385.4700270070972
304.42337623814694
46.70061718060174
318.93649455200807
358.85233508148326
46.190737965816595
483.28383968643993
473.3196911824143
401.45217084055173
341.2741667775542
121.9417527997349
434.4320493733581
306.9791373851457
233.5068916312611
323.9737267170418
420.65281539997704
181.94752623649583
365.72974444709087
188.02588900361496
185.79383258581328
233.6648907340915
190.6309814166334
223.00093070856758
442.18638694486697
130.74038227589426
378.9805682543916
408.2148365008761
468.75485898190135
389.68870721679014
379.1331125848146
217.71269535379218
103.47795284366646
145.6831290640552
51.15926311695364
430.61029527060396
436.2382912222354
319.2789945860335
414.01140318756103
217.23410643441093
419.3099846525851
319.8825081199062
153.73528611644048
217.59564664778446
479.46826497610675
262.28116840432807
327.013361989493
384.7664767449187
498.5282683284063
323.87582081576966
376.3329546838495
474.09426668554056
282.23238617797983
166.70991420711675
240.14573520662765
106.60456004545637
367.28847883517506
409.01091407465526
350.2283462123238
324.9067575771304
67.73343696784957
177.27381778067468
406.602326336296
214.5174011187143
476.0544195821767
206.61129194591553
343.76413950645406
191.60810416401506
459.88135826816097
101.52100462760995
49.22052841129272
138.30585311647957
139.33452749171988
472.7480203375738
178.53083795655976
397.89161015739126
469.5608047457899
424.0467728139645
387.6959223254605
324.8832803741165
268.86606163181887
431.98778313361953
26.500135408223457
284.95696061885315
464.59427154351744
351.72006887631073
394.43689788244274
341.16044841100654
329.21261830492966
467.3869177085577
251.21272289462598
284.58697203042533
349.4757674541405
247.6019117613477
96.75811099262978
205.1032915193548
284.02694292820263
496.2185007903683
461.6322545103142
129.4962511512527
343.25975006602556
457.5979911533864
140.15669248139307
385.79967835973696
396.6400416638693
487.8102145510008
476.868105578367
160.7550378465578
489.52493233533204
282.7011474858398
467.02644396195126
377.50192996514136
444.14442781658033
442.2437105401575
371.44977454735044
351.42818985399765
463.50425959007794
416.188649405629
315.20578952550045
101.30281646203844
200.884563996115
