88.40183297644357
86.8049017293197
86.16881177820922
85.83207033595262
86.31431744050069
87.65092501700477
86.36570251390032
86.23705062318672
86.79421456571868
86.33235710868809
87.2776042960742
87.44736527440263
87.53829374277842
86.22617401585201
88.29003076770795
87.52725452405689
88.55094915527889
88.13443849997158
86.82697205061682
87.82733087879849
88.04131891073145
86.83192568098946
86.92446891267683
85.40973255039054
88.49536117267894
88.12523657719596
85.70651352376052
86.13609152894678
87.83871715571333
87.62760013595546
86.5410710142832
85.9994066575567
87.24532094057578
85.44320051374282
87.10193932255068
88.07814062087401
86.96302848787435
86.8927131452439
86.09575826201369
86.66005250765903
86.56637895826198
87.46868180084832
86.99817278063969
86.45786746800816
86.75592577221165
87.42535690583088
86.77717633450403
86.58885214921133
87.05533260457095
85.74756424588858
86.8639710423371
87.02958236321103
86.74547165657037
86.17932246799585
86.84853912968914
86.98011573890777
86.802898059088
87.24580151896085
87.4754085461856
86.94236444312307
86.3108286220627
85.43865141067263
86.72403346997758
88.47936488300898
85.86696166966523
86.42504303571705
87.93596166737721
85.44668296523257
87.48216385078892
86.72970356543742
85.93368152585903
87.17773378372668
87.65462933598923
87.2283932684923
85.48084527444698
87.92292592128278
87.86426018552231
87.17234820853726
87.8249916883408
87.00221758650642
87.01666577896674
87.26309713970144
86.01985265248496
85.5055639739933
85.57497109359008
86.20594568586655
87.10771826193668
87.25782262430381
85.49548089824823
88.89843746814246
87.58568568798289
87.78077125725967
86.31312407859248
86.97773631214311
86.56896623062114
86.6481688026368
87.69363798478471
87.1839642709642
85.77420157043878
87.75012314159419
87.6405923908258
86.55377034477348
85.1173010759875
88.15597465019668
87.56632731882851
88.16783022640242
86.6277765714497
84.15299990619926
88.6220727663853
89.13882306082098
86.34511828880082
86.97173270170603
87.42506625025385
88.24248308095069
87.88158458315375
87.31032493126179
87.30679134019104
85.26324419125282
86.09007667092857
86.4738741448767
85.97757689197357
88.62072452019918
85.81142312757461
86.0244842159537
88.11734736169569
85.22091106333681
86.74146527744132
85.80081221590513
87.69554956712005
87.46441318789155
85.7175555753719
86.27599530070788
87.31136191736746
87.03241710080039
86.39491346051082
86.66743796648043
86.05147125583827
85.41548749512877
86.61134973428601
88.02421562588354
86.51832481696584
87.51441349880552
88.79281052660703
88.70564187345256
86.8857921625978
86.50243829886733
86.06390091837336
84.96161884878059
85.10809228731222
86.25831335837977
88.21041737365616
85.60847474563963
86.3041539557319
86.3800848602846
86.43427474361322
88.82198272548001
85.89126954783057
85.60059233751029
86.78768736892245
86.03002534527013
87.26621203370296
85.15739593203298
86.45442684134693
85.95811052614594
86.78311987866296
87.2782107345843
85.3939780830299
86.96431167360694
86.17216873950697
87.05845130548505
87.29793245781235
86.22340765107317
87.27666238284715
85.42770895101525
87.67610289074702
87.70511983677297
86.9066811203783
87.77940867564796
86.90222250681727
86.59812987814325
86.24347386589594
87.52703986751959
86.66746274006206
86.02829708141967
86.18656757016316
88.09092399221927
87.51418288223468
85.51111748974428
85.98439208816531
87.05241349628905
86.3924432527844
86.87026760226993
87.03107127460028
87.91865236841625
86.3938560090916
87.01382011447438
86.04656743790741
86.2786077360765
87.53389189682265
85.26951150198627
86.73081313940281
87.75689317169034
86.34737566602251
85.40444508942313
85.57290714567195
86.83496838806232
86.01796085520918
87.76705624951923
87.07081434248698
87.4963813912795
86.12049079232557
85.49267332008557
85.82875407607906
88.08338537720743
86.37984883928638
87.26793625033247
86.80852333640264
87.14042978920754
86.49958941575032
87.41976089519234
87.28613024489918
85.7603948471127
88.49719653226774
86.0332266004318
86.86579913322383
87.44956068304603
85.83197200067666
88.74377092239986
86.16991236539091
87.19275865892916
87.05428672462727
86.83020031100773
86.77945119166125
86.52238011733719
86.15445950600677
86.45362448486644
87.39559790506725
84.52210112167816
86.75492003111923
87.309759749223
87.62126903695936
86.58112792468906
88.03349124152079
86.89348143327912
86.46886111878817
86.98610220524584
88.30421408760512
87.1335747725001
86.49383535033233
85.57643810566921
86.37218533266655
85.08653960020884
87.93233408429866
87.08040833666651
86.73443032240785
86.98015259181363
87.03225053604514
88.22409596667426
86.01296543337844
86.64698486290376
87.43495537294388
86.14020025719395
88.3787207654533
85.52170577970709
87.68578317257767
87.00585813321283
87.73751223877699
87.11241389186749
86.48430021058196
86.27124419024926
86.65425149534002
85.68361066124625
87.90498920676372
86.8526399843571
87.80098717276812
85.68455288123577
85.637777270473
88.44387170084516
87.12702620671818
86.64067271796732
86.7839778544078
86.59381857149508
88.42759115286613
86.19847783022549
86.15011321425673
88.06740620985104
87.3491253981337
87.1298769385425
85.83782311438787
86.39122607406725
86.87115398160246
85.5039976337887
88.05598369141164
85.81676332174179
87.23086508473197
86.42184425278506
87.2664117464719
86.9976565244491
88.396636717526
86.29955868077317
87.23418518474153
86.20366876426286
85.4471169092044
87.70585232891523
87.18070111551575
87.33241710043616
85.71797212112105
85.82539042090556
86.24993900404718
86.7086169667289
86.99167423498174
88.12855302895667
86.96253657364294
87.58156920900304
85.95119698842977
87.46238604046086
88.10773291940185
87.17985734933043
86.30782167254699
86.41959420607635
87.6081483416646
87.24905038270721
84.78187297094097
87.64548973352107
86.9418112803703
88.13104188440401
86.25822360955068
85.15602283429445
85.18210425031593
84.92797165085119
85.05791283875898
85.90843345364634
87.92937302145714
85.32847209870043
86.00542907138791
86.70901818122789
87.18785840530343
87.93248236167439
86.8510673504344
85.80735085203662
88.1730877749512
87.78631780410922
86.7718065857367
87.16791535862299
87.02151446658699
85.74584131035228
88.70036649776063
87.05195987212531
87.56521953140948
86.92878605903353
88.81125771606138
87.25827361175679
86.7098484387777
88.60282942595359
86.01479828905534
86.41839933361163
85.83004792609188
87.08110667967027
88.68231681828856
86.09040882791653
86.63461867905316
85.6216570271394
86.4090227288503
87.87268406832128
86.00523661464874
84.42581681250519
85.28217691939652
86.18991970325624
85.79375590594006
87.79147736005379
87.16004939903593
87.25716689102292
87.3595230408672
85.94862897085248
86.91704725249832
85.06641464173337
87.49800936241098
86.17960526352628
86.49007999802906
85.79882330424351
85.89210749014526
87.27947787879269
87.0379563211936
86.54140710071636
88.45196374558762
87.80538156166298
86.73575053162585
87.15563604498979
85.67311459155248
87.02297459589902
87.30077884594571
87.92984547476377
87.56717828119332
87.13671250437567
85.52914546678464
85.87945854145791
86.6994122907045
85.98580179574347
85.38805178632329
86.82665714130638
85.87372694282419
88.22012569926254
85.47817896030315
86.49500670857562
86.88440637494257
88.09810922098507
87.05481816249177
85.44228263390096
87.46422560512589
86.48559388769928
86.55277984990033
88.08433747209978
86.29653138028442
87.0914723490084
87.30040649495383
86.32832463738413
86.58708582839506
88.71381911979611
85.48977931084217
86.10543693033046
87.09171850072613
86.49534184371822
86.78520047127171
89.37077606988089
86.45696384653036
85.73718440291668
87.0321190367501
85.23384189539821
85.84961771145362
87.03929461348375
85.72822927897676
87.6706230414303
86.57838392328408
86.78103685413832
88.01010840430544
87.83694641556579
87.36177139280638
86.83710336657457
86.1134509821995
84.88166991510782
87.36487597704236
88.79456161852548
85.93530220709553
86.49970819327947
87.08116439954259
87.80599521979644
86.73617200118908
87.32481995574128
86.10004770281014
86.86103288889294
84.74103162490859
86.53456159604887
86.04609768001475
86.80796533443808
88.48715873103453
87.46552057477464
87.37530543872722
87.83495876236968
86.56096269051638
85.3873196074115
87.82437178763004
86.90964347075305
86.82719162444869
86.85375799847887
87.40544876269269
87.61905019213143
87.50480468532312
86.33500721101082
89.27731383096734
87.30134170233245
85.69550411760348
85.52304830201987
86.41557965499499
87.25759158811722
86.62482264657852
86.31157660169757
87.06779422644509
88.25781482980622
86.10255757312304
86.53999653768379
85.76659032103221
86.34550212925087
85.87484471127094
88.647364752455
87.4314723339009
87.71995701351452
86.95103370980243
86.84592762835804
86.22701839420122
86.00008494887099
86.61521181177235
87.47174552201345
85.84990257543188
86.32959938443675
84.9018948568762
86.41839948737109
87.79894935223236
89.22786971262113
87.26544538096518
88.9409755929757
88.0796156744618
86.24599750268713
86.48431936473231
87.79562568697928
86.34908186789255
86.36004847169039
86.55641573678929
88.74647321920239
86.97750955283806
88.13608199886869
87.90012791715715
86.4565339873483
87.86358286277549
87.57098410091584
87.86406693039334
88.2530053318724
85.97473079540929
88.22870344653671
86.71779348300029
86.06697956363682
87.32501891240041
87.53935432927402
86.89507992585011
85.33312537974807
86.91709353171966
86.80638488023459
88.52583649848444
86.9422568847313
85.21703080946716
86.23788076157005
86.7707196368263
87.14548171898474
86.15274910305769
87.59835249637224
86.28922000484604
87.07738618837762
87.42120726550465
87.43727472887605
87.28507272011322
87.03840051771539
89.29095644289855
87.65827966745319
86.92457835381136
86.2407073232939
85.45180774092151
86.75101853769692
87.15551133300735
87.199230809103
85.81150904513592
85.75402098567574
85.63262814755613
86.34040781220585
84.9108176831475
87.38679866385947
86.27784651803445
86.26736961082486
86.90054984368824
87.29322098887496
87.89698836888894
85.14587167815483
86.1417065977118
86.79595199671839
87.27354998539988
87.56145855278218
86.20044298840232
86.09551384701324
87.08101776984014
86.34557374911893
84.95893051188827
83.93838308254051
84.84710197698047
86.73843730269736
86.11948533184368
85.78313346980036
86.7493775497288
85.05099712067502
88.1500719066763
87.18205306707321
88.45182704726587
84.87601361789048
87.24586020554797
86.09490808733594
87.22851442593914
88.2976525763816
85.99701348861086
85.89456043954308
86.72923612861143
85.82871400143306
88.55893768118293
87.61994912210312
87.5879201561799
88.40909231713714
87.40470302419271
86.27255107574175
86.02694965844758
87.22397821476876
84.6510865062475
87.77320727785762
87.99537575766898
85.92893332093475
87.59642056054135
86.70306938990267
86.1016921175281
87.21256113384554
87.03359722706467
86.11720119628117
88.80138183428815
86.70968778997593
87.72728890078707
88.56336237695658
85.94595233320833
85.87882882112821
87.08352502378455
87.00621590476506
87.83380504742023
87.83419482215525
85.84149590998862
88.17050226047179
86.18028020005113
86.1767083501874
86.42318119152908
86.50710007745205
86.95814108393829
86.62712884615117
86.6705687599945
88.52966804862855
85.8639808640741
88.30065174606607
88.80645794075839
85.8588110504105
84.8632789792357
87.35384363518428
85.23640081389648
85.67981595598512
86.63404385093054
86.91651944558558
87.0232496343757
87.65626018597345
86.82921856050133
88.46969872135008
85.84186083820273
86.4580214963548
87.12266426268778
87.1645328321426
88.23791259377657
85.84866531223639
87.70331235385711
86.54845427040122
86.53307781811277
86.71324538700009
87.72693736565574
85.55713592638779
85.74110661815418
85.76673724717872
86.76102715058506
86.5512248853767
87.90000192561364
86.63814016880724
87.52067932560057
86.30563451771316
85.93077877681097
85.01841300311226
87.01795380050874
86.004928042175
85.85606697092842
87.6950132615304
87.99611574802859
87.85010522325827
86.21088214830552
86.31891378348888
88.9470942788783
87.33192666879597
85.63178040163619
87.11353315633762
87.98841615752784
87.76443277401381
87.20156985308019
87.16321523062553
86.84916196710078
87.21457392882492
86.65829994930948
86.35202847958158
86.9293334558811
88.53683273351687
86.45049461352438
87.56867574938867
87.21541335075958
87.25590408401489
88.16378805459964
86.97248948134924
88.53101578611543
87.62322404869967
86.28319537065796
87.14714827624022
87.3244897861924
86.79652662741762
86.48415046565252
86.38206806480339
87.1823403301149
86.12536546687986
87.88875559448482
84.06213793344807
86.82408230944078
86.28738350538993
86.487511987585
87.72890085201215
89.06353887294492
85.63531789901893
86.46991983974088
86.53114956318194
87.18368278968894
87.97770528976426
86.89655083988792
87.53137144030244
86.76619791463075
86.52663178720904
87.32201250480075
86.56036835257949
85.99111094290323
86.75253442724846
88.57598358057919
86.37724548607953
86.60824218004237
86.14190864834033
88.71261577724403
86.75235056880408
88.07297014380435
87.26643693000659
86.96574680897433
87.81745175333099
87.30895278989954
87.21624176265563
88.55113843522507
88.00351472965426
86.51851953289035
86.80697109760474
86.17310739454862
86.82833983032364
85.68289133951
87.19773269394652
89.0349358406187
87.26195499532379
86.72828047638131
86.43853634573057
87.60314096472474
87.14522673536565
87.19094375482058
87.88744553581111
87.24017362324435
86.8718903809075
87.84007507402639
87.69456591558891
87.75778087419538
87.21852217870432
86.56246751204723
86.37223585160626
87.80122933414901
85.59451940570017
87.56728811927051
88.28384233386083
86.581411696821
86.83840212349001
85.99876831599414
89.05545094856875
87.60687870039494
85.47589729551659
88.01758491129591
87.0518341615276
86.93357322126316
87.37190016669912
86.14361301848295
86.42272575217582
87.56580976036882
86.50924850576502
88.19926906586477
85.29173945420177
85.55919077317826
88.66352559927317
86.90320103416148
85.99087049666036
86.04575523796886
88.61484474267688
87.22734589146603
88.43939429611943
88.21309717299805
87.97637450555656
86.91770459787845
85.18684391689692
86.2661092491272
86.97767620676807
86.71580599587284
87.1534566736917
87.24858656191107
86.05504532630836
87.09715670945056
88.82914325814004
88.56367930348482
87.23158388749914
87.17628758883123
86.91804808138477
85.29530844395738
87.55135933356748
87.61800745004955
87.26584840044184
87.4550825248953
86.70921441985736
85.85105654814716
87.94145037605671
86.58364010310302
86.82020917699028
87.62734299662456
87.31850093582524
84.700861835944
87.88685354040074
87.00517006672767
86.76218962552218
87.63379315010133
88.21312946036699
88.45639500981524
86.87755053743427
86.46029866237075
87.45359448580743
85.40210997285148
86.49230872268055
86.85077196328737
87.35657251977835
87.72213528329965
86.88243637135373
86.77362198152815
86.03003778647192
86.81363044189864
87.41250869761025
87.66310190669532
86.7156519271093
88.90145663766333
87.5047302281713
87.6913596813486
86.70324670474832
86.91364494144803
87.09542218402761
87.15612333591784
88.51174798402113
88.51639526936081
84.61166331749078
87.4966045147014
88.0078047667993
86.80738745317241
87.11492739234637
87.50991924808602
86.20351311291465
88.03033238179164
86.29473545075832
88.73502006814905
86.65053507709686
86.44020263856676
88.21683898692605
85.42447887607999
85.45154059802756
88.20636018811916
86.3319891246426
86.68154699268584
85.07739794136424
87.85429041921164
87.46920426909347
86.62584582587253
86.84392432575721
87.86387486918304
86.31781093157053
87.19279998067898
86.64571975138121
86.70894819425799
87.82599309804522
88.28731065994127
86.4348017008713
87.0187902446696
87.53338309152593
87.43638654390598
87.98071933267069
86.89536587499761
86.648608123612
87.36048351253378
86.10292618770626
85.87965629128705
86.80416844887662
88.03200630474913
87.21795851216774
86.43087834361937
86.23341613298838
87.38207760935411
87.01274594676244
85.63739456500582
88.10327914538158
87.58021337709319
85.68091358928584
86.82334336569674
87.48740263983176
86.0410197077506
85.78137440173117
86.00197714940602
89.36577953134092
87.00256377871727
85.39786066020382
87.58764320591676
84.33947453074451
86.36061474568326
85.47183224864766
85.98569289330915
87.42134620047648
85.4974513337466
87.53255274160941
88.3311016702483
85.81013075871591
86.1496241294702
87.28813488436003
87.1278678751059
85.9340859604326
86.50622896636244
85.5437001127086
86.3362762932209
86.99509195416158
88.2917911155864
87.60186490014519
85.89813160290407
89.61276810065459
87.16765336619737
86.58932648698764
86.9920167143255
86.67503148119337
84.98951008012871
86.13182063626232
86.75147118700691
85.47473240245107
87.75316854601802
88.49160540707413
86.55454608343305
86.06029204476944
85.38791693646672
86.67427880432643
87.14590015792474
86.37015517939109
86.35549079844859
87.91971917903764
87.14841018341524
87.55012654186787
86.33019148677653
87.44012290747658
86.44197935149563
86.87505422928665
86.46451640272089
88.43629567398303
85.37876782261071
86.11296632867351
87.15507849999977
87.41325351915245
88.25581397650612
87.31722700794496
87.42963038292471
87.37537120496133
87.5939144909785
87.63067747525898
86.59238265555602
87.18353405601367
86.62108561023118
86.13466616995693
87.44658073375956
86.38713861880119
84.78416663243196
88.32583088400317
87.27507127208514
86.5740660233043
87.19122296061117
87.85291361615593
87.23707213272938
85.96677335330803
87.05225335957235
86.78444622396631
87.87679807248114
88.55411973503934
87.64548067248552
86.87184798354923
87.01353409476268
85.44353942679395
87.021738034253
86.56756248602292
87.84616420606837
87.25353754892286
87.61546601382302
85.99069418604468
88.15517971964265
88.83905329634253
84.96698072106103
86.19158681758189
87.51626537410785
88.5823075710673
87.50530975281181
86.23946080111627
86.76311252545358
87.52090267155133
87.64037293770878
86.06538578747787
88.8508399762115
86.42061400018514
85.30085587115053
86.89651468710775
86.9964365163618
86.90987235092975
86.68899453110039
86.61244272232071
87.95843892053146
88.42372647858924
85.93191584947122
87.43755319424851
88.5246120558353
87.51125579012017
86.89504213216013
88.00036147073953
87.41489975788802
86.46798889981642
86.58190407650442
86.70145593952918
85.8865170755574
87.91322525486912
85.63208131653118
86.46322473455906
87.84328454622012
85.77856264497849
88.05313427683329
87.09708734495266
86.44006678697012
87.42361185465808
86.98311456042791
86.46372411823776
85.56938712941418
87.17966935352149
86.55816613944043
88.08627374394713
86.09149048541913
86.5648286820891
86.83105792223488
86.12254424496253
87.35647458427991
86.92731159738038
87.62773881644323
87.32233494756618
87.58494918376364
87.21674526674929
85.37305396366908
85.95597781987522
88.33285716393824
86.76180743337072
87.54183748434725
87.30205290819276
87.54059917733602
88.15828512922486
84.42151447416082
87.03811048180785
87.55980586955546
86.06143655449463
86.69674641351295
86.75156935824651
87.05132149378605
88.303010802678
86.56428567409208
88.60889188511293
88.31338539599349
87.38285471171336
86.30322995159254
85.83797937228304
87.76915581868248
86.41095713518938
87.06226066323926
87.41490361825785
88.40040262757117
86.91869907708967
87.88493531287908
84.87242301083931
88.79019160049211
87.81207114095456
86.99289238190566
87.92208408572144
86.35893399744585
86.89813313303844
86.91713231878951
87.20571896910371
85.70680187042205
86.73291306963961
86.35566914869328
85.77354116484895
87.67299594999044
85.90065437642387
86.39331152971894
86.75814536763804
86.86090254942827
86.88390253494171
86.55692792721985
85.45514850196052
87.77957307919934
86.90758538566068
87.57821806758174
88.98155199265874
88.7414769978208
86.9737597385064
86.86978177975404
85.92060969656912
86.59725051478607
87.55151300464308
86.74875667017793
88.60324723435332
86.75794339682949
86.00519480282841
88.01732749323668
85.83026104721958
85.97446015561384
85.70214978964707
86.55228467905562
88.08820292581316
89.02851980096352
87.00370037344581
87.17639768840094
86.04531061045931
87.13021141602553
88.0690127940426
85.5902680255618
86.71391282144019
87.63725860679781
84.47769422142518
87.39780439455289
87.85530469357977
84.90555365672009
86.56139538777087
85.46571807689921
88.42512460421685
87.3038401192764
86.85788442800445
86.79166766400054
88.37232720959315
85.61757793715663
89.6511523801931
85.93237184383024
86.59664556800396
86.17339110274476
87.09206615118043
86.8711151000006
86.50502516938661
86.55605760388312
86.84770901267302
86.61743453209485
87.27060609282717
85.60187805149158
85.76343090203218
86.16742403143175
87.02981099049964
87.54990499377602
86.15999510911169
86.00399286350358
85.39342598110599
88.35072104353233
87.21056785654297
88.04910844312239
85.97671218032207
87.00224528686664
87.33088625565908
86.20824133833855
87.17563093475262
87.36081721979058
86.45401382557804
88.63643928894412
88.19313293596257
87.32533372018466
86.85204600527871
85.22586578711784
87.98033713938673
87.07709610500504
85.8890698190155
87.92621874901266
87.33553217118917
87.84041143168824
87.5291052325394
86.36355961526871
86.17573442985126
87.27763044463218
87.99919404801359
86.56397891306489
88.15441806588649
86.18186169708544
87.60622027785348
88.80929095978594
85.19698728027174
86.92573955266131
85.05812128308281
86.34377978908893
86.06613098279364
88.26956635765445
86.6201956685871
87.15303817954155
88.50687620755522
86.89569537337981
86.08258512256486
86.3251926270366
85.83548879193626
86.05442841446072
86.75221680090108
86.87769273827352
87.35891340500287
87.32280778145739
87.8029674177758
86.91553812934931
86.50574132813473
86.17933383322192
87.50362652316068
86.21922292212975
86.73974639660302
86.0609438076918
88.13935822584646
86.47404547483896
87.0762206103031
87.33632452312784
85.69425623765518
85.75679651238588
87.25651868425983
86.38771931596355
89.75739776151792
86.56468138017958
87.01693464059356
86.44196910811227
87.32432091834714
86.72514379307216
84.90973624865954
86.90654309462943
86.23597176219532
86.33244683457956
87.17244454746596
86.01541405474887
86.0010361021555
86.9353248254946
87.32515013547878
89.11758533087946
88.65359534627494
87.5209061794684
87.58837881017708
85.7205760176036
86.79952303826882
87.02413216036969
87.96095606343741
86.86794064413728
86.78810726164674
87.54793442026838
87.07178553550727
87.89768050163033
86.682286948476
85.90701349676988
85.17042018303084
87.39459521043608
88.1184576188443
86.82173426644363
86.6598108365249
85.63387330622244
87.69154898215695
88.36657195246241
86.98799716303337
87.41601327590939
86.55545195430079
87.83263960243086
87.02763747672226
85.7080632120478
89.04867707470257
87.00502415655502
85.26916302475509
88.86225047617073
86.3339061399521
85.2589833739422
87.01006262669584
87.059417549147
86.34642661151766
86.89769740196124
85.85987082515992
87.45996179117738
87.20255137565644
87.75155808726743
87.75277303195897
86.04260417712818
87.40227938638454
87.16308171290002
87.5334043130396
85.92837078817124
86.12455458643288
87.71751581688942
88.48185370800037
84.9201530037167
86.1565569355526
87.53752610214381
87.3528780447828
87.91038507414025
88.24439405043371
88.78696474146211
88.13147281846395
86.8319549237301
86.93505729429184
86.3124747480706
85.57013556493474
84.62518649456148
86.42382781339089
86.70536278121116
87.68281736914258
86.21103849019505
88.78773723834605
86.1026775636383
87.13983015285328
86.77377658862065
83.68264267963798
87.06253567436954
84.53002660169838
85.18491789994965
87.26956139886452
86.57280757207909
86.56977057405149
86.86207311870454
86.6272031928209
85.70260189043005
87.85876532141556
85.53850173227453
87.81594050544662
87.52057917447047
87.07651157641854
86.92087389179031
85.84409206896513
86.10431206972845
86.89500277317525
85.82945191830126
86.16706627513923
87.23044717092102
88.4887406585509
86.37122758239302
86.37546805088185
86.95778227576496
87.82865648704434
86.4102211217032
85.56003342308104
85.77743749940787
87.67189198336774
86.9426753893923
87.67041954229035
86.577307130497
87.08882561575427
86.11131557296743
86.04634479968284
86.39260387274754
86.46603636621057
86.99342251397123
86.71882017225737
86.46308769637731
87.71711516400298
86.87217734312308
87.87411153975984
87.18489141501878
87.44070121365088
89.06969760250351
86.44987154125253
85.9439980972211
85.9742015460821
86.60515462524826
86.73364540785859
87.81991957511175
86.46635571182117
87.67171310553748
87.02484013943996
87.64649998520174
87.09839091046402
86.24608090729039
86.68055329793387
86.92342883983612
87.51370955184699
87.3586797825858
87.28523772618588
86.2129226931383
84.6467348840353
85.35737840488643
85.07446366537815
87.16101016299612
86.66903280300961
86.9005980020409
86.97607246166942
85.99913084018674
86.2388265103597
87.66865365310886
86.92728906273543
85.85057798632987
87.08633797327434
86.57245135959187
86.6236236841557
86.75198548045044
86.58252891347288
87.32100716227964
86.7594836834227
85.72693592594838
88.22190530877116
87.68300187063556
86.10597666588622
85.75310915192482
87.01709847961634
87.7685052226083
86.92160738765905
86.00845991856161
86.89428477370254
86.95461431287913
84.51468157457315
87.19653782672498
87.7007142138975
88.24108010807629
87.4727975663461
87.38223079588118
85.86537866330244
87.1299415036226
87.65848438449653
86.52593921424773
87.54342918285533
86.89405192081931
87.25548956887286
86.84768683126954
87.22251911411837
87.98927331703692
87.09081515730233
87.99233151516269
87.35373246147908
85.8745983762093
85.82250056436462
85.41085316963546
87.81986642138389
87.39327327896976
89.00095501869068
86.2670529310378
86.49033844277378
87.15814332998556
87.22212953934321
87.07812813229344
87.5808886262292
86.41345978283027
87.59133640957229
87.16620727630203
87.87901893658592
84.89348295217644
88.42759777783466
87.33943194826665
88.44178188793808
86.89203710594015
87.7599703170772
85.29931840274315
86.49952467852997
85.60135413280409
87.25882560488972
85.27058723014238
87.0902474671596
86.60899598350696
88.62953557499499
87.38139296898359
87.23691138306586
87.5325235677981
87.68223734926998
86.43521474955222
87.0673497163113
87.36093066286227
87.62125108180317
86.97604027751683
85.85391550454139
86.00495467133149
86.7436635975378
85.92699577413956
86.67776567125009
87.30466368121665
86.66921720474578
86.50015746850418
87.91508987601179
85.70712331720286
86.69799409349834
86.24472809204309
86.6263395126451
86.53382386797954
87.4153432659513
88.35621901275951
87.65025152260937
85.9975620089393
87.37543105474214
86.5890358197604
86.98162344188479
87.2337750558421
88.53799971523469
86.15227791491846
86.59644150529824
87.58155345094347
86.91261831742997
88.09755265894574
86.88580835231289
87.34755742162618
86.30199020274692
88.64668468938159
86.57317393012126
85.92528544629764
86.37390130782309
87.12696968823246
86.5086697571493
87.14546955276725
87.9458248859722
86.87897097970531
86.91958510005482
86.04457400398412
88.08591691944574
86.40798923462793
86.17363436999356
86.02223685435581
85.67440243538387
86.72666691855926
87.4392347944172
86.36174481172253
86.50798882857796
86.82261339592111
87.19486238772707
87.25938834767497
87.13450619724786
89.00421356000584
87.3637877428804
86.83673150964094
86.711349000458
86.72314137489839
86.14247145231789
86.39099609049681
87.77403720578869
88.27617053078998
86.92684489455236
86.59447958467102
86.88910236354647
86.12325535387178
86.34086493971014
87.05863757219676
86.896167803475
87.27787010484751
87.82262313781841
87.54320585676643
86.15180873534644
86.88387907772105
86.89768505026281
86.4696006359959
86.71704658752911
87.74960888903944
86.1758017289401
87.46282187529103
86.61404184077469
87.0470787149454
88.10576597403511
87.46723659673147
86.52176407996247
88.0132645222611
88.167253527634
85.80724077439432
87.09262206861096
87.32508754569339
88.28929666801139
87.15112617801991
87.35516803290442
87.45603499451785
84.29713721007147
85.75758368161272
87.04784409963952
87.15812661582304
86.89850171838215
87.11173000307075
86.00632664113017
86.43758664975816
86.6371463759845
87.20278336732805
86.83667941514096
86.58708352200627
87.6471261296424
87.13561869907791
86.28978151220797
86.58989367126176
87.7095610939024
86.5214675541713
87.24314673856041
86.0183563289854
86.04391109548553
86.47346451476395
87.14199545733568
87.71106980613192
86.958747501033
88.03462204926218
86.02786298252926
88.60749939732304
86.31595788778331
87.25422157987299
86.45276830364304
87.7292289204269
86.23823638278364
86.17833492396994
87.91167598382701
87.12535692473433
86.84326909238372
86.68581994244873
85.74186469671707
87.55660825557167
86.69377365816815
87.48673498431889
86.7368875883925
87.8157891836167
86.70808485856374
88.31398348922362
86.74611208943534
87.06538929925534
88.28447616206076
87.15589149134343
85.94597343269015
88.24007372495836
86.41892971102217
86.27742984437013
86.90459380961094
87.6258772735947
87.33038110156915
88.06037206772314
88.73462076824212
87.25040168806116
87.20256440827774
88.39456063833825
86.73185038038932
85.76725786038588
87.7325536728294
87.54302845288349
87.21213820623579
86.58415005686449
85.77121017391724
86.29162247502049
86.53818589809771
87.83187674450753
88.40322113233752
87.43966560619769
87.73101604993106
87.13639247943038
87.88697670670376
88.68183404176526
87.18541730356476
88.77867220890322
85.51868031472908
88.01200491812193
86.7331325539726
85.88887753866001
87.29985072422025
87.36249521884878
85.83688535420853
85.87377341042635
85.92656997696992
86.2617488959624
86.33374515532468
87.27799383107433
87.83641176144504
85.78704739662538
86.81592635280755
86.44772118983042
87.2074367266521
85.08583847061199
86.95361709775112
87.15884313953353
86.62129620908208
85.48439918096989
86.28748455164356
87.54974364327815
86.30438861859953
86.67825793084452
86.8505235829631
87.42023305454241
87.53995524135767
86.12659051639608
87.66047659671742
86.51454161603618
88.71174420184558
86.1990790515841
88.94653720424013
87.65775236412198
85.93608982532976
86.41385447791917
87.18845408446684
88.76853325695248
87.8076055186869
89.15997911685378
86.96853465239442
87.13321287399197
87.41798547767497
85.19595035791096
87.14978529005053
85.84466650166974
85.84172301755888
87.67521245044041
85.74699508878035
86.5006530246943
86.37295413660779
86.9331822142544
89.24228550970065
88.03374716262076
87.43220786227877
85.88719987507527
86.21481020715557
86.8235078540336
87.7904731967919
86.53190186085007
85.48275759334776
86.62503149627273
87.68234864702377
87.91815171881828
87.14999927177625
86.09039280493413
87.84426909138242
85.73007592902346
85.98484926434492
88.26159461451377
87.88745305622791
85.62273096981188
86.64284217032392
85.60157727434535
86.85048714592395
84.38075952343465
87.23264606617616
86.74420898206847
86.89089247576426
87.68412827516113
86.96897413292017
85.9859420498491
86.20800088200436
86.86887349155438
86.07746712621366
85.79751852063616
86.73202747352532
86.13828850060986
87.14652737194466
88.21567438803113
85.6928996328623
86.61850731979493
87.08127089605213
86.83720584708928
87.7406403693627
86.96519051402014
87.4051425189869
84.29014503699612
87.54181662258372
88.40766235191855
87.68947633569987
88.4743541894667
87.23728211782259
87.61578629748529
86.92524022896396
89.17267901514285
87.7434993540431
86.93112813189693
88.3725434130548
86.940815098293
86.26473595461617
86.6109000274127
87.02402446064966
87.8417644946435
87.59192277297807
87.3645660897476
85.52770336614232
86.73082952034444
86.53319681877355
88.46351662605663
87.82589620162733
86.59217744349952
86.57902287277595
88.9941309913077
86.83414119796937
85.73464568395875
86.36702873744775
85.98562602965977
86.91878095353658
86.58471499281978
86.95788102486698
87.25227695470603
88.72386796091524
86.37001949322088
86.6879264284602
85.91125971405154
87.9273052475415
85.55030943131202
87.5782248502641
86.827163742858
85.72558166109049
87.07414668175214
86.88163090296497
86.71365070132477
86.85268324933358
86.49363319568384
86.00757966915177
86.58688833180842
87.55983498087154
86.93641618135678
86.7930558195354
87.41490916172721
86.88710625681921
87.49541957814911
87.26424987972459
86.79340743723938
86.37781491730168
88.15419496921132
88.61014547243488
