86.90389961158414
87.93224992673069
87.57946134946768
87.98261097930126
86.35291061901417
84.94619340290693
86.99349737819914
87.13248330885847
86.91471532371739
87.3874513346677
86.91043757523472
88.12910570446724
87.65965682010868
87.37543941164046
86.134329422864
85.88616246291812
86.1150366060921
87.31876723106818
87.04923536380849
85.62385765757443
87.80041027703331
86.1762366903373
86.06723276532402
87.48585444832227
85.49181123355991
87.0160544213657
87.94277818730453
87.30714721466377
86.87665071020459
87.65352946176908
86.69980609616105
86.71544190037027
87.08364397308847
86.14244874162921
87.58246530235897
86.36758025573462
87.54560262865813
87.88140216869229
88.19834548257143
87.27617889052132
87.15790708015813
87.52012679454059
85.7746104914487
87.91037561163316
87.56626121017406
86.81560791863471
88.40221796613153
86.10583296504748
85.95172488769802
86.84054783868021
84.89309714163437
86.0689928385762
88.28635789520008
86.35307362286855
87.36538081703196
86.86641599632172
86.3157490479541
86.21320633047667
86.79128438954393
87.26463627605348
87.72505775128216
86.99520540172172
86.32154721067964
88.10940426660099
86.35858021747111
89.11884314510822
84.92953041864156
86.66242811485878
85.76338258597039
86.60945808965016
87.08581467481808
86.92905824081922
87.57464634323561
87.56243596609907
85.98866868189948
86.59111535538801
85.95633466594634
86.58359090360932
86.91775306544157
87.55146969346117
88.05162340385829
87.16400629354582
88.00278513771148
87.87357366827818
86.87695641229556
87.59262695643382
86.19042780904525
86.29035567811627
87.29431974519679
87.05344680831611
86.30327571226505
87.35925423731916
85.91026983549737
87.82994550122577
87.03278715671397
87.17354956317826
87.60712334838058
87.48459264412726
86.18258098558455
87.5182886371665
86.83338307616798
85.9368311934309
87.53352084588117
86.86163866500341
87.331293678079
86.38595566053267
86.38741463529634
87.0587833426837
88.38491732687727
87.78175969549885
85.46179223880877
87.91720703809932
86.22610865762877
87.65504559733012
86.88373626025842
86.05494748105312
88.43031359897783
87.07746676786971
86.19041592019536
86.00037353210274
87.9342246475399
86.7366569134527
87.5418151711883
86.00944325082361
87.56042376916879
87.74020999574903
87.44196618756999
86.2529129979198
86.71215648576054
87.51204109652963
86.41644811296956
87.95768597468016
86.49998215436045
86.26000426552193
85.7924656029244
87.1698874604181
86.57187518672015
85.88428242672613
88.66019014743287
86.73991725080943
88.34702086159574
85.36524203705103
85.62870188198258
86.9545005322154
86.65221543569406
86.85842994135564
87.92758598196022
86.12312212035417
87.31010133435848
85.6986176104627
88.04099907641437
89.11435700396997
86.55082412542906
86.80754142875433
86.1414827040883
87.67274711818189
88.55834560435108
88.00829491722877
87.84649635982217
86.22705736291417
87.51596567043806
86.75659068844881
87.4178772809543
87.75135840459536
85.23987838844212
86.09445800731588
86.65557200171753
87.65987628606906
86.58368168857008
87.29980199148552
86.65225954368364
85.54803285573847
87.33223081497935
85.90572496488248
88.04448899186364
88.27236579452243
87.76045253093427
87.75889117651379
87.55666565201574
87.32355353953933
87.51538621009428
86.54101624625756
87.12559046547443
86.96810890478555
87.43122549143229
88.423349202442
89.0253937322827
86.64041320266674
88.22374873114661
88.93546242001052
85.37192129458435
87.15839926045489
86.7756718077177
85.82136776549025
87.92640273649117
86.86031949345396
86.40993489818315
87.35335665688451
86.26761877794954
85.74013206116854
85.86012950594471
87.10633232042304
85.75796600777441
88.82481806075882
85.65546456562701
85.7126194266842
85.7528807622728
85.14037622948995
88.12800769663207
86.760624097731
87.99435740135337
86.60747199131406
87.30500649114319
88.08382465769877
85.33365407441623
86.01558562496648
87.1226536277248
86.51637034865232
86.43973214039552
87.86408181920922
90.53702521186956
86.86761918697835
87.46457174060211
85.77221931486041
85.76321012079299
88.02406650513942
86.67011506460005
87.4726515240894
86.03071836546746
88.13079943022328
86.87004600731493
87.1548792743058
87.66895469946428
86.6835657331886
86.68000718491038
86.37088771893985
86.25557042595824
85.66860824888063
87.26311623685126
85.95640931348017
86.58990957488854
87.71088013810561
86.93155221378994
87.47980128861047
87.47876516861648
85.68482734511808
86.77005590414363
84.9240799794295
86.23246528010907
88.90264258655036
85.23625630612945
87.40762245991891
87.38955242741471
88.2013317623506
85.32258037384614
86.67715084540437
86.80375115631932
87.69266993692223
86.77326298473355
88.14247938502918
87.42993853183994
87.72905768609395
88.22294319063522
88.34933117576671
85.83131713405433
85.99667631897407
84.96123051071392
87.6365521648937
86.75810500501638
87.10238968811804
88.15075633660314
87.0942105887901
88.18069922095948
89.1156487767546
89.10611045081643
86.68948875780728
86.40025221291228
85.7596497704069
86.42685250552132
87.14615907526135
86.85976911560691
88.07651211650962
89.23165380496476
86.70369149178006
87.77009493547725
85.7215276945107
85.45616976106567
85.41087693641897
86.46101307944991
85.90253671615645
87.74576728371234
85.79440712498895
87.04186118367176
87.63561026281904
86.07315961540688
84.79152096837966
85.58770590623529
86.55641355162572
88.1691787844797
87.06197300064302
87.18161652574985
87.55443824417043
85.85167758115198
86.7090556457099
86.32495364575645
88.20761686917574
87.01130477572602
88.08376849379911
85.8862819924971
85.98797037630837
86.9275901927657
86.89773659909395
87.73737626237056
87.83881012398032
87.52932607276101
87.1357402167986
86.50542134800988
86.94502786748907
86.5483219890929
87.45687776344278
87.44594639553331
86.87415667810616
86.90794322265624
87.6478494822924
87.03490422198875
86.86977215521014
87.24625389922095
86.9318133908198
88.25952029232718
88.55263918032949
86.35770256411593
87.63777116893807
86.40421901139536
88.2571396183538
85.921946669908
86.24302979211437
86.64578643516516
86.64125091751639
85.12675132623326
86.8054164389572
86.46216836967915
88.10702212983306
87.14911916764962
86.71705600354748
85.27120459485512
85.24133549653789
85.34982020583097
87.30054990780579
86.58140303891939
85.1375194272257
87.53976774363623
87.05236130858957
86.9969723011315
87.41085057133175
86.66830041145731
86.46220917440675
89.48705448248668
88.5849402720556
86.6095470974263
87.08542040491744
87.1342175235302
86.9682072937601
88.38798102980671
87.95107645889736
87.50648547868181
86.94883962188736
86.73227003986307
85.78374848230268
85.922504071289
85.76359032614403
87.40197067134666
86.74264920175445
87.58314823279973
87.18662202745455
85.9884581901177
86.4650201914859
86.42423110699609
87.81374019350349
87.51906749221277
86.06796742608991
87.12705828018147
86.18223259216451
86.09639273479361
86.64981936781992
86.67665063188937
86.68120522944209
87.78502092088273
86.51337022276823
87.68897148412782
87.35273744965833
87.40067496796799
84.85513964272562
86.32047316193686
87.45253630399849
86.88915306268838
87.40127586598338
86.14211271820655
88.11091809622111
88.058394331202
86.24899041278069
85.67088833153417
87.37506112592177
87.66066866956632
88.0422701722988
87.5166439296179
87.43522124813416
88.12712643863048
86.79315838247386
87.93457423438431
86.24168695613062
86.75809118852207
86.72477746023708
87.09481413980409
84.27264561388543
86.62996304153343
86.15091181772917
86.9818736456917
87.4223515563162
88.28509319367407
86.17709324088992
85.81113860899177
88.5971796488115
87.25889942200591
88.70681324592258
86.58484880611395
88.17094537280519
86.59354744778445
87.33647185920297
86.01534524836293
86.55790287393002
87.95349977967248
86.5965080139363
87.73645115856377
86.70568307890335
86.45060472527284
87.4016110225927
86.5273322433777
87.88717175354381
87.27333301588514
87.1738382429467
86.54629008228655
87.3728289713859
86.69089709014231
85.59507229846726
86.33211413805151
87.51687516923148
87.6496678011053
88.64316034855992
85.36306827277723
89.18359591592629
85.58501493024329
87.79969195894023
86.24854910227768
87.10960079306432
88.45998702685262
87.48312730789736
88.74019526641445
87.77856278637562
87.16501493292476
85.33991054545356
84.341930210394
86.73327601047755
87.87409595985828
87.79854703404432
86.37143415906256
86.623889151372
86.87651203704709
87.77246962984276
87.4171193739353
85.49050325647069
88.20577032846207
86.76374403965998
86.82441038976464
86.8511292905835
88.40395414448972
86.04232385610922
85.53571079750445
86.76539035533082
87.4813211415166
87.08258702267271
86.96615234273979
86.0307587209559
86.62100431129763
87.68043024488561
86.91165106765558
86.27785810724056
87.87806924968235
86.55733215124376
88.1499688707617
85.47579859330298
87.9341839508685
88.01277589202185
85.66865589143929
87.23323343475316
86.4067399795166
87.48159039188678
86.99345736525744
86.64761921016742
87.33466584430202
85.86601990629008
87.06879864524751
86.09254220761144
87.55060068030282
88.06194989511715
87.79744601639877
87.84979623589851
86.57171442135551
87.17582710162863
86.37133998041243
85.29959076249749
87.11815185586282
86.39488503374669
86.59005141974005
85.42915901712914
87.33317484663083
86.32025728009816
87.15566077250757
86.5501647130046
87.1605977903214
87.11157828697885
86.09817106144206
88.53004084283317
87.86322551153896
87.66243751687995
87.22699078640103
85.46291928376179
86.00778915949431
86.99087810023823
87.34437975598486
87.30693164996636
87.89027442092298
88.8648684402974
86.77922551173954
86.8572939477663
85.89141370036998
84.95805377109333
86.4943363064798
87.64278726996692
85.8551627452377
86.54378661420995
86.92474291440446
88.1227470587617
87.11656973436978
85.52010857074958
87.04982284139798
86.8059442040077
87.27563837299103
85.02055620433289
87.98987805752803
87.02523837446907
87.29711766345307
85.13132678942948
86.54360145224204
87.44320314724631
87.84820177154793
87.35162751101407
88.35398845983774
86.57556974712107
87.192482682958
87.37338613272519
86.9985739601231
87.39075757035246
85.95663074647715
86.3178668578165
88.20332299861023
87.60724121448722
87.34426710730699
86.55209191347481
86.21708511479073
86.72113885263816
87.18330028924728
86.94480003637801
87.60527081089846
86.67547393677496
87.23237535026723
86.73416639791841
88.73844311426252
87.52813505693872
86.70630182378453
87.09622249323952
87.45987212603403
86.15053669914214
85.2857131264493
86.42372176274095
87.16359901290255
86.06840444564776
89.73174159826347
87.35712211904159
87.35172826268837
86.88989161711592
86.44422839337858
88.38509150067293
87.73088013895074
85.42717383657799
87.01689044334063
86.42538598197976
87.54663830968133
86.56939167583056
86.98021241376877
86.4945196894573
86.39972543145754
88.4307555448766
88.0185124651629
88.08727021053419
86.79793068273969
87.91076338409691
87.97391953344993
87.16945230196065
87.84883026626646
87.75040821838019
86.45640385655632
85.68330219196365
87.10373104940959
88.397689598097
85.66894732617651
86.27076714720188
84.97194898644565
85.55477937639074
87.15555948589969
86.65385986031694
86.7393252126771
86.29277236283718
87.96102257095198
86.74206514441205
86.15900853369504
86.94365851592045
85.94176015423024
87.12454676151411
87.47980021726192
85.99947414895622
87.50263175032048
86.41074575227921
86.88983645086967
86.79854843219263
87.95047206760643
86.98407008954179
87.60654563263122
85.77705101764728
88.28750125487885
84.8085429508401
87.04347020659465
86.22712843292241
87.64147244644415
86.37769547384234
86.96905304215518
85.49366813314407
85.52815133319233
86.66347193111365
87.30825235942628
87.02796072251685
86.36896348834617
88.71527475546148
85.88020009664825
86.96757127755754
87.20015614322467
87.2840622752744
86.76780912176629
87.29209840062424
85.57021149220435
87.28818595613488
86.8577681976313
87.60381627803986
86.26239559379022
85.98144872624073
87.12079674289049
87.42372362997118
86.21403713872705
87.92816675643502
85.15427901017759
86.7014814014951
88.9285687803305
86.73378232046505
87.37048099673446
86.92648500713254
88.03762895947754
86.82693802980268
87.8610451189254
86.43276881999313
87.1415909570742
86.85014931965826
88.29777365381369
84.35482141954336
86.35855515101306
87.40529344717412
86.47272033619947
86.98524333522063
87.22489583195939
86.87082756082883
86.16900800670946
86.72485939700591
87.31732485872071
85.63886543999514
87.12485547515904
87.46325296892404
87.06992496611309
86.6104694425002
86.33383718595283
86.60391905945565
86.39780630428461
88.33428995510253
86.57229683387136
87.53709986540196
87.35070561968173
86.70938556522127
88.47268871971715
87.54438280597421
87.34264664113958
86.03526297453288
85.50140499440514
87.11552436281526
86.508323982813
87.5890202361891
88.23193486867856
87.6964878714592
86.47250743130724
86.30365063562624
86.32361669889379
86.3466981232522
87.39854750981222
84.5448858912715
85.39784906561052
86.63179946939023
86.95036212226219
86.60199046686851
87.09373049965575
86.96907045018989
86.46249000087047
86.43963721780145
86.97503601204528
86.9336629836262
86.83596017615534
87.00325283343935
86.29711417904348
86.59983764755283
88.48628898301507
85.17129906462597
87.0905323296133
86.78941266267806
86.32554904258754
87.0039587796475
87.78456620975162
86.46220201143015
85.03120092776716
86.05408078727994
85.81605591153411
86.44399308145371
88.21352801440759
86.86141184027261
86.47993282346955
85.60564747145077
87.57798163708576
85.97027132750831
85.91808162988445
86.50674006287618
87.10563939414003
87.2428840597999
86.74774319370611
87.62830636804635
86.56352262880526
85.71094254341233
85.60883612060904
86.23033955927036
85.21159646042386
87.20037934911309
86.35567934312691
87.21791280420771
88.32740262937166
86.02905881507341
87.2202937273258
87.26763999382014
85.24946986313981
87.11387579869226
87.35999647263091
86.20835286505654
86.1875098672075
86.47526202554707
87.6099176515156
87.73570526536932
86.92111990232532
87.65720149043707
86.77275477105992
87.51330015916596
87.22939710671601
86.09804418378637
86.8610165486088
87.97889347604546
87.75350136527038
87.03111944499493
86.88138220524529
86.27157992954515
87.95410726394758
88.06462785608068
86.02445281695984
88.66470653061364
87.17616819912372
86.8370253498301
86.68195215540105
85.17057045472149
86.99033920280965
84.73297029621436
86.14848387442343
85.2837472887982
88.79349459369384
87.38354096570062
87.32587512396559
85.5197094084085
86.64655770938191
88.30071043833051
87.23857767383137
87.13835117485189
88.08257934551604
87.03945223860617
87.21178377932816
86.84521518923546
86.03210794612386
87.35017803632203
87.33039337821448
86.83955752674976
86.91070807415768
88.24556340596801
86.92350308536105
87.48411505163925
85.34277301210635
87.74709284608512
87.15919777524039
87.55393096748938
86.06725967556852
86.29763215109215
87.05898734953882
87.8571879679696
87.05307828281529
86.75456433977944
87.53537960197038
86.05982726910042
85.8046184731774
86.50072002248518
84.86563543577039
87.56506881295579
86.81910875865414
86.05399318770475
85.32900876286874
86.40017851478382
86.03469609195022
86.53193297844903
86.91519965146293
85.79046771229407
87.62300633640494
87.62869197574771
87.19410807730124
87.83247515528015
87.92086453065824
87.68643915440063
87.34986950332551
86.67286935215932
86.31469607857834
87.50230707143804
86.48036558112541
86.72084138190613
88.48911365406506
86.36440876677787
85.18825907513923
87.90175742923275
87.40577652291127
85.96713501428968
87.82906271424943
85.40439092395627
87.29734245367902
87.51095328699853
88.05115621521335
85.36203042457392
87.9502026478065
88.53601372485387
85.4022075750791
86.66511031670115
87.18035662816723
85.94090736183958
86.68627422905361
87.83884939451629
86.9337197437147
84.96839453152484
87.66593476645393
86.77162091463352
87.6766155004117
86.85245781471934
85.05803821284839
88.49197390732921
86.54852642718947
87.53702776198199
86.32989878214934
86.01175109412132
86.49284435083185
85.48916772147044
87.14616034200023
87.03047784710259
86.26643283003872
88.5485053056366
87.66828677096368
86.67288364679453
88.04328655179606
86.00055612297034
87.93724139586439
87.78103627841384
87.58370038332164
88.13597147222941
86.4851652029123
85.80847764183078
84.97718393502971
86.86951332609856
86.17845154558368
87.3378199518703
87.10348516452586
84.69303460639956
84.48746355126768
87.50024247184064
88.47969216447055
86.58376501794724
87.24191845057227
86.43485044213851
87.54165011705146
86.94650236486821
87.13399548411466
85.78999756901278
86.73626888688821
86.52220156739016
85.76961632143083
87.01976117098431
88.85850762172768
85.75969216279609
87.43007614938502
88.34604785499064
86.57150814443995
88.0712726207218
87.2166027430876
87.92991696880587
85.99251796571838
86.1185725607256
86.96347535311553
86.51241241579396
85.56190925847112
88.10808993692002
86.13573079190249
86.64737593835297
87.658803901247
86.87346470157242
86.22289473597417
88.85498376073836
89.01445062546783
87.55424242356212
87.55058649368341
84.7789361080422
86.28549873208922
86.14642833606064
88.87580246727876
88.46916189922075
86.75362537523726
88.46489731803915
87.08582784755153
87.07659468284277
85.28602978364039
87.61061971959634
86.55963118138051
85.71851154958317
87.51275297766107
87.42229588914505
86.8194668926031
87.32441965125096
87.11657281902866
88.62735442814056
86.21037270914364
87.72948993824198
85.29871110288157
87.04500327866694
88.41113114900719
84.61867239189854
87.39799409650175
86.58958314065774
87.4779569813403
86.18237644678749
86.88963287047056
88.32502224978215
86.65973436971657
86.94023950508802
86.81216142056265
86.90348114232565
87.66732090495796
86.89161000511992
86.96992798801746
85.54398903143776
87.88438106554341
87.67044235433828
85.53729670346866
86.8318191843154
87.15527361096701
86.40676482387383
87.58013686651998
87.73191933116702
86.12696020483004
87.4823758314279
86.858224858255
87.6180614689816
87.44833553292179
87.8047523506319
84.99403258572478
85.39445985815604
85.75045943065378
87.1408187149569
88.82049267294053
87.24705976401741
87.17853283952786
85.12727954271415
87.44018096210787
86.26292511687468
88.10026518612732
86.23612812264071
87.98497514400707
86.59997854498188
86.59703294173995
86.85151294679957
86.39543050118938
86.70631659829222
87.30993148846699
88.09591960053828
86.71202547729308
87.07973089415914
88.00265381467395
85.3866961060117
84.68007436891212
87.63727767920523
86.98315677068871
88.91623121247191
87.45834282369746
87.24164568490087
86.79774111451222
86.35072088651246
88.30531841579504
87.68107426709865
86.3582562138307
87.03556030561612
89.83552355125829
87.19322502336438
87.11074670347695
87.53708858153432
86.78721894773653
86.31424353914767
86.58182855463217
86.72759031454733
86.74757690966243
86.44017391202325
86.48795049615038
87.59826905908321
88.1268736008098
86.13064807857414
86.97155482231229
88.35300053066659
86.01473740730744
86.6291787149898
85.97671710326773
87.79266662990207
86.18149424895466
87.25659931058311
86.7192603168802
86.90591522654199
87.25589617387737
86.93181052429311
88.73327826816202
86.97215958224272
87.64055823807702
87.72914856570397
87.46165915701545
86.63778998876678
85.68642425420185
87.30628014869666
85.61095643084644
87.48919538512061
84.59798971918892
86.61388509121
86.94050031068974
85.48775371102441
87.69268269274326
85.86418047037529
85.27509034569255
86.8199041028028
86.76098268954678
87.56817796769064
86.56466892384346
86.78676939524168
89.12094630740394
86.35425261184928
87.05779769924557
87.02477808474528
87.35410761074677
85.3500319401974
85.43504799517797
88.26251815742577
87.18553840193309
87.32466338252136
86.68315317976081
86.86114432998632
85.64698088578413
86.3534691663937
85.7999476827223
87.09530614413083
86.99003056223285
88.09650643445951
87.60814491335478
85.95225513564215
86.4446892365188
87.32058683801344
86.61648872542617
86.5011301811513
86.49209946157022
87.10748388032026
87.99955295251071
84.94919889348341
88.02453085762772
86.18360468921257
85.44683331043214
88.0012101398864
88.48239016371606
85.38039548560181
86.22188350057789
89.00582699597547
86.52657497624865
87.04320950315
87.22955859184864
87.56961758132246
85.45412586362193
86.6649474812406
87.61974302568426
86.23576519475787
86.31606182332843
87.48853703246819
86.82401564539204
86.41633664757603
87.5639656603892
86.72737596439835
85.374785300277
85.30945236051447
86.81967573998176
87.23027344259025
85.23442962743748
85.07339541970791
88.60580403471384
86.41812781158687
87.23624832538495
86.22849110208837
88.14070176155911
84.69877049217182
87.34783359759285
87.8099594695606
86.83198505147747
85.27844947094626
86.07184698239593
85.17416359176055
86.83211326032301
87.23142291632101
86.53028700399544
87.03450384822983
85.34130095960556
88.06270354851105
87.40475034612444
85.76798434029702
87.98283481248805
86.94172048416472
87.46330140472848
86.41465522438729
85.5367931313496
86.44408998957759
85.006657214331
86.23859974113107
86.46384300273725
86.99686005620158
87.90924794457736
85.27787318509148
86.89039112206301
86.50229078083635
85.90172349395998
87.00085946976616
88.88297479276079
86.77080421927178
85.94237750633812
87.127614618024
87.21411854399106
86.38766480826891
85.57591568085735
86.65121669061783
88.20405290522739
86.47050441113213
87.52244867399511
86.41739705828219
88.72376653444152
85.40940888934286
87.04040950603323
86.61860415084877
85.68051457620197
86.84200962044058
86.03326626721639
86.08534511016576
87.68668037111865
86.5989427817876
88.44591033760732
86.56564370754158
86.87688722989978
87.7509135398347
87.26684030615823
85.80931041399053
85.82105439292043
86.89888849998383
87.26225427101059
86.06009375540107
87.40139650548014
85.74771816874964
87.1562005468068
85.03428884554017
86.13617176135472
87.3879583367439
87.81916164412178
86.3575615474776
87.38865835004604
86.47500048614236
87.50343203151155
86.73007312873645
86.14610493558607
85.16176031501142
86.06452263448354
86.71878768200682
86.87631201201044
88.6654607563511
87.8105708165307
85.68889111143665
87.22992701666098
87.86368102788086
86.17165947049857
86.83081579450226
87.42818014540381
86.20860045144687
86.34147759061791
85.91871996595238
87.36068954102139
84.85945448815816
87.03483017999669
87.61178199735387
86.6615231064397
86.91488496957567
86.5104968784582
86.29964446466867
87.510889451721
87.8025707263821
87.6470763852073
85.09952279782568
86.43298259401263
87.0743435785163
87.03332380045615
87.6293400149388
85.68747422650655
88.83531922652023
86.96393080800692
86.03093337588624
86.81686886210213
87.41614724357134
85.79956722000892
87.16034291132726
86.53777205501771
86.6561174239505
86.81058852127862
87.2598293065345
86.558618953917
85.73901007719266
87.12811392112309
87.42632145850907
87.35516120322457
86.74831003497435
86.28454281733424
85.58186666981796
85.96532832956913
85.3432004991353
87.16260820005625
87.052497185577
86.44666714547778
86.52229572557094
86.93460759317337
87.84915689001187
86.40678066366793
86.98362823042001
86.94798735937636
86.87018152118748
86.66162027799258
87.94240204349535
86.45569995591342
86.21393567856126
87.63152797788263
87.0944773990801
87.2238171169517
85.43354849752747
86.2877537770702
86.85892334406208
86.4482251122814
87.05944004364166
86.80364862587949
86.55677822099273
87.18765483133669
86.3284351439265
89.04296502611778
86.83852373200322
86.69676463664187
86.73245289345759
86.46416221850062
84.10210558448034
87.6710020417851
86.23764359874004
87.21449561745747
88.03551571775596
87.7347199699984
87.18754461248827
86.44775129723355
87.54089317519114
88.22130346650749
87.93071605028025
85.815270533405
87.15614433786402
86.76929559560277
85.69994355860047
85.98633447470421
86.29799098210958
86.18188784677301
87.34323747072513
86.53931980812048
87.71459091592662
86.35623797862758
88.35225625154297
87.35691874804779
86.52352091724849
87.41739509569832
86.73274714488231
85.98766383737501
87.20877724369703
86.50461188986714
86.02186799982127
86.84288852954985
88.27875365590735
87.82063197192575
87.88699607444224
87.1864472605159
87.29824956319413
87.61442423687156
86.67377946866368
85.84228056370198
87.25027429874359
87.45708016499565
86.27805466668805
85.09150485992562
87.05740125597625
86.18712117878829
86.29252932667112
87.20216578428847
87.27341177000176
88.23522651373942
86.80565318842135
85.5128174022298
87.54319682235865
87.49568110798391
86.76211101196519
87.96244039838086
87.29607756095156
86.15684929384335
86.86565387291202
88.4249192857941
86.01600275834492
87.66898558647266
85.99765606847434
87.40941323412902
85.82711601795457
87.30728165958274
87.4590413064955
88.54427980989827
87.0338463903159
87.24823760425191
86.12338730868709
86.5787374378897
87.34021537276449
85.77259737110636
86.7924408779755
86.4860172140991
86.2667633880771
86.96153335374899
86.40766312341115
87.04634972805697
86.97386915800065
86.3203486472868
87.2182475491811
86.8733755947271
86.55404650183529
85.26181234116869
88.12020715080246
86.0801577421529
86.19012773858347
86.86738149828294
87.79197134972814
87.23760390978808
87.44053141465002
86.00825935819105
87.95571207762008
87.44814177186703
85.78606082393405
85.90471478898291
86.53256017921585
87.31196850479542
86.16900699743793
85.74279740896009
86.57927122638542
86.92886918549254
88.10835114166363
85.75059625583168
87.09649489731787
86.6843284797682
86.0838616340987
88.18254749750872
86.888059347524
85.52994996316775
86.77451874730191
86.71589721448726
86.61163941942466
86.49691240393155
86.60629338767137
87.82343144191651
87.62167295794929
87.95295847007756
86.06101156030256
86.07521839430576
85.38050024755546
86.2409778640071
86.72452062838242
86.75756634706163
88.57462219094573
88.14758417808652
88.60824496400721
87.96847883343814
85.85014971681909
85.82233636579396
85.56648658673248
86.97644312131918
87.51297261223098
86.3138531034457
85.66385831636322
86.81154724658775
87.1780198008893
87.77522437620637
87.16203332624733
87.97218375443319
86.58720196176773
87.67876751055469
86.48482922713818
88.33281867118968
87.26431318481958
84.74933872888687
86.3432093418888
87.6348321976681
88.41833571291893
85.18292593334796
86.11831853576258
86.94339768390229
86.92492842702325
86.00356674627753
88.45924256388149
86.28652463816313
89.07021012206584
86.51140553713343
86.37653793460528
87.65333132815712
84.82101813324122
88.3132167254312
87.0959457356187
86.7311691557979
86.65535010634983
85.52297616064091
86.85474946032548
86.72544282288104
86.16853028778475
87.40095814999165
85.36854593339477
86.37662910974899
88.49554038369332
87.83898103275523
86.67492751149514
87.67055610895315
87.52654344480803
87.9208499336173
87.25541074896145
87.06901861311505
86.92303289500518
85.56148143425965
85.42442450151901
86.81090682305553
87.05766305264655
86.45009153701558
86.57939140674416
87.28067726673099
85.86042148861348
86.48691877238099
85.98130974368588
87.40180758297592
86.02673434747454
87.22650525887737
88.3256738954134
87.32778881378361
87.14443482877844
86.30350239275872
86.98950705860027
87.42035689827524
87.02769890734442
87.39612928751572
85.64406964934193
87.42327368526605
85.23359013982716
86.69221088935365
85.79849964980228
86.51342391408744
87.3823661719336
85.87802021635503
88.08855857307239
85.87875218420399
87.61890228801903
85.91597743068917
86.6981309682728
87.63851448444706
86.03366727368659
86.81995748694663
85.64626737061371
86.72191847153998
86.85764442034002
87.96364169187297
87.10178150095031
86.59456518383982
87.78524152584296
88.3699815645748
85.96310419697059
86.54429102033515
87.05015440349808
86.30297282186899
87.78134951944043
86.18733951096775
86.78470478545107
86.84453222232607
86.7331255012272
88.5069484388135
88.15147092881107
85.61793709269597
87.43922548622851
86.55894964602632
87.62537611993194
87.13539237201005
87.33892071006976
84.70337670570933
87.89038938882767
87.14531844180047
86.46176368570299
86.39826259003365
86.4893345323095
86.4473517986674
85.78101930654074
86.60008197317558
85.38383222687247
87.41284665773729
85.33264687890642
87.18437001343965
85.34570294496346
88.27731342573463
84.92906634250113
86.7983485523671
87.39452592068797
86.20686506675364
86.20740958631542
87.11517538473066
88.17234504851875
86.45013683517081
87.59133491325242
86.3020917999259
85.85867616704256
86.86391728637074
86.89292322611412
86.3583001974237
86.78320009847414
86.68743755821963
87.67294201880412
88.2288608240754
87.62079988381498
88.2763978479592
86.26570820105404
87.12134410274189
88.37891489525173
85.9970449014154
85.49895482300754
87.52051608915632
85.72974873095933
86.71879025605885
88.55520962890371
86.27235619514914
87.6068629065222
86.95572331567034
85.93525063119404
87.07714564199135
84.96471393596764
86.49742599315918
86.71310302546487
86.13585251812242
86.87006567752435
87.59324610198865
87.21812987990639
85.7679413291289
86.19279947532264
87.27959987850652
85.90835694613516
86.98587100932211
87.10574354952234
85.89838846692138
86.72236422858502
85.53258248655244
88.5138904683873
86.73691073716545
89.51594663309132
87.82040823529157
88.66970684304715
86.58120493174717
87.70076745816357
85.57056043979358
86.6379170075101
87.15150507292785
85.28619799232622
86.6255267231036
86.11964204980035
87.15153980720937
85.64810985065598
88.29092444881134
88.19275971157157
87.15277612527962
87.14363484950005
86.63673392368096
87.14055937005321
88.2829369291166
85.54806616736994
86.11924436676833
87.45212543260847
86.75764459653136
88.6390247688576
87.38870840770342
87.12380518554924
86.78359276512202
85.85071692770208
85.99637541897918
87.07347084139164
87.25088623749504
86.82489000054545
85.87334390845336
87.78799160193279
88.17505875814199
86.6124506576011
86.83317045641749
86.33715428763882
85.34557487632114
87.23877692595502
88.05462406025262
87.17698700491087
86.98823987464684
86.61838889239984
86.08979118958801
88.41420664822651
88.82866311818312
86.1889722716282
85.68820045666179
86.12711325339505
85.90406168921413
86.86003681910273
85.41201648804899
86.8293098715326
86.56036672261746
86.16701555948417
86.58403125495313
87.4595126671162
86.84828544566781
85.55212452717053
86.21286526316447
88.0567716748575
87.93688483990121
87.56386497358741
87.74795892829266
87.48377188616769
85.84747610280563
86.79724496548326
88.93142952286452
86.25145279366988
86.084008414136
86.40983267998979
86.54211357699899
87.42719446236741
87.36920862905687
87.6883239402276
87.61595236386998
86.72136389667284
86.46791960008288
86.09682683635243
86.90245258382957
88.03067637617129
87.69049738341845
86.68957251785272
86.95337453844044
88.08521421537606
86.84842302637266
88.13308542499558
87.12376312039062
86.08979065798552
87.11285660927089
86.53895991438974
86.49447070930276
86.22128889080209
87.5242801380621
86.68091638607682
87.1897980485001
84.73439481924378
86.80924187225864
86.83924090941707
85.59061722232835
86.84108170123751
86.81221426327389
85.95551432974774
86.6010739906767
86.28546325545885
88.4827355222574
87.1661400070662
86.80680708900012
84.90010879955105
85.64382532331902
85.83460924855864
88.45952254103948
86.26218203732154
86.45472377545624
87.1876083899568
86.39406357413799
86.45575146334141
85.73560511089141
87.14490471366595
88.27525913542145
89.12914185702097
85.50378276136877
87.60057170387257
86.47002623880758
86.07183658521642
86.04713928739255
87.46434937075489
87.326285297303
86.59412397790962
86.38887437502576
86.91491675510788
88.42775836717345
84.87736052808319
86.9906166746425
86.1181879099073
88.37362569966653
86.35375009534998
87.66245571157717
88.57259003742581
85.57051220798371
88.50021504255174
87.69660445438961
86.72724201972204
86.75844973501346
86.6987150928538
86.97577073142067
85.44839466952578
86.35226227865671
87.1598255621254
86.97976664820085
87.63476621811438
88.06456185830099
87.75954618748882
86.58989119980058
85.2965994900495
86.12380578717682
85.91559544410413
86.53474787687504
87.03056291744534
87.26549888632593
87.31432623649762
85.9530858474466
87.69893574251554
87.39611806507156
86.50896723442229
87.67217624535398
87.04673933128983
85.98798150980305
85.98650935582265
87.04843009836841
87.36090127578476
86.65683453582886
87.67019722015631
86.66165872352151
86.25655725302822
86.30814126910991
85.9221494188196
87.48100380849127
87.10176088468921
