87.54755863041017
87.18194321724164
86.3209477839542
88.69272398406858
86.06748992313415
86.43595062006457
88.10717933409599
86.75433410511665
86.99114670148619
89.13441364295991
86.76406226135381
86.57899051351603
86.89749788891103
87.0627734516309
86.28289796475387
86.48520954358037
85.49548238252389
86.72178041353975
87.331008033454
86.57447901280838
87.27231650493165
87.33327504137027
86.1545426399763
85.35849782887746
86.01877470466971
85.76553920785452
84.79152030370886
87.674315805266
85.66602102525144
87.78461347091287
85.69406916185116
87.41817882402155
86.97346426756313
86.47014002989621
87.03483485375155
89.991938030546
87.40726452136373
87.16261228086852
85.75379186233297
88.83978814288656
87.77378949867264
86.16383945253793
86.92690919459383
86.78275722810179
87.78669102587226
85.02487390351483
87.0989408184127
86.01191079547495
88.35225188180944
86.15108757037196
88.70656369855031
86.24047168620505
86.10833872299631
87.84466232502085
87.37826105111847
86.17545980087516
86.6892297913742
87.58067851193137
87.07570098290931
86.39183560018674
86.16919281605426
87.24093499054904
87.26578073417762
87.49768466468686
87.72661458374496
87.44215787599983
86.61723380575452
87.13948296413552
85.83689834919639
85.69835058454218
87.23638548737006
87.2518011391401
87.8918859347362
85.88784598772179
86.40743376586404
86.8688513328113
85.30176537437454
88.07456685879379
86.95766574507927
87.4560629008004
85.0802617667628
86.75852662653843
86.46568723073533
87.10276305044967
88.91385373563287
86.11500633308333
87.01701497663798
87.07673566396886
86.06417556377818
86.60837931377681
86.66309949477083
86.31456523269007
87.20174645466719
87.17808720177749
86.4882478786347
87.72225865067134
86.32485291372387
85.97739265504993
86.56404143322153
85.66205774298803
87.76016752677677
87.1140844451375
87.48481931427936
87.846165019123
86.60981270610101
87.58626879147387
85.7053254606817
87.93047140920446
86.84968970256806
86.34795751879865
86.8511765147094
87.24572473907013
85.93992723581412
86.81458476277818
85.46434305986388
87.41177965838824
85.82785203659441
86.41223907154094
86.0918807793039
86.7912400181722
86.21393778498378
85.82835055221828
86.44778109463418
87.59818632552376
87.36575784868946
86.4266384591761
86.44076885672384
87.63466276405886
87.64737521995622
86.84721238587805
87.49416241019375
86.8214133095172
86.62300949682938
86.96841344727379
87.01951090269067
87.33909954658846
88.48475897460253
88.25312916692002
88.4145546324463
85.86793602971002
89.06991898983954
86.43857010666085
87.83074584355411
86.9165089605078
86.53979150225557
86.8344848573349
86.75256333729826
86.06389677547939
86.55353660245271
86.29255649777296
87.76887280483732
87.71478880537386
88.1137662178363
87.98931419955463
87.54430942421772
87.04913052917848
87.61324622514856
87.16615439339706
86.97990087230608
87.63425431581908
85.57308575450294
84.96659580410753
86.73196387220013
87.30377196249916
88.31712647177034
85.63755383450723
87.66456619462062
87.50023938388517
87.01757473564136
86.54177623225458
86.49547496501832
86.95001537613693
87.88789463966238
86.75625719005036
87.41140530066802
86.53132685454948
86.17995539676181
86.47946531963622
86.77819811124404
86.4846799186964
87.079048636318
86.62323924093579
87.90403103960952
87.55627780816766
86.64516278206288
86.60146249288468
86.69977307656684
86.73039655182795
85.78540935303666
87.59603233776829
85.92256576689587
86.92000298120821
85.122962235805
86.40883683127112
87.43487034926582
86.17600971236774
86.18178402642185
88.84094853348512
86.4633931329709
86.88760132011399
87.46267315670812
86.17405339265665
86.53038094967161
86.99121868337983
86.8624611873258
86.53897325240915
87.42657780331308
87.71825481639816
85.50072113629977
89.38246285269594
87.02355678229772
87.49919507410651
87.2229832175831
88.40584402507062
87.21742429807097
87.08256767690861
85.65245446934136
86.99185213227555
87.53263140451914
88.25687005999194
86.46493261835451
89.21400283750046
87.91165202322756
86.83678689207528
87.29998355363588
88.5645729679807
86.5975972419199
86.73892879575659
88.51619285765776
88.10838688257574
86.7078123622594
87.06855454815944
86.38240720869567
85.50689871488056
88.02173452224578
86.7985234245243
88.18158101252303
88.19291815246413
86.02032270084776
87.17897514142685
86.76816039108081
86.87526307278533
85.81047099765372
88.52599902761602
87.53143113188058
87.70759687796507
85.24025658680068
87.8468297021391
85.96743787371808
87.2965881465759
86.85130491851689
86.794607483611
87.2604106580117
87.2002954339728
86.63640050033433
87.73859836612768
87.80067816179464
87.28548551092096
87.26637929271777
85.51292865388002
87.23073321835275
86.13339164138627
86.299642629999
86.19340693959703
87.23171674530244
86.79259860341017
86.01186138454317
87.72200486607946
88.25758076322116
85.68848705548744
87.2677054979128
86.5635455360478
88.27850934051301
86.2920559789479
86.54617653913239
87.58641229969443
86.50896782168873
85.9236347204881
86.66128745057914
86.04149292645866
85.55017061813723
88.1999186905871
86.87809742366682
86.36715962853997
87.21844769287631
87.49349035683812
86.79138017503709
87.99473994560653
86.866668050942
86.9006838215585
86.72687427877415
88.64678096593455
89.0411092911488
87.33017176337495
86.79145437657017
87.79123601506679
88.28240636201608
86.10438384410978
86.63425114064101
87.36577072437532
88.12160641093705
86.75064590323849
87.23514251981972
87.40311034261012
87.34563674440105
87.17944937056959
85.99973801521027
88.60940936375628
87.88732392204912
86.91682082323214
88.8035444305365
87.1901503530724
87.19202339383462
88.45473974434702
85.71807326189285
86.36819287825504
87.30123208855518
86.79644070856803
86.74211137334207
86.36661199463188
86.95600269862685
86.19978762512409
88.38014639848313
89.03957348667507
89.49251413997683
87.93540995836038
86.49117932211033
86.94374192718347
87.91707802354928
87.88922842591214
85.85958906813157
87.92034626766372
87.07147499461193
86.36210590885672
86.98492370848017
86.89564090644618
88.9544563541293
88.08491545638498
86.61261906045368
86.89450690063555
85.73519355806499
87.0731181807092
86.51025379762763
85.900947850829
87.58566271907351
87.15097922027711
86.60229675369256
85.81458738190564
85.49536331930234
88.08099054235753
86.36788436361533
85.13717316915691
86.64969243681152
87.27982559821876
85.14343933800066
88.43963625354
87.40506775578785
87.50032338410405
86.31889527995787
86.11435758941444
85.79220002295585
87.18415121311598
88.24590513363732
86.97235471069288
88.38472947397922
87.24622860791509
86.53946657336441
87.65242017253368
85.68139555703166
87.58955397089055
86.78393091427175
87.93169168968622
87.31071432306474
86.93868575515329
86.74539876797266
86.90153504707476
86.98354054249899
86.15392593980037
86.17572248867974
88.2942186189067
86.81989482536686
85.91788172981808
88.24111078010925
87.85057722240646
86.28325223776126
87.47000064922912
85.586731957478
86.2436022478427
86.25806718882484
87.76972200922995
87.7257867667102
87.60577617699536
88.43328536462255
88.7068476721232
86.78248015256474
87.66332646659339
85.94440267634343
86.01527454670033
88.15832826870061
87.27721170071679
86.94423402460694
86.07204189273587
85.89161144184854
88.08713899677551
84.94468438666905
87.55169144729814
84.50924423527402
87.33083914035238
86.56474934704266
88.43383447556695
86.02729806056212
87.73708851500963
86.96733303402195
87.50811711673757
87.98155282724854
86.41779318245419
86.53936459694162
86.83679348526127
86.76516087278125
86.46323686969268
86.27326003350171
88.11622431568246
84.40879759850857
86.85194723578942
86.6548767793798
86.78701783757742
85.79301797981917
86.50014141369392
86.20114158911807
86.39518587986795
87.04684539076595
86.80427766846138
86.40241969792467
88.17131431032871
88.18928538784381
87.76608844517214
87.28439197622943
87.03420993040255
88.04071018734784
87.39375813043051
87.29723735142001
86.90308848985626
88.03947394548457
86.55412619502364
87.82408047015467
87.96318417519909
86.70152815194045
85.46533546319439
86.40616772139747
88.57475545593798
88.07040304986818
86.09003236951426
87.92302364371213
87.30056122204356
87.49788942211795
87.14522948329048
88.37693878590619
85.93023383865872
87.45790507695874
89.27977066778126
87.14847727899769
85.59317107331601
86.0167144601161
87.64521456635832
86.7596617000842
86.59901564215689
86.45836723471314
85.43725986469094
87.12234599324749
87.65613868946264
87.04018838009749
86.76282149752961
86.49214875489949
86.62806548990058
87.81929004192772
87.12250223673088
85.80684235846896
86.52449400110847
87.80921120760846
86.03148489420313
86.15262592019161
87.0807062159053
87.02303808050205
85.69789794629217
86.49027898087071
87.59332254811932
87.3207158375265
86.69322983327238
86.95308118222158
88.35374447417347
86.4728075906395
86.44194388898072
87.62270923590931
86.56086165739616
87.10218814114299
85.34639251994105
87.62461031939054
88.11183912275528
86.6803287383366
86.8103896326014
88.12642652885249
88.14187900006728
88.45104294010291
86.26357317495761
86.50705685484489
86.87928600112012
86.50012160481259
86.81053246871342
88.78274997350263
87.24326379199914
86.54058794758409
87.61871816357964
85.47851965469191
87.00445096809015
85.93286649984218
87.5507561160232
87.75714422573036
86.7762706601947
86.93256241141293
85.537018218044
86.77290781187486
87.13498193645773
88.28024842147573
87.5314997057952
87.33698492608487
85.88579532321252
84.85509570176339
87.89006605235238
87.14993560500811
86.41757907003951
87.09015477431748
86.71670167751991
86.45893535918026
86.41768267872195
86.09048452997187
87.3531018993987
87.27051113871529
84.89916412798257
88.33241719900217
86.7938424578949
87.14645334915699
85.45504942511883
85.4261883893225
87.73628146302177
87.78019449250422
85.85860673425309
87.19078514551721
86.75308947975539
86.11208748583688
85.90798481923484
86.74892294703727
86.33103373256016
87.23277027223193
86.32023305408664
85.97778940485199
86.87683917357263
86.43096244207322
87.23976339650703
86.19955651496838
88.08874778859091
87.18256801248043
85.33756225518893
86.48456092096103
86.2399678403165
87.1870006224307
87.82767074478728
85.2173129969952
85.92387992428783
87.12958630143504
87.39743088763004
87.27809169546707
88.48658231089522
85.88105814391152
87.34761429295474
87.43043200466028
86.40753375049873
86.83966036162047
87.39295049032124
86.00653934240387
86.05679566687905
86.18522899189057
86.45668093848528
85.954153007784
86.3644456236293
86.99466905970814
86.3019619811818
86.55956421966589
88.0191143373208
86.1930463172269
86.74558028019624
85.56548636572114
88.35266449512257
87.50003931092381
87.96860906685619
88.99029315384792
85.91629315312761
86.11502333627996
86.49246856640774
85.24961035843954
86.38184759088938
88.92820008517505
86.98933169062015
87.4542960919298
85.40263349967479
86.71123734154293
88.12930639835854
87.45867264743524
86.35177818900331
86.95718795785574
87.54509756494545
87.14363088881328
86.25157882177831
86.16865948659586
85.88588012565059
87.11753858644514
85.68184814667063
88.23240016867797
87.01254477228572
86.73465778162856
86.0073241352567
86.2890962862765
86.75221041441522
86.25941893843198
86.40863172330863
86.35432986467663
87.32051044740165
88.59753492514463
87.25793245542236
85.19399371958872
88.75127822127072
86.78080689345094
87.66606827731263
86.79663886137924
86.88971435944151
89.85307540168986
86.905166847348
87.88453959942218
86.3572629387972
88.03478293033524
87.70701155609743
86.66451952535176
88.41853180036776
87.07963584338812
87.05855055732722
85.18645025008995
87.42050757961783
85.75468010482915
88.52585013129426
86.10799721097005
86.54555532400596
85.44733386686882
86.87812364724843
86.30951228145918
88.28182274521288
87.45321143426531
87.74133466968216
87.77161764800714
86.19394686361382
88.38427808857568
86.33166067940536
86.20629853947216
86.87793322162318
87.25093433249869
86.02971328387962
86.57657319882922
86.034743012194
85.06717280155027
87.7157674420021
85.82912011437242
88.90211844189109
86.9143878312807
87.10544245972336
85.34834835155189
87.97176181846595
85.1358142937871
88.04046487793914
86.10643909623025
86.03295457147877
87.77998867194324
87.10877272557764
88.23375559661127
86.83710997712446
85.37736920424875
86.427565323757
85.72098197534336
85.40882798710354
85.53726889515254
87.87854376751416
86.3522388077931
86.80448662724585
86.85443456116596
85.58980788662831
88.56937827242434
86.32281909123463
87.5968073320188
86.10603370159576
85.34204580366509
85.01454143290857
85.91414287447968
86.36108527106364
87.62993500990792
87.29604467783437
87.00548389011702
85.77685587743386
87.17935193889372
86.88843105855193
85.51783752734254
86.82128170450869
86.58293231346529
87.52015276778948
87.14701961702819
87.55486668913153
86.70972558103398
88.00107408452698
86.82420187378739
88.50208502664009
87.0632439509353
85.36975726614557
87.37352255092804
86.14639410430559
86.57205267126503
89.2184077827442
85.40515303782541
87.3175856356305
85.75327641143
86.95882845457065
85.85631404450515
86.87392377073303
87.05181872314321
87.82632090267523
87.55711887437565
87.48844091125633
86.4923505026173
88.07987904153497
86.7831295083265
86.4572491479996
87.29516156895437
87.40998023052991
87.90734946948513
88.28117224748011
86.4846601204282
89.23856828268585
86.77072637727098
85.9877451252144
86.66771572742198
86.49525792211104
85.82621554027268
87.85361519774719
86.9005278045391
86.74489756266107
87.23488005594508
86.73033994884081
86.88058931751875
87.82044396819269
87.16570491458562
85.69874499340635
88.01653338595825
87.11302949193626
85.96148067951822
87.23355968044167
85.82857531612548
87.54556380198048
85.73735316152826
86.60623018998592
87.38076800279542
87.32805155152533
87.96958220390466
86.06642121275159
88.79224061949235
87.15507983196252
86.93499083821911
86.95604241554639
85.45514911973078
88.73848185182445
87.04543094780956
87.9962877762363
87.7041756578324
86.65041476511446
87.2730769069866
86.92374425068928
87.36324389671643
87.61917033983617
86.63285830991876
87.3780600847921
85.65958646978167
87.16560447807106
86.18620595182587
87.54693223728906
86.477277046102
86.47849152631426
87.68491768835935
87.44272856628864
88.23403623169997
88.80994784618991
86.46927364855361
86.39201327323443
86.63641308805026
86.69212593963329
87.05123930948969
86.36262135089123
87.31579634755605
86.52630143601762
88.52096725834784
86.7016303828733
85.73766220577895
85.91154838781377
87.10681770802196
85.23248401275416
86.03122324117261
87.3196973133914
85.83383804701437
86.11013194422189
85.94592619432822
86.9723733573631
87.91624575995944
85.73830592375023
86.31012794535565
85.37427554647714
86.491245961503
87.48408695270314
87.37562329183885
87.15796739261923
88.18805694275493
87.10197626045348
87.17654544878943
86.80693278238718
86.431260112727
85.84991006528338
85.5927429081975
87.73820944764016
86.78790913577866
86.20169165287109
87.0812505217859
86.47979036345461
87.87935404308338
86.92117866283188
86.72132290941647
86.08109348330295
87.42347561406903
86.30645916977222
87.31540714172367
87.65607980335122
87.12883107477103
86.64212792968468
88.35817742720556
87.59273244227647
86.21113020891173
87.65508284395982
87.43106461308837
85.65944678498441
86.11867903519341
86.37548029583066
86.83051193052249
85.28736276210114
86.4824886689226
85.41437099067656
86.73000751877002
87.45376482958368
87.42842633512964
86.91845886736742
85.76792414064882
87.48413068775615
87.46975353162135
86.9707768174099
88.14677394681618
85.86532720614522
86.26513086540272
87.51937968925834
85.38972641353357
87.38946618474414
85.7884002337906
87.47773458444395
87.83554037250816
85.83268764285853
86.83338951226006
86.56308365816889
86.57864987230718
87.75110927130235
87.52742665120024
86.86415839401721
87.69456050054927
87.02927895981588
86.25371309651257
87.154583016929
87.73013101594026
85.544154189089
86.96716105047902
86.99416435867019
86.58375701368983
85.85537024872647
86.88902260000431
86.98279120445389
88.17532134591592
86.43496542302597
87.098184453183
87.54607939436465
86.84906724321341
86.71454412809254
85.5413442627205
85.77723648612876
86.0113050327392
86.14578077299089
86.7326924978282
86.88971569454628
88.65477265029322
87.95438807652836
85.8172963090772
86.71557465121069
86.68988409928092
88.30493505975618
86.46660275345717
86.77374541715264
86.56629036878121
87.52494298686429
88.8573204731773
86.37221619742414
87.84663835891268
87.54757383347821
86.38160421149017
87.05895236041515
86.57385486090483
85.70568906199502
86.7565668040817
87.07984764508895
86.44968492707635
87.21768918370879
86.23798277245584
87.81088427638761
87.3989856767343
84.7945197730476
87.51826652397176
88.13547134449581
87.07120947163553
87.02305102570429
88.56811063504193
86.91195745455819
86.92924248594566
86.4335071770404
86.41254850080311
87.28268032724594
88.20218807809508
87.31567998969852
87.38717937236258
86.61550776056158
86.98851896229404
85.66902105282105
88.63661518796889
86.35172400145095
86.67836731274939
86.87811500331124
86.10044932166834
85.84048015277573
85.64584766167279
87.03998623818234
88.25990827450597
85.77661795486486
87.69724590408927
87.53267353484465
87.52682204536337
87.99539995268904
88.33812948758826
85.64802223790161
87.43148221064713
86.8425662334654
87.8751852827226
86.28906568453776
88.15949983157766
86.34432641810838
86.82275620798023
86.57561422994229
87.32037458816495
88.07167822204816
87.9089773757573
86.90697404576403
86.309960215455
87.77516783535721
87.86375915986329
86.45326671167868
85.95965757714755
86.46408154354847
86.65855230851163
86.0026921896591
87.03963137491573
86.17404496382159
89.43164750220704
87.32934533578099
85.69667242136228
86.10321520202424
88.54794432488858
87.3166614625742
85.30491097982024
88.36839307847941
85.8930108891699
87.31747908049269
86.92586141221652
86.65613761530751
86.39160078985846
87.16012012256664
88.45541237647787
86.13175669889839
85.90814921253562
86.51568461328343
87.32111659892165
87.58718799856629
88.81034489878797
86.58755794401635
87.8149047061263
86.59189621254917
87.3163474725626
87.56218740596353
85.4998685176264
86.63859952457841
86.86535396454109
88.53130008292034
86.68849741908876
86.33854163129364
85.33148302349194
87.29569161622673
85.98359900131886
85.8824202905508
86.18634186500867
86.62476298825034
87.15128348435603
85.85311731076024
86.89702267498373
86.66353570431163
88.78398166331912
86.6032440784719
87.06798635908882
86.99231394787772
87.7262553748356
87.96449356079722
87.01801377751822
86.80787712647812
87.7508441451217
86.642467919435
87.20981193751203
88.02226474691072
86.94319703162095
88.33557393570763
86.55546373787838
87.67172388548005
87.13474717420938
85.37959504649744
85.85786748245532
88.50033515539434
86.41216714754687
86.29521124144004
86.91775970895168
86.6792404010558
86.90044848844495
86.48906051581011
87.41480988692729
86.31983857542684
87.18956452225642
86.61575674487143
87.6844132009656
85.2675459539113
87.61891676646493
87.44782061160988
86.15489121454733
86.08295113308682
87.05288135938528
88.3314215379032
88.03354214816923
86.50369777356778
86.80330255218861
88.52472504018941
87.24624968233867
86.89394647982867
88.6246216796647
86.99375209037294
86.6483804903101
86.18368569033007
88.39093952196416
85.90903204096085
86.60063289655113
88.19301403938425
86.74220186565658
86.719423017643
86.12445996222209
86.69512698528442
88.58537880358159
87.57557151446487
86.85719056370165
87.11537328663435
85.12285741064437
86.61115867083151
87.57398437323602
87.89877584100785
87.22605018341775
86.00921480116136
87.78518227622314
88.08828472188
86.52811422553198
88.16806595375634
88.60607745219696
86.43774662706792
87.61792721102127
85.6092999617495
86.17488352600738
88.4858651008467
87.64086652697772
87.40360768885736
87.62801072950032
87.92712274483142
88.3416191018872
87.90858297638562
84.38507143053033
86.47323382326897
88.07726989943649
87.19631433158756
86.6135801106204
87.16184723381636
88.64909566029152
87.28075618961431
86.50315021633223
85.84543935323711
85.99410114404814
87.20541449177341
86.4532930306639
86.4289618171041
84.97944749315721
85.92489849401774
85.96178140660493
87.15462717388729
85.23841564625972
87.12763524077187
85.65390271309279
87.52886509163812
89.5839111539007
88.41072577009325
87.50838514417072
86.37948942220918
86.03619604521455
86.70932001178666
86.88943140855923
87.81357715846939
85.30845820782305
87.82810175628754
87.05419871134383
88.24315620896247
87.8994984634681
85.78382697675781
86.85842494150307
86.94635378518106
86.51343830341966
86.48322527247251
86.7595935331016
86.7854490142823
86.31513955252278
87.10831744508505
86.66253599032918
84.69868199081213
85.81872596752784
86.33996596946888
85.92189349472262
88.64125337328214
87.15674886257146
86.2586260175304
85.43274201738977
86.37081143217578
85.52628532098521
88.37964216351727
87.91854396486004
86.3188202253656
85.83761748567204
86.55700005503726
85.69056799375971
86.12213854995261
87.22400066458681
86.10731497676498
87.03302907460116
86.02258091390654
85.90852724774473
86.86739901972591
86.01398309461176
85.93439538700333
88.02896207978905
86.21189111696407
88.15789699611277
87.25358725382038
85.46897482835274
86.6071377770435
86.22058055057794
85.77405349776559
86.95561448515448
87.85193828351866
85.93498388798538
87.29808070401091
88.72057877528574
86.67067466357906
87.13120476550901
87.74762260318606
87.77349483601348
85.55803877681714
86.94047289908545
87.76682493112153
86.62891512347478
87.71461305126799
88.02151014702312
85.89193778778733
86.77397795625822
85.86257105194063
86.74495821471757
85.78857115386066
85.96890655497586
87.32641225220283
86.08512249634639
86.99003637396115
87.44602968441515
87.29568009920509
85.87511850264193
86.93644832833981
86.77617246249226
85.5434419062776
86.61408233187059
86.14502840088123
85.8135666174367
86.98064993951438
87.78802694645171
86.88379413796208
86.75684270745373
87.066051165118
87.19488302685504
88.04619874137691
88.2189574754735
86.93181045217405
87.67182608359376
87.48484297329014
87.45499481804413
87.75328991125232
88.81673374652745
87.03053931457495
85.90248565609986
87.1749787036422
86.86883538517134
87.50836049778073
87.2855174982735
85.75224113102473
87.50380672873916
87.05869368935706
86.3089729084083
87.1119118013934
88.04984128388942
87.58474773726556
87.38638104062089
86.8900886948706
87.5535880867642
87.21613046144321
86.91972417437822
86.34583174876009
86.38583750945332
85.75561627594062
85.93258955979196
86.04225480067878
86.30805312964026
86.36813091526152
84.90132562898654
85.97894838089378
88.0062127094915
86.49879435001601
86.91135779487406
88.09902045170477
87.25395400679072
85.69872764661528
86.099964015081
86.55433866271068
87.39144788280241
87.67727497736189
87.39724805756626
86.83099481219855
87.59178025795208
87.45073021803746
87.44916198995017
88.41233245936677
87.91205147312438
86.37978373765445
86.9210627213718
85.79204153280192
85.65098066177696
87.15289150808604
86.96730186007315
87.46354465568281
88.44009600617063
87.30286346273014
87.11886452622838
85.23368122426028
86.85956909788257
86.46106080320119
87.83982685858871
87.35911653087082
87.73183422463701
88.40323928673769
86.24766245635347
86.20976726120641
86.46652022913791
86.48657307252437
86.83003136070546
87.94162904239914
86.67411350973406
88.05989528131542
86.60192417570642
85.86473089557533
87.47061618287661
86.10998398843559
86.43070547265194
87.0236619160355
87.8576901098312
85.52839994868562
85.93167518400449
87.42622956570465
85.61454160755854
85.6081623810545
86.59618347403922
86.68013652282585
87.00579508737452
87.17817570560274
88.20807227297853
88.04835656224598
86.85839197414082
87.0170503747821
86.39201172811518
87.43924926139564
86.55816805382374
87.43244059832824
87.10138713337648
85.54320566881727
85.99452856971021
88.09783811586266
86.34493357693634
86.79036176838369
86.84824772348746
87.97903311867586
86.74869113857383
86.16698496036696
87.86586341190475
88.27092551435571
86.62140373088191
87.15009145358636
86.90954916071249
86.52749409607036
87.09476148982066
86.99895455197714
85.31013767563815
86.25733127828356
87.64839007818767
87.04763558821996
87.43668485753322
87.40668254895046
86.6884879169922
86.46731910120063
86.03226003909789
86.24909485373772
86.95980121139353
88.0527753767414
88.71254278190939
87.70373837785888
86.15923604012066
87.78888348158573
88.14565083756139
87.11685210570387
88.11650014598503
87.67494490872787
89.85162495280491
86.89929474807123
86.39471221305915
87.57517849577769
87.35054580368599
85.57034542790528
88.32541280456958
87.8012859444861
87.09633952597807
86.8796438005517
85.79724356156893
87.05172554434596
86.3545114522422
86.38656890931294
87.83962280184684
87.6708736360196
87.25636945670828
87.14275070899161
89.4803801843695
87.52463744226225
88.70217063260078
87.57851663528608
85.5552054540859
87.71694745500241
87.01852066927727
85.98867575507441
87.89160584016733
86.94119772771612
85.75472706666044
86.30331404384089
85.88690245236782
87.36064523669971
87.99325513687445
83.70771612742305
86.07268084724227
87.57268164290879
85.38626434787534
87.15097283491795
88.29468142355657
88.08381147378212
86.88254550564432
85.74577239154837
85.2481655567529
87.25081912245031
86.23885610592284
86.45920121791714
86.55765563961761
88.54171612962392
87.82694181190351
87.2518121084937
85.79265478499879
85.64703601392918
86.81747955656557
87.04872709426395
85.23212510392584
86.29174789937761
86.98586832000443
85.95773990614414
85.27401867393486
87.71849162010935
87.30455106003282
87.39005307945372
84.56880550861182
85.43900596903289
87.54659940628599
86.30904498824769
87.59993295583297
87.70928757205284
86.07385039651011
87.18224417318568
87.30305833070888
86.99242188137089
87.0529496488056
86.37979093374257
86.79048691038058
86.64598773059934
86.85137894941796
86.26289486436899
86.44546309198415
87.57348509228007
86.03513139742464
86.36362837772784
84.89658184221783
87.52926153813966
85.99640854562018
86.77984234149453
86.21113018719737
87.52451994621579
86.95360282844946
88.22782849002674
86.20758375271514
87.2390276941897
87.04906071764243
87.01432258244041
86.56988210940894
87.45151322659203
85.67599240223822
86.64729592138958
86.04132769168783
86.90832796382081
87.5416431392854
87.09184170254147
87.59491920722115
86.36423508055495
87.54388252339413
86.48999935469256
86.93941276013086
87.07959516518547
84.79737598985818
87.03705182093418
87.29599957828243
85.09431597854662
87.94099518091765
87.32867129193556
86.80252597747264
87.09538645812256
86.23269149857593
86.32522832141186
86.74447055048738
87.61580187526594
87.36473011054139
86.57675634896263
86.22730740961718
87.4500189426777
85.62860575190982
86.92707218975384
87.19080869436144
87.46363453942439
88.432189283972
86.31582214380003
87.26554065546952
85.72408122244178
86.57707762313339
86.21534630618585
87.28914509573649
86.257286433512
86.93858897319258
86.55035769193157
86.1567729833041
87.93264296844882
87.4371836730259
88.24147466058304
87.62649481893456
88.10712794144224
86.98828976808521
86.51085283615963
87.06717809269965
87.05108138350171
88.00380388622659
86.14601723619776
86.15201163056305
87.4333994322616
86.80588956261735
86.46931756590591
88.28130479906369
86.24314054902514
85.82797019504393
87.54646705892115
85.03206209745055
86.01980764630369
87.86036941745446
86.17016811424041
85.32874545426407
86.69286173378653
85.71921229337114
88.32211401767628
88.01077160467497
86.80155526470813
85.35577186543685
88.02258114807597
86.8524329804932
87.55518682125454
87.40040922178223
85.93384199270577
86.63367610189896
85.94596458537492
88.14062400234269
87.3932181674781
86.01711760790904
87.45040001642751
87.09696682489749
85.6020586458551
86.84826394060701
85.76334227236418
86.04640239438287
86.47205546135325
85.97344311993763
88.48541034200954
86.08117180108002
87.36003675755171
87.36421794263468
87.61972753348374
86.49670124875921
86.50193813007661
86.60553709933312
86.4929745157802
87.12841951196326
87.00505545361241
86.45901863796288
85.972612311659
86.16073146341208
87.97941291067295
87.82222685397178
87.23088294456856
87.11606524242174
86.17226697409757
86.96875166309475
88.54450326408016
88.30182762902797
86.54508062473549
86.52731248988171
88.33588617959376
87.64333236716737
86.50542777873433
86.79076257461628
86.86126644494178
87.39554166647306
86.37631104551325
87.93629517078716
88.29594078302736
88.07702852757825
86.49414048132206
87.03284865993515
85.37207770112148
87.93425641689574
85.99703471147569
90.16560562646627
87.83600322189524
87.439521908655
86.38884376019436
87.14715556471724
85.98902044442109
87.59799497758807
87.58391778869165
87.19042983673194
87.14229333630499
85.83312143533668
87.56688207859513
86.36576685588696
86.75572617135354
85.23966426477678
87.8639007007199
88.0094349761732
84.67293524048121
86.78637851894885
86.15085119986777
87.29377939965177
86.11088101584673
88.1737802924489
88.80016904126512
87.10862524682624
87.62320911213541
88.42655379868862
86.82991801950621
86.90827869462302
87.95993950888291
86.01786778267659
86.85912458178635
85.21282849615532
87.26333357874442
86.4555489939562
86.45921337374594
87.45303750925915
86.59539622644215
87.58881473869901
86.6117597007173
87.86344197459476
86.69170918825996
85.47594943981962
86.86924357828194
86.99789195500274
87.87892079945604
86.71398538490682
86.97960864809862
88.25436795301883
87.5709971480086
86.57851875803846
88.27166047014629
87.31984198334733
87.21428000942959
85.38606682378214
85.74757124435327
86.00328686323962
85.80931455280546
85.40345879763905
88.05199677898204
87.06124095205348
87.63009078633958
88.72413149588685
85.94551721026356
88.08365192948638
86.46041856651196
86.48117642644867
86.5215313482481
88.3705801493249
85.0756787824629
85.98130037529276
86.90770917696236
87.20235491377228
88.53540798377816
86.52474386454625
85.4491775140523
87.06788136089676
87.17204138953878
87.6115110702451
87.38857569243179
86.14423803419744
86.09024138945105
87.82857884874684
86.16138696282869
85.43560830197593
87.23812815053472
86.2106245176522
86.17001380948065
87.30348746807114
86.9140138437623
86.29757675052869
86.07671516362889
86.788463507834
86.35686329336406
86.19507494982321
87.16907844206324
88.8701349648665
87.36804945291767
88.84053354273802
87.83123157989034
88.36072142769588
87.8506461331608
87.07788634725539
87.12484967084019
87.64853595812073
87.96806291999351
86.08356838946712
86.42933996265555
87.62246006301473
86.59332403041937
86.7149307225066
86.88961399557016
85.99810082697358
86.97761403025297
86.26984603164878
87.82599953300513
87.40957374753208
87.456951903101
86.75142515543969
87.53828718879328
87.0079643496355
86.27466038543751
86.44325420215286
87.22669208008993
85.5228704755612
88.10912047936623
86.80592836627746
87.66575835181314
87.15108276634717
85.39790179309075
86.73034105253988
86.54454837790115
86.3987179498994
86.2082121424213
86.97730300041677
87.96437738846122
86.33346971211797
86.84993812948233
87.82433305477629
88.00512923247528
86.19490679631961
88.12066960822735
86.65525545926059
86.62363331860968
88.36607854979785
84.68532390675811
86.17359666986034
86.57692721060035
88.19356024361707
86.12802894272029
86.12744956697568
87.45616370223581
86.06977907002063
87.2794957843662
85.48038093703735
87.5943528039571
85.69140157537696
85.23540759807754
84.97216406123455
86.29967890558915
85.70697610201923
87.13309011993867
87.60697872837541
88.35512988597307
86.92790200832034
86.03813887187918
87.98941217184384
86.30825165922256
87.04991212941749
87.460927346161
86.56780989153172
88.00797075016327
86.97009586966534
85.53180692376638
86.83189613534817
88.30209923730513
87.26690344012147
86.85675953886528
84.9281945847113
85.87048148833655
87.0070590698911
87.69791778907458
85.54073461485234
87.30243816806997
86.43038979740342
86.58840215076496
87.41632547931667
86.03296498970009
87.28087100586885
85.83154151442832
87.16596206367177
87.58977214594307
87.04262943434847
89.34259359713543
87.7340616225631
86.9485103869752
86.96958735793895
86.64249744579736
86.02352231545574
88.82569193590805
86.82060713586156
86.31990037709572
86.28355247619574
86.7726092619786
86.53525325900313
87.32186838976214
87.11997388604816
87.22067405875401
87.96598489474985
87.12551382873016
