86.61424664944538
87.55771474533431
88.37340192050847
86.82403119846131
87.0271513051892
85.19082043538822
87.76502233993698
87.1489104647402
86.4645232027663
85.23399912854546
88.28839157269964
86.17815188956891
87.92755404413398
87.71690286037385
85.64517025421836
85.65791252777105
87.31370527600083
86.83639883512289
85.03043334841729
86.49147637324643
87.10060070352257
88.58787951390808
87.37540503491059
85.88296716231531
85.90638492181871
85.61896837741544
88.51953896008418
87.0488645312298
85.45033894220057
86.23392991653492
86.99480183890857
88.51590540495245
87.37011783867021
86.43111527617444
88.48992281352271
85.73101972290665
84.66901278226703
87.53187001891777
86.75748860061624
87.14458700027923
85.79412408698288
87.76021556916052
85.93626794109227
88.40750060774174
86.3267416269095
85.97144882239687
87.48346610921182
86.82426598279453
87.92570760491213
85.77374914636805
86.1807570435274
85.48562346160672
87.3007767498049
85.44347020366511
86.57978810017954
87.49906343400727
88.46786237603695
87.20512373539088
86.72940448080874
86.69173966802755
86.15981696911497
87.17190423339223
86.13432126790052
86.3549088867031
87.61054861692865
87.0870481982159
86.92407369251568
85.66054551568749
85.02322009851832
86.61529673916431
88.89481436175325
87.94187686946727
88.03306910176582
86.93217585119893
84.80001682784176
88.21945754586957
86.8891927415747
88.0239233042749
87.6452978253248
86.97631646909795
85.25002158187762
86.87046963798079
87.37615626640913
86.06646617875381
86.37243846380618
86.68154727211619
87.03870550181163
87.65251734614365
87.3847378414168
87.59417156103275
87.05318721677058
87.40542941038493
87.81232616956818
86.62576681998301
87.16448960552289
88.00961364068364
87.50028014337676
85.97015508170615
86.51709188653297
86.32654495438582
86.558073640626
86.20883320503039
87.32051150483638
86.72568793883643
86.62054158553292
85.75164371480167
86.49901991166877
86.24376938541644
88.31537325520326
86.51170584151428
86.68554193931526
87.51535976869181
86.72233380088797
87.87852904946422
88.20291520240411
85.38128731232328
86.8511052961684
86.29287609077204
85.61181100815428
87.95900964168821
85.9863289828969
85.870163901051
87.79754764788308
87.67463396315111
86.94088475857251
88.34947316666334
85.95021877790927
85.49282210145319
87.04141315812825
86.59329031225273
86.65779625634084
87.40385931644306
87.01984615565355
86.42568721094044
86.43149130290858
87.44564235881506
87.54719876654733
86.05034716044972
87.09410269042665
87.5648385872108
86.82782158159335
87.54574073449677
86.73132072428024
88.06405053079865
87.19446013594676
86.87999954901436
87.34953083716712
87.37097746332628
86.5946693507414
87.0258480346889
86.45117924521676
86.51823613612063
87.13846440107694
88.16750279302846
87.17023688256495
86.37597487820123
86.11698946761346
86.5716886890379
86.8592448970124
87.76333575166464
85.9308342863151
87.70520630520738
86.37203365200993
85.03213645907483
85.44530688590162
85.82179782233317
87.09684203575348
88.47623012380056
86.90011797578737
87.37315040862804
88.04218169126892
87.87761604599203
86.84148466150123
86.42134204173863
87.54811994202629
87.8078820693643
87.07501909040488
85.65891406943045
87.61076100069272
87.77559216477688
87.12194982554303
86.3617482826114
86.28505139917004
86.12204693533405
88.9771141362886
87.53246872889754
85.84093504533327
87.28468229531205
85.75742256996266
88.13414620064064
86.04116941704817
85.88964481791676
86.81822812807773
88.69904172005948
88.92850115682667
87.24382595685722
86.50643247021267
84.78026189826309
85.96048414709146
86.54224079689898
88.17680631555089
86.60455067700967
86.46133686793216
87.27886333087132
85.32848497254737
87.5923529567464
87.26223583118569
85.92793938111194
87.42397141603286
86.41714174946955
87.45568939244158
85.92040154825592
87.86542285829078
86.62884351218707
87.26977487704085
87.23283543926057
85.42427440902784
87.11392759529328
87.25149012956015
87.34339676011653
87.26347208112522
86.37344600060678
86.94110857337574
87.8134860474195
84.19797540831797
85.12983202046854
87.82299136135994
87.01544167834778
86.50499725725363
87.36817634012
87.82340194508717
87.2026386471812
88.2974831089146
86.78542910114065
86.86740135077754
86.04050449987584
87.18138888817556
87.50494928626459
85.047035986556
86.24860111949276
86.89111055261243
87.18873767426254
85.98104836190919
86.88436407371158
86.262630485921
86.40124485773823
86.72823331168523
87.9135228089805
86.72768827366093
85.85706219094722
87.03836529667554
87.49114383732899
86.86446202168159
86.2739267550888
87.27640004532502
87.36319923379979
88.55229549221833
86.7059660492805
86.63451940204227
87.17652960903396
85.41266124198269
87.87407300691682
87.95710553110551
87.94453170008653
86.30126987953504
87.91513948642002
88.10392576646058
85.90058101459013
87.04039267469953
86.90651946399535
89.035657878318
87.73144282078556
87.87782020411765
87.23442685134425
87.18812598728671
85.79043678349896
87.75145376414571
87.10747288285542
86.84781595224793
85.52786679832023
87.28881291710785
86.25560234672788
87.0960322374718
86.25051345960232
86.54937949811152
86.46463822318479
86.77730313899802
86.02930692776404
87.10467312509414
87.3929189142038
85.72438759374387
87.05156222974793
87.87405044143675
87.02558493499563
85.7398530641811
85.09062422403436
86.29574430753314
87.82168130462135
86.06892148726419
86.15261858068327
86.25401560016468
87.72091302357563
86.81551979624531
86.88186825911627
87.779746748862
87.06530730165026
86.01555234326058
86.00147924007578
87.34608554480954
85.740542753526
86.992697587529
85.2035260644876
89.02370494288684
86.88424408499692
85.83618123084473
87.02060094267445
87.03576376313119
86.46742419056626
87.70887632136366
87.1740111615001
85.79617553609869
86.88080107359391
87.51947507728052
86.44658205115569
89.23237828714787
86.16206049675851
86.29182093100472
85.27138861594256
86.84568443456473
85.73234863427382
85.75581411254136
86.86292713304717
86.46085970102646
87.38998279514804
87.96053392316468
87.51926557970896
86.81453394161503
88.02188764741487
86.77682089720268
87.85117551403033
88.69734474592501
86.74846202520223
86.87881301854756
86.51843325115895
87.58629315294999
88.16853917293216
86.7237912526427
87.21769782989233
86.01029918828885
85.52623714373934
87.37031075784598
85.67587566795194
88.02160552873114
86.26401553064251
86.37386861278866
86.55646422057387
87.56822414717334
85.1730296652984
86.9063237932472
86.98716460657366
86.27853346094827
87.96387243380532
86.26343393207515
86.79597521069235
87.56085989567649
87.66964580895035
88.5435151844923
86.41399277288559
86.87645122063846
87.68490960135969
86.515866536949
86.8245348425393
85.56255369973222
87.55364742375124
85.17275175972118
85.52169667217679
88.25916503856791
87.23003592165864
87.03322040136923
86.43814975233872
87.2396093763852
87.1855465923689
86.58527321235131
87.48786266443395
86.81343460997833
88.76369370131722
87.34373293009048
87.22183048188003
86.48265153681818
86.7898667599832
86.7366461484126
85.76278054202538
87.9140958490097
87.6306242752642
87.20014529460532
87.94883758610959
87.67776901565738
87.90948475129743
85.94459037606303
84.82488019822324
86.59319862627095
88.68092663542517
87.6251448434131
86.69261597024816
85.89733236744426
84.93430688412448
87.04471060913411
86.46215499953475
86.22941664378634
86.86225742256225
85.76538831661956
87.36035383600256
87.00157882524489
86.30998634656302
87.59312739173001
86.31097787393337
88.3091312090066
86.52196765683941
85.62162051605475
86.72215711282446
86.69651179890218
84.87988047544154
85.96623069413964
87.3628781859136
86.1554967064676
88.84504374071707
87.6637148134045
87.36373643866523
85.02988845677423
86.25098149742055
86.47538775830162
87.48907889406605
85.8883308433301
88.53863138825375
87.54350915988903
86.66911639480665
86.58650833456424
86.03699615332437
87.96375130643682
86.31703481667981
86.16055615166138
85.4210290033043
88.14615977424741
87.03009158793938
86.3543847890855
86.61786772515487
86.31760767934371
85.22162669229365
87.23167908033626
87.69763844351301
87.45803851179853
87.48569755825005
86.96452110159981
88.1658585206451
86.53071320790546
86.56984872580885
87.28278970440861
87.26754002580354
86.46975371272686
87.77056920272656
86.59043937681669
86.47128820881942
87.71048556499132
87.79515478148072
87.91918143392928
86.97709508711841
87.19805915853499
87.73166081588752
87.99658799689898
86.00616554846877
86.01145568176429
87.38924555964773
87.47604136507888
86.63722462268157
86.47987574595264
88.48310112196668
87.96323865777265
85.33512108169371
86.94083303959874
87.13450090738036
88.09246750472319
86.43688884042169
87.67370673386783
85.28230607955618
88.07764045524166
86.91603473930182
86.38922105726513
86.86448929611629
85.90739334922077
88.33214752228552
86.38624621931577
85.45358023737982
87.02604098750659
87.96373492923388
85.99509740294921
86.81856854970613
90.06276850054083
85.80870018160716
87.18063568714716
87.06463688935204
85.7302463327117
87.23353343857717
87.37816155651964
87.12704254630455
88.32261001458083
87.08116530832021
86.56133282940192
87.0394924585248
88.79673708405281
85.95498596813155
85.78747777694255
85.87064590258748
87.3365194612311
87.82738038765672
88.10079681747908
86.64123433470526
86.98828987430335
87.67857336265408
88.14181330852574
86.89140824871858
86.32013319336447
87.26630372857764
88.00401759987102
86.79591064043632
87.1504708749479
87.7979450393138
86.77109267639841
85.28306651905665
86.41589484023926
87.85669631401736
86.40899335824516
86.20922676984078
87.97273125333015
88.41736958245542
86.59587033307652
86.67800348981484
88.82166721471962
87.64918531574848
86.82931755355388
87.1093948034254
87.35073047969185
86.19456407802959
86.47983472623534
87.07069815388151
87.0554736844028
87.01187558145922
86.90244383574367
85.81616366070502
88.23152969840494
86.74266010487456
86.91908399687074
86.48476426302062
88.04133034328679
86.61859118950392
85.98189090873376
87.77003075996699
89.4894481982538
88.87210823962349
87.55021195829161
86.5197432488953
87.4865939537866
86.28660727696592
87.15970639713014
86.84630361793673
88.10278478459166
86.36126828664112
86.86235767908101
87.14204237070167
86.18730103958421
89.09594813387622
86.63718807843776
87.51960430177768
86.0800972435019
86.07854905303536
86.21002251007741
84.84195043967425
86.75934470474506
86.03977373872968
85.57727582212053
86.31315318619373
85.89897040141577
87.06546548003378
87.85842420274135
87.59201338198372
84.90998249781302
86.73008154462234
86.83087470684792
88.1439769855256
88.07084565855226
86.48759312101205
87.12895508370862
87.01208742982969
87.96639068117007
87.51310082864325
85.75641712167186
85.88106630163773
86.77323539650034
85.98332288760136
87.40161241155455
87.36570167336829
85.21703081105842
87.80339500045622
88.61835438052515
88.8525409855978
86.5391931961186
87.02163820373701
85.13907529384232
86.55990381981333
86.36509138271293
86.38874506576113
85.59392871139852
86.16916242577335
88.29346230446845
87.51137750914245
87.43754701162472
85.50534388549804
86.28054420042277
86.30554522852715
86.11294122737714
88.44309946575629
86.87266754209377
87.81489791998679
87.8749337823107
86.61716400267721
87.47274005196488
87.68792456378503
86.2777937883202
86.70870902015012
87.20119657034226
86.13385128511132
87.15791500120794
86.22874563695373
86.65013545026049
89.0023993726047
86.54035487571625
87.42849028063787
86.9738531287798
88.10716807648208
86.26946880020051
84.50797548409983
87.82824203242028
86.60042020384135
86.24997285181657
87.13165460283278
86.98982755944671
86.61007200476253
86.26459482070251
87.6986027246879
86.61883901114011
87.82530566076267
86.48137418073749
85.87551900186293
88.0626200294503
88.58576887745704
87.93379473694993
86.90762639543102
86.51618388975027
87.19017460724054
87.94922466178679
85.02488256127684
86.4025930136625
84.98902577086994
87.61019849468882
87.08144340589311
88.45818957857702
84.51898034806308
86.10926381921843
86.91092451352408
85.92304845911556
85.81177036717604
87.50303278676404
86.93155335688881
87.7746493954657
87.78130585657033
86.3898098839605
86.92814647332195
85.59252471908665
86.41730628168116
85.48401466635491
87.88547610176997
87.78224311965668
85.8516993259314
86.9127777762073
85.857910074334
88.15579744956909
87.54537334234374
86.51979508362587
87.1117260643429
86.03910776108003
86.18745151479399
87.13492597593749
86.97413525462649
86.13711454943837
85.82394109386996
86.47858319545408
87.19165295672215
86.86683292111896
86.22758857460343
85.98415949628861
87.3965043494915
85.67025972156495
87.58697011148077
87.84071585208741
87.43539622277795
86.79347360748663
87.2602702948284
87.66422374356048
86.65070063220361
87.22336129877569
84.84238446137932
87.4124815434538
87.04524215978275
86.50985620012717
86.5342195278479
86.63713771528559
86.97595495382228
86.6064999321685
85.6963196043452
85.98777632084727
86.87524062010763
86.88901684398412
87.56935638143455
86.59225974891459
88.5150093563468
86.95610902957267
88.35115961464673
86.48779169749729
86.71465916998686
87.3262912949263
86.62352881310625
87.54301667424724
87.24655331412072
87.20248310604624
86.48634822257554
86.1835690352051
88.41787529736119
85.06212061404055
86.51764361865179
87.5379157799758
86.91606492829669
87.19345359317171
87.32739197914469
85.86792752783585
86.41804714735815
85.50091207107772
87.90268995146528
87.67162554836997
88.75100950680702
85.88812120543555
86.98896605534904
86.69367158959878
87.09630380525394
84.94596483330314
86.11503221512147
87.43129973330417
87.09578027873866
87.62898017717399
87.38864237994551
87.60433188337736
87.05044631767844
87.0057995512649
86.76631440304958
85.76335193517258
88.41498447467356
85.2466126549564
88.8235358204643
86.90403272286075
87.00785166386892
86.38196513107448
87.63056225907246
86.72754697324149
87.03683282697497
86.46500390707881
88.13157712295329
87.21957965158582
86.39627224462113
86.34671113282252
86.39633081743287
86.55254737716461
87.17714572418531
85.87426878459702
85.72789260539881
87.07327238182363
86.32088623571998
87.38943882091274
86.16633601983249
88.1047776809154
86.93052767079008
85.98119040510124
85.78509117148258
88.23721737591364
84.56280436076109
86.68586289390012
86.18317061102123
88.18641895061616
87.82012405796635
88.40707402085184
86.56033164199914
87.19937710913459
86.77094719696582
85.23087235932614
86.28974817263047
87.62935766006825
86.83703287431311
86.09100455393047
87.52877321243498
87.42464684491723
85.34370249599138
87.2419509764063
89.1772172858661
85.87605276813123
86.78603301208379
86.58559128052195
86.7614836046645
84.9416555808385
87.513706334417
87.61192631871087
87.47737344307689
88.03896940160686
88.29181562325924
86.57089783530712
87.96077169468384
86.659800941941
87.30851858454787
87.5553574589903
87.64615033447959
88.62926304463544
85.41173616184874
88.25882165052745
86.9780930851624
87.41198305019039
86.39864329729375
87.03246343563855
86.72256854731154
86.9403347868989
85.5120000071191
87.51361650062947
87.214314492087
86.97164019039626
86.61778331995572
86.41912567846184
87.74598745648426
86.40029971456421
89.01126843637374
88.00406076419365
86.45161393968533
86.1881342755591
86.9378691171723
86.41561099628642
87.48280014154297
87.61672701732232
87.09376862135433
85.81863983357172
86.86459799225695
87.40870711743032
86.31619955745303
87.56114570693104
85.62749754674003
87.00625503820088
86.507521584325
87.54825851452735
86.9299967927711
85.84713292435774
86.36111781188309
88.12301336094777
88.20681726891314
84.95929619995351
86.86148337938585
86.8071662452955
86.69178966488266
87.26956466995334
86.21888637974041
87.28730931469565
90.38578195086383
86.5771904338574
87.90079975358164
86.75012299642506
86.53088739749236
86.10821312499087
86.14789296396745
86.76759155403883
87.64504468660118
86.95948157961664
87.86579802233818
87.10559891747847
86.69236497788863
85.88893702473288
87.25270763230044
87.22237120855993
87.77057510089155
85.89989766900506
86.01036677688278
85.93936715071783
86.21310213680898
87.75553909413979
86.44336197761133
88.24928274345513
84.61965827646512
87.69187871263969
85.34142743946616
86.10700672728598
87.49263709252581
86.46019825407767
87.52143114003378
87.22412341524652
87.92915135207666
86.60441161685978
87.09827607717025
85.76664588170773
87.04493764482538
86.98699281070496
85.76952454906147
86.28772367713535
87.61168641446372
87.00329905201275
87.49676224148782
84.98766482038366
87.02682144068655
88.11071713582656
88.2037564912578
86.67611084005425
86.97815207223287
86.43829750173671
87.39626055263905
86.65389820351028
85.84151816254538
87.89652908641659
87.08924997855233
86.6002608676138
87.07563258359075
85.68240833121641
86.03413137565039
86.94877001623105
86.65293257449989
87.22672850226188
87.6126974733621
87.11405753215134
88.21696161963746
86.6632477797467
86.14992678741781
86.03249881899086
88.43085765728945
86.3638575287046
87.35539115122646
87.04530374118603
88.46617496562533
87.04790849832827
85.96253656285906
86.26452651159254
85.4137326686411
86.24749192548296
85.42989298040531
86.98390522572618
86.95766183324831
86.17355115048623
86.09533757607713
86.50365132597905
87.25591587436453
85.0017173647565
86.04048325579377
87.90132670519266
86.90624802391609
86.0180716001016
87.57825058670267
87.5799866515387
86.8791264361842
87.24055291061389
86.9857782405076
86.84160430557672
86.47511526508862
87.44283030487203
86.250705315249
87.49455012367572
86.6981767810102
87.72825407305406
85.57457637043352
88.25234870783642
88.06607031934824
87.37814467168346
86.34061329492286
86.06577001647167
84.44570504132345
87.0585230689293
86.87744513785955
87.16675631873473
87.04298375749433
87.61114687306215
85.6632288597904
86.0874534491291
86.35123275043578
87.06992213796975
87.70600094326868
85.23495775284204
86.80211181135351
86.72494912279038
88.19378035457615
88.06460780792655
87.16405910806371
87.37680759799713
86.68186880840135
87.62210034533689
86.03070784711001
86.24256567196248
87.26784893745145
86.21299534155476
86.43863029463738
87.09790177485858
85.43471646027778
87.08644875491485
86.62807392077526
87.22247794243592
88.3218533496499
86.77291365961999
85.41322391951388
85.96032387218416
87.62187101743196
87.39017928009916
87.12873260568857
86.81919362273139
86.27147890582447
86.15287375804392
88.77013417303209
87.43393485729516
87.36012346437047
86.65771521355474
86.62314855165475
87.61900581128721
88.0006643744333
87.23695450955191
86.71488788335729
87.26323468063205
86.59304864250903
88.05066688248965
87.39289388537048
88.27730268306419
86.45426682022705
87.26748524123394
87.03579223863602
86.52900844594737
87.73399186974308
86.85837201287828
87.14527636604349
87.40399877119388
88.75668059697924
87.77773430315264
86.74814495797327
86.56068417965183
87.40098662736227
86.93105765496624
88.78399500984587
87.99489147843472
88.26935065582164
87.05307688868606
87.43006350239565
86.37292607347615
87.4974174755578
87.50612349166516
86.57341695027368
86.88891555473455
86.55854901684489
87.626759497403
85.77553598233182
88.01209712509431
85.94876567789761
86.4993114425239
87.39609957956286
87.99551072580134
89.02503912190859
85.41229509595435
86.94730230829114
87.0136079637839
87.4167234220998
86.49705917002363
86.87277854864254
87.13665179123988
87.6361125717968
87.0184904556202
87.44125380901103
87.09520741414472
87.248776388431
86.60476770197945
86.76741440899865
86.54094586894873
86.81880421146602
87.37943667444755
85.53921819487432
85.53646579358883
88.41724732056105
88.60434879953459
86.34139901063502
85.35142289714024
85.49742498418654
87.4250417731821
87.47577514972848
87.44243052501815
87.87024489948514
87.28853049957992
86.67446114816292
86.38826384899772
87.21244079547773
86.7113220223791
86.52612365805922
88.00234714035771
87.04007276343248
87.21378965470011
85.57850619843245
86.10800569892409
84.67279272675242
87.77367220795414
85.43099929525123
87.0622474642866
87.49872931953172
86.33423915024031
84.76617238804182
88.8815664997112
86.24203356564759
88.0020168601088
86.24213828472655
88.3658825977329
86.00882318885706
87.79357289115438
86.85665470850057
87.19516361384593
88.07374077015052
86.5447897602076
88.55913374939712
85.51578620689571
86.4239766060505
88.36478651446185
87.09133318524586
87.38712527168992
86.76524155172606
86.2277257540772
84.94393749864066
86.03502552886377
87.5526676809898
87.89827321855601
88.01410909561076
87.10158232278118
88.10682850043194
86.14936902041477
87.02010092191205
87.02089451373197
88.56803699725268
87.24843802030908
84.35744277662243
86.69110506821579
87.38330568760095
85.42516260836972
89.15262380330498
85.38956819631719
88.6202792658993
87.04209397022434
87.84725881484518
87.28493269617186
84.94414834618145
87.28101287759924
85.52891531453979
87.25344694199678
88.5399249092781
86.34078544085334
87.50089830410016
84.98025468754328
86.26041610636064
86.25117686984596
86.25755746949157
85.93692784115207
86.25090444786036
87.24802729178774
87.75874109637361
89.35352278758712
86.3005446690928
87.41434572468967
86.48716733898506
86.99978160448347
86.9516377315178
86.2903843294385
86.9761866426425
88.13840946295733
85.45621099114933
85.84951289670215
86.07083301779184
85.37892579974357
87.01187835915694
86.97234970929509
85.61913000017435
87.47952969054919
86.2458047948758
84.45690712407348
87.75543712218918
85.60464961043239
87.29102645204246
86.92737324849352
88.05954420021723
86.53769373515343
86.01310440352736
84.46187703401634
86.62514252473629
86.53863306749476
87.08700732640398
87.49251665320556
87.59733034555573
85.40514782432402
85.79061312713002
86.60325328023781
86.88364811696574
84.30235673197424
85.83026170892391
86.87947241289602
87.02415219842347
86.13509375595667
86.40921851960779
88.3456210154151
88.14552023327825
87.45476334199729
88.15580137541575
87.48549289882895
85.95928303746551
86.9080422310824
86.73455526541159
87.45664400239146
87.77250591759005
86.62582867956675
85.80602789286158
86.89407175644943
85.81617112429657
87.52167031673285
87.39692062009532
86.79800312292993
86.0131689278301
88.59449701545755
88.18267684050763
87.4288679444529
86.25133274087037
87.05361375082536
87.13337861091453
86.70716333654931
86.65212589658971
85.37126896631544
86.61776678501467
86.58338739423723
88.261152848661
85.83607535496891
86.83276599568187
88.45029268800712
87.85899008626002
86.80881219470474
87.34230640263594
88.54927293290572
87.17029815415418
85.40505598735682
86.53172662956526
87.68442635290442
87.47416387744607
88.88128053245333
87.30076975770106
87.14355643390641
88.24125895426016
86.71165244019565
87.41747079647291
84.69866179801542
88.06287132083854
87.42709572664447
86.74721575862081
86.85840175871142
86.24668158017279
86.88716035399688
86.82561861681025
87.09613220710496
87.81950273159732
86.98196966622224
86.51782936248985
87.94239154870105
87.37480001890718
87.64215344219065
85.82134567243071
87.43284310041632
86.9418306587583
87.37639913393078
85.17510949604488
87.0564607676954
87.81358275341564
87.11970624996259
86.86648991702491
87.95444033346844
86.66482170009658
84.07507138790001
85.60357343689365
85.49447030478791
87.93556458372913
85.78631638415949
86.09974172688092
86.16944895648949
85.63631301513672
87.02518506398316
87.43354870152895
87.281019089106
87.37840895070033
86.48494512922701
85.2764900136963
86.58158007556874
86.64872311339553
85.8672972249176
88.08324363416692
87.03225230188968
87.35336228380474
86.9381177957591
88.91749638742753
86.66938307369946
83.1200251620361
86.52354872599746
86.82011435353223
88.85468863242461
86.76841839796094
86.3800461426199
88.38816983222058
87.09328173025632
86.24463454995046
86.98594574600064
87.44493281020382
84.31124250731561
86.56349476612053
88.20263978220464
87.98135318590958
86.54577635226687
88.39216070232938
85.69631180996167
85.1291651174796
86.11887091565445
86.69708588345885
87.74480414217575
87.56904678372142
87.33717023853345
87.41445554498688
86.24640029008998
88.79233487882134
87.77433840714838
87.75100508392036
86.88813148724655
85.18026105476517
88.36083480432295
88.41579970879337
87.69603832306898
86.8084286593059
88.00541322317402
87.688206632713
85.58951820367565
86.65876566497255
86.6505260802441
86.54413201224745
85.7674775409599
86.39668444236607
85.42654335550824
86.43174266707818
86.80287223127188
85.34640607238981
86.9216151911903
87.57694978757672
86.3592828068168
85.99028949256683
86.49283559853102
85.99686287567081
87.41333247571156
85.88602787721115
86.65425622112144
86.2724751502094
86.37797707551368
86.80253808479198
87.36104310587356
88.0886827641997
88.0065625460912
86.78425537145013
87.31406224058222
85.86014691666854
87.50986725667093
86.7095736046832
86.37031644184681
87.81201505857872
87.41260655706716
85.85784858257095
86.94589792032046
87.93218745363326
86.03737563657434
88.6475936333961
88.8663438995452
86.47133227066065
87.0761362201327
87.356861958434
87.09987595066978
86.9691896166707
87.2043909025376
88.32893030581084
85.50520775595498
87.67874404429955
88.17670581439114
87.44105099900973
86.37293366916136
85.85154179067484
87.06515339674282
87.97996488251131
85.73048797496254
87.4193944188007
85.75852720550752
87.8737112218903
86.45292704419519
87.32785995500683
86.51332850313396
87.1544001550806
85.9598071209818
86.57490957318359
87.35664440334477
87.19245049870605
86.61716867804775
86.95265750952265
85.28673235773557
86.02698250052622
87.11946677479644
85.2104719943754
87.57605919444796
86.59554429019114
88.17689535041549
88.90416432864204
86.55555376534255
87.11848549864115
86.39192872843329
87.72799645077023
87.28645170670042
87.82930844527719
87.20963679812391
86.67422616714411
86.9643430510985
85.71333082989048
86.10537732829772
86.91421277754841
86.27617212143115
87.25223795370701
86.43504687701264
87.52566942340295
86.2828825993839
85.89965621511583
86.48786939901163
86.78872666769584
86.05443209495793
86.93486347101675
86.45604833355573
87.56210872733855
86.73264887620583
88.16302568803654
83.89112938714682
86.4287515023193
86.67765577662935
86.90020969160727
85.6924631448135
86.00364114101012
85.75901771632702
87.23315854928558
86.08051976613999
87.83251563304803
88.13689414487884
86.78494672887275
86.98368199327324
87.80180200974418
87.2879544899394
87.32580312514852
86.95511820035033
87.39639502308056
87.49206008672901
88.20093292077811
86.7656116705183
85.49461643501054
86.8605764159317
86.04986441676841
87.50374723817288
85.7777566356049
87.39340868499475
87.87790487555539
86.29045105594604
86.60369841353501
87.82104058894048
85.24048323966582
85.12103066920334
87.64887909259446
86.75418354662837
86.81499919787491
88.84314669611238
86.6479891816224
87.14209956493332
86.39417302217846
86.91887238075945
86.66482584005165
87.37180077297977
88.1685997004812
87.55264872524457
86.3304456997059
86.18867944135958
86.69757921625634
86.80194568041232
86.1295253589282
85.36320119027043
88.2638238498943
85.88321725176927
86.0057061390731
86.1413332001324
85.93707523263348
86.00593640461724
88.63256262318619
85.40930859374434
87.24904125092594
87.05781062199598
87.13298996133462
86.49471110690756
86.16867297189269
88.06727619597348
87.11478508582815
87.27042150631151
86.43635360054812
87.32279289204988
87.53830761662006
87.16371439248903
87.53792915621754
88.75637711470368
86.26772516442996
86.7471466602139
85.84036484046766
87.87861204809577
86.55484602597699
87.30065899584586
85.96299770081619
88.81261400468927
88.01995511668653
86.26031639478964
87.22487050038791
87.61141484653436
87.95393467981997
88.49643606973298
85.23250349848938
87.36430986174408
86.05038562047898
88.00674403493667
88.1175019999537
88.3844192119421
88.23692072256976
87.42123599325333
87.15182964300516
86.5828733275211
86.9366658939669
87.07156716997625
86.75013764300827
87.65438053795663
86.30688493848177
85.87416091912097
87.13343692347648
87.38035342565671
85.63615080035356
86.81250254437508
85.00403503454345
86.21089888135079
88.15962688764844
87.12200246957705
86.2752553169775
86.46443540554027
87.06255360086789
86.62957223937413
88.0473616391864
87.58540867219988
86.04051122009413
87.1168207289215
86.25034504136872
89.56548596325541
88.24367032446112
86.6089433396326
87.73568612815731
85.89268048644497
88.07804724511436
87.5668165069309
86.78245474550786
87.7412274473641
87.34945672602285
86.96101977570018
87.0159459401953
86.3077416650481
86.41005949006806
86.14868911374431
85.41115646889429
84.77014925683372
86.25741673160942
86.85071399893552
87.62302916082201
86.00621616863435
85.98403866649389
87.30142245463445
85.9332413748116
87.65889814889259
86.42867830969136
87.24334715228495
84.44443715463376
87.2329678746941
87.5590796314458
85.70963882046527
87.03360384930247
87.39754005549554
85.98123885171844
85.31234938758142
88.0067826550018
87.95638184647262
85.87701664164742
85.59038371103573
87.47768168603861
87.26715470810583
88.29671356430042
85.96947635974088
87.9293782495853
87.28111437959387
88.47175687632998
87.15375112025276
85.71289018898993
87.31836686798944
87.89247259299918
85.90889839248062
86.04810498811909
89.00389389329564
86.5375617830576
85.93753817220104
86.53606312889234
87.05504307449914
87.8583352624795
86.86820739895839
87.69566191932559
86.46693425089059
86.65820461188869
87.42074110085862
85.26216380749003
87.81986861760805
85.71385752418458
87.13424527651374
86.42820618527804
87.72738586780041
85.94014778581528
84.99589909906334
86.78210665682775
86.92432495942205
85.73130984799054
88.75256012606027
87.02553186216528
87.54258114807946
87.78467807398577
87.2609226030365
88.56923847751159
87.30117544775592
87.22674870460338
86.27093777737335
86.81006934385056
86.73080221483555
86.89185796449098
87.65030677692471
87.03739784112348
87.05576840101735
86.53544132362663
86.19099580223806
86.94556864553893
85.93462823387442
86.52705521653253
87.43603237631287
88.23680547307708
86.2912736394816
86.2306016088035
88.2778552626711
86.70628274902027
85.73111158235854
86.83009964349152
87.20607155362075
86.31330644642686
85.79742138282701
88.0522434475258
86.62300970187069
88.63452862113337
86.67245698366594
86.84227457960766
87.89753735154015
86.17247259057054
86.47203251202197
85.88017558967901
86.72799438661622
87.18622297366645
88.7925736478673
88.69715990696696
86.58206369128108
86.57918280435884
86.46834525867705
87.78987935561096
88.06214638083613
86.69677534905198
86.24642694968868
86.79500475108775
86.58311184905864
87.3360543940002
85.93287082002159
88.78132436149637
87.3661307423273
87.00762811866679
87.95884528227599
86.4581245679619
85.9126901946277
87.02765862629876
88.30437111044627
85.8338091120874
88.00495881291987
86.38536873756325
88.92078030188767
87.65317569466829
84.9658907456392
86.1813010328691
87.83221547523509
87.39321213094787
87.93673984365141
86.39024108958444
88.44933438202209
86.4861293513883
86.31045625101221
87.6904689463083
85.15649141094558
84.98923993941845
86.47719776387252
86.21547313026342
87.33196735467428
86.37277709720658
87.5345222296012
86.17160016858088
87.58392516580766
86.96993820418903
86.43529284765242
87.91442025320436
86.0660938903293
87.76835546929925
84.23443255660317
85.94714798702479
86.05375512835796
86.50806460741717
86.72095397352231
87.04252599502853
86.26409475963558
86.70090682068923
87.92861661844935
87.17544346672742
87.83575656059537
88.2601671755848
87.13461778197822
86.150932753434
87.37500315165775
85.89248254129589
87.00270554070714
85.7774537341865
88.00779929118012
85.71821478044549
84.90003547345444
86.83060991113938
85.57561246926598
87.3576285122863
86.89270612654035
87.94106351642381
86.69355021139309
88.97916909399191
86.3302235106046
86.08265444960234
87.72119054046635
88.32094899226418
85.82027798020552
86.20314267576596
87.82550915191048
86.73371458980112
86.76845972238625
85.0247747222627
87.93737567998504
86.5265856031333
87.32166800502402
89.37812183051373
87.40537877024917
85.01023999297394
86.80195097553216
86.98874551214487
85.54132732583663
87.92393604647135
87.87650977909294
86.1957286595162
86.61484310262605
86.56338181412228
86.5217695499786
87.28772415427017
87.33824753204875
87.45975091879596
86.91639053646065
86.05037225204991
87.08548510471108
86.27454443972753
87.31244500750518
84.58754736103444
86.04301244779757
87.9030532016129
85.85310996739236
86.10789257770921
