86.37677949447246
86.92614322727975
87.13948664965939
87.55385843595381
86.8549007196888
87.1595124547053
86.83544709652885
86.56676740441819
87.65696433853894
86.96274998334019
87.64293143210124
85.71881449256483
87.13331047087696
86.42109370257444
87.04173219771603
87.45308457352564
88.24577373521207
86.18938111164721
86.76098367971295
86.26690611629742
87.6362194436268
87.48321743572102
86.96094717340657
88.91484798150314
87.58381203289107
86.57207857253793
88.87279371580777
85.23897161989271
87.03127753366083
87.51057250833668
87.10059284831478
87.03710924150396
86.66684273396149
86.16355766433625
86.10763470600794
87.03840494892816
85.78222321382597
88.03356468461602
87.99535760873701
88.06245613167435
86.8224164378142
87.37236828989278
86.33082781946243
85.40904712512817
85.7840971556214
86.33153255331908
87.02034446587238
88.0851503623287
86.41284831427174
86.15984748202126
87.5844673834808
89.10821868928811
85.36035376334308
87.89226519578851
87.19777876514608
86.89081309721466
87.58349240592253
88.07097600670113
88.46141030193597
87.61045279598686
85.68842159289869
87.06148887995542
86.61522494199684
85.55044214885379
86.23793631387403
88.3129291362586
86.36018848818607
87.08613067954029
85.76114558242644
88.28515564951964
87.8085626075609
87.37093581253723
85.88230269873783
86.61335717216508
86.60705247643337
85.21327298915804
85.411944325496
86.29269990912138
87.68320565709115
86.28930332475156
86.61059024664709
86.54597199667212
87.53205856978005
87.85060020851085
86.5216718043286
86.73194407112679
86.57537707737765
85.89813843652172
86.27229306916503
86.86491297040574
86.80350360262422
87.5893355213741
86.95040615601407
87.68435461070241
85.84116846459261
84.80102094692572
86.352772080775
85.91602187482803
86.07040508818397
88.25502017582141
87.10819010093188
86.14322102917343
87.23557190910286
86.00341875683795
86.68804903219534
87.05157578355053
86.88446030506866
86.84097960713397
86.38133210085454
86.51001497368982
84.94738888517439
86.79540237478255
86.62776425221308
87.94917376661004
85.49544026524522
85.73685147053114
87.80051868342238
88.13059014159234
85.97072866378521
87.1722933118158
86.74694253201754
86.47986599529344
87.85740365071179
87.21892121186319
87.01443564041644
87.89083640750064
86.78153644675673
85.97543768354616
85.9058043302949
86.50409646190857
87.6922055577012
86.66762579610226
86.68087683985264
86.31626775450147
85.45034833373721
85.86809527344577
86.47938289607053
87.60095997257206
87.11788460087544
85.24862835623944
86.82600366407578
85.78706986970029
85.83214930204936
86.4863026945689
87.98503763029021
87.6063838187514
87.921233534526
87.18525337233874
88.11710907197926
87.51711429923728
85.52659724180921
87.39159207924003
86.13193781988537
88.4794518534182
86.96202176454995
87.65951072694244
88.05695611279553
86.26771148983552
87.69261215650327
87.53235857474623
87.7025970518267
86.59769159593183
86.02018949728269
86.6954135163423
86.73238204345922
85.03418088421058
87.55089282223527
85.68632027599251
86.80137888994498
86.6184562949721
85.91262762475684
86.59162148277339
86.43828452357148
86.76642595975636
86.24974718821723
88.2957456554046
87.71481537193068
85.12392025704499
88.61253595349025
86.37272826554742
87.65005252943331
86.53981574975529
87.01594888016588
87.28295382993171
87.49024667069915
86.23694031683374
87.02179081615174
87.46874158199017
86.3836141750163
86.87518934795408
86.79308820213501
87.6345891568467
86.5304590545228
85.43283733566167
88.38751932282952
87.14138212547456
87.1690378857056
87.17073795893909
87.12952637500635
87.21656962378741
86.40609545634005
87.13138037256348
87.6328005219949
89.2065695928324
88.38334125870529
87.98202293551697
88.1292455572138
88.07832017811924
86.00112013019289
87.41135484522057
84.62662487734288
86.53292944926297
86.26643641929171
87.89452038483913
86.1727434562135
87.8200011633409
87.28653290386993
87.43600786800877
87.1127674874241
86.7885539965791
86.2846557249908
86.43907301397974
85.07923237284469
87.11632916032805
88.81743021974088
87.1986824976503
87.94114799413856
85.9642739958704
84.86119251866111
87.21198686214133
86.93409407892128
87.57819162435494
86.77782836915208
86.9566352413282
85.75925815381586
86.8900635270736
87.10657129183568
85.14932962539233
86.9589761332354
87.49421657395844
87.12295142361164
86.41540474367476
88.7480436202934
86.58790151788173
85.99482885648258
86.9841478668767
87.7526631199162
87.20309854519392
86.42777086456022
86.31023473329158
86.59746975079354
85.45237618762187
86.2502706853217
85.75389655534292
87.46257586739671
85.85883935154766
85.97641040789644
86.6393365872697
86.1229079596266
86.41642671059704
86.72718350539556
87.0974413918866
86.59787372217112
86.42405610873253
87.41155122409864
86.07988313270526
86.37731015753486
85.82422979917423
87.09415995448862
89.67573541416004
87.77625247663444
86.22859542211752
86.18919281878658
86.94482767893501
86.53351894776384
88.34590088767253
88.24610626496154
87.49038533340507
87.3819700815555
87.3292576606314
88.10790834994852
88.28765508387974
86.95108509864939
87.78582288051531
86.56594232169529
87.13739565230235
88.5200148215134
86.9359173310389
86.31795640445527
86.81118534732614
85.65215569099256
87.14743973421729
87.57989603527962
87.35337554355343
87.19173538971019
89.12663171623797
86.66751668008384
87.64600604009328
87.60861023612351
86.92903492051497
87.31840490695107
87.05001753965253
87.12085987601111
86.30422457431547
86.9715052740839
85.96114662921498
85.6069469528663
86.81253997451213
87.72529863239208
86.98065777368296
86.14465745994168
87.33571260872316
87.81502480170298
87.63186140012611
85.3168736670943
87.43376595560004
85.87095353902706
87.6785410506719
86.11731787112666
87.21775972687
87.69244788619585
85.93275473989844
87.47226753228563
87.36041832653277
85.53858221747537
86.27482926853946
86.67781847038121
87.60840346686534
86.64949703864713
86.2846816415052
87.24050705009336
86.13926313053588
86.77806735461667
86.8539559554044
87.0388227088709
87.01269062390801
87.71378266529909
86.16935090498322
87.07134954847538
85.65561440354978
87.79000908136673
86.06856979853065
85.69413084741088
85.98463465166991
87.02624014151242
86.6425814058244
87.2891627615759
87.18738029257221
87.58546379166629
88.27094914010398
86.34385580052559
86.87458390446079
85.7415599132573
86.51959874716475
86.03375645235604
87.57034888972862
87.34724597237037
87.29853976590081
86.86307204100046
87.02392085314455
85.99559596625586
86.34765441968435
87.23523806865742
86.19888708473545
86.60801821944104
87.33740399706262
86.5774513908531
87.75629364529247
87.84627955267315
86.88927689648656
87.08985987822305
87.89975802194601
86.55618199374368
85.25266362631827
87.71316978984832
87.10181210551761
88.56887009693249
87.47908436968312
87.19088510700158
87.69449559416998
87.20984445674209
88.11200876043486
87.39799577494706
87.41472031385798
86.96663256667459
86.30135818090804
86.88818495699184
87.86641830397646
86.02232314186247
86.72717689832056
87.24177892057645
86.41164889769952
88.04341542943628
86.66454704224259
88.1521413486991
86.63150276909717
87.06646579558965
87.81224130001178
87.33057744574221
84.1953962957557
87.42275826481436
86.18134382432818
86.24183371846381
87.27323929981645
86.88847527730121
85.90179554975168
88.59652780331174
87.02217837005037
87.32983489495683
85.99624559186252
85.84058207065071
86.64084143231008
86.19539642623683
84.25503951098244
88.01597486172636
86.67685393486089
85.6963687378676
86.54161207913839
86.560150371051
85.73414081876314
86.1833497056542
86.8488741923276
87.94561301623783
86.34474620551659
88.31615928702293
85.2064216503166
86.16142068472631
87.18850096392825
86.0217771125642
87.7553914282209
86.55450987745135
88.34387960058551
87.13983697711873
87.70971666102156
87.85058585403094
87.12427064715507
86.76957786158525
88.3399406902586
86.77825367323265
88.36537125297463
86.55380507561128
86.36897370618738
87.06932191325248
86.11469222413834
88.44355548981886
85.65101744094171
88.36247655358218
86.01249331029129
86.75554244561492
87.08754553432954
86.95193576909949
87.82965301872366
87.0213982283182
88.33820831324358
87.74068164242529
86.44076908286402
87.7322773079882
87.11066867353719
86.67008930831864
86.60704038522562
86.01014845360298
87.10226345110362
86.12497540964114
85.26275953435022
86.33378205725961
86.81357517840199
86.35612791263257
86.13947288451595
85.36043101879767
87.0645299120833
86.56539696817589
87.27532090874729
85.4504222454502
87.25863610374249
86.53239792481493
86.97759530276505
86.44332638568318
86.41312512318201
85.94998105278682
86.109049356903
87.54671633858977
87.38613827313517
87.39589480394656
86.58771886238539
85.39056716294269
86.71950157396316
88.00322054178609
88.78847011788606
88.03406858068576
86.17707144996153
87.51128355039097
86.22533552562284
86.91135958651743
86.08717138091767
86.99435238711592
86.59277475942523
87.36430260087259
87.65783975705472
86.02039358178955
85.55199175446059
87.4039443193983
86.25594480213836
86.35251565221446
86.77782520065433
85.85701073937913
86.23331288893472
86.55790181391878
86.67490371276239
86.87478586840564
88.69209622254147
84.93917104282481
87.49924789626233
88.08036257116756
87.37784026638849
86.37998205502667
86.51586428255435
86.81577789730406
87.81842814495344
87.72266508151051
86.35368211888593
86.3841759850376
87.08426915454832
85.96522267353755
86.36388534278305
87.32457041163732
87.67985520412377
86.0380744470589
88.18560703583879
87.19494798758312
88.1518514229227
86.25846439251134
87.81015753636837
87.85848852813501
86.97384966734698
87.06696092688384
87.3726947713407
87.01555375758666
86.35602611224824
86.50536682506478
87.41942980319006
86.52449012727874
86.45252547208743
88.55117131865795
87.95377236228643
86.46519106951622
86.49273468328812
86.62555303911988
87.43473124424054
85.66146215204333
88.47590718160917
87.27202979261139
88.06220514283311
86.69753900388324
85.8597917086501
86.73792578385337
87.69849097522331
87.72893891528327
87.20241039812596
86.65689580201771
86.34871435816422
86.46445539415372
87.3411903506423
86.6381764264015
86.84486777923847
86.39064008854099
85.94062346573583
88.22305674433053
85.94031616968121
85.9295282169339
88.53555991972848
85.99789264031129
87.02839237314262
88.45093069833652
89.27654295604782
86.17356726685382
85.62461258450597
87.76196333791773
85.24432592602412
86.94336861837351
87.23244925278203
86.59174448002534
86.10138059406525
88.29473992536258
86.34449396481413
87.74445095755297
86.03804973893989
86.41354540111489
85.531836903293
84.84841580963814
86.7157195727438
87.29839992693877
85.19313238388018
85.6106644503693
85.91994856188221
86.52467262567352
86.98483270936117
87.06003063580238
87.18688770234161
87.02337060838362
86.13421978846802
86.98557663598692
86.36122631785216
87.12693941593898
87.59754410038619
86.5859777399441
86.45375934264634
86.64296121964286
86.40859331746535
88.50884101402212
87.6341630902446
86.29185624282971
87.46724304278204
86.20771985341405
87.02011314598491
85.40687615482568
88.60449064734244
87.43386701207935
86.84220831593876
86.12408756102535
85.00200422344949
86.3607058865016
86.73256815858241
87.74988425129304
86.03485362900591
86.6710688854513
86.62646640572449
86.06229530540723
87.42010877368493
86.18384365190748
85.57603059795217
87.98123014806085
86.27641090251934
87.99488886055082
87.78154408006912
88.02884958415402
86.51742138184798
87.86795101907371
87.42014370791297
87.54258720216585
86.74280584126319
88.21387881522264
87.50234868372665
88.09478548270393
85.7392669839668
87.04586051152944
89.10328793997321
87.57867349138502
87.25359253322246
88.3818442835264
85.45144956424807
86.18548528737281
87.89327241904195
87.83351880076124
87.59340976757612
86.83944504815543
87.26040759106098
87.24087909022086
88.3673406422558
85.3895386491948
86.73774278274693
87.7255754605296
86.15781897853572
86.44618829215803
87.47471092793708
86.23794596069227
88.04629777231402
86.66915556998211
87.38433018937472
87.38232732659917
87.04195734646744
85.9668557652727
86.63476717133074
88.22387519959679
85.98032033225296
87.22962560924755
87.19200453836383
87.14105239378767
87.3561585562166
87.2346539600222
86.45404621800519
86.2877701023613
86.70918776982917
86.55733745704148
87.28995411071504
85.7424416036913
86.12506634938383
86.8051120231305
86.84589335578185
86.22122157317067
85.31441077166023
86.56902540301694
86.22443238192007
87.46670685683378
88.01179866491015
89.62278257714563
88.7470925502303
85.00037311744612
87.04378671223567
87.75009504124688
87.18432365690256
85.9753931651124
86.86666816602205
87.05097511662309
87.4621105122338
87.1161881569158
87.68735916140535
86.23072777411733
88.02493971657586
87.05962690626053
84.97740722065745
86.97878688146272
88.02472068286762
87.335673818831
88.29755376607245
87.75989073932394
87.26590910110012
86.51452670771904
86.28834323779915
87.63860173248584
87.15022680050487
88.1224058857042
85.71273843398934
86.65591515559663
87.7428774076206
86.86791807108132
86.84263973452322
87.18886828795414
84.97741598092779
88.13840115169458
87.20411903065276
86.51049848745538
86.01410884250221
86.20277028520461
87.07618585646404
87.40475618717366
87.66444852733935
87.04491950262741
87.32014696467274
85.15047999560005
86.10919277292078
86.94474255555446
85.92661741325341
86.91527631805893
87.1994245029533
87.87281462896644
87.34843301174045
86.73522640614986
86.44163416211524
86.28329071820485
85.76406848627649
87.43201076342496
86.49558800949703
86.60157208893243
87.16304537152612
86.68048991928127
88.07273553267034
87.51147183579722
85.92743565340851
86.91874813530768
87.15853312139883
86.66199711838374
88.00777577739765
86.62355635757659
88.1268861756312
87.25656850882348
87.17067727681332
83.49983426355543
85.65208518139876
87.50821932305458
86.80872946902265
86.93007424624173
85.75463869261341
86.67811889041027
86.08674836800442
86.67742544236175
87.73275249644959
88.38470957799633
87.38265730699241
86.31804658556706
87.31235994003062
86.55084009196989
86.87694518547563
87.05408544797749
86.5503502591688
86.46723384930354
86.17519722415648
85.70116368928217
86.7474978287329
85.89908215095447
88.77471300906252
88.36346092630029
86.87097956534218
88.03771109990903
87.17937216629475
86.82218055529717
87.23325182469087
84.80026395769335
86.8231132729723
87.44815841322483
85.75429456075923
85.3759960833917
87.60285920499521
87.01153041515273
86.72677019609334
85.33629614932133
86.53710061470595
86.59286035314925
85.06107424913351
86.64783046020915
86.29582327820425
85.38158050644958
85.99824520401522
88.74373286861176
86.92885764334817
85.46979485296606
87.76363445376167
86.45308086001663
85.76709105989679
85.71103600805463
86.39848071125424
86.03940398496961
88.38372846252182
86.10617743831334
86.28083152004544
86.2089158646546
86.47286584491599
86.87875337672627
86.9271383101914
88.25296007093456
87.08566369181598
86.91313732972962
85.91379773302891
86.57206864611268
87.26498548218815
86.81925304548838
86.83034699839313
86.9958241601923
86.5501270990633
86.1096350474834
86.55650415855594
86.92731007140412
86.58054017795513
86.70065986559538
86.71327860060505
87.17667765165982
87.81342675687817
87.08655833581675
85.04702486763227
87.33695857635763
87.22211577492875
87.61084509036513
86.64533955074894
87.19616145606604
88.61969974436667
87.47078426630867
87.22791194326564
86.74642904348161
85.83711282848327
85.84602232969895
88.50136423730541
86.54341570395346
87.68341678751625
85.76315850522151
87.07099317620435
87.31304743972154
87.23856829152997
87.03072506148452
87.31605920019865
86.90798587512748
88.10843656060953
87.87832004015947
88.99871640470775
86.67199758340325
87.15934475718035
87.31943003698836
87.2040233667585
85.42253098867339
85.89124345173515
85.9636901943361
87.18479709397032
86.55791975815067
85.74188137350893
86.71761352870296
85.50563469245866
86.86000218321897
87.8575286188316
84.84751922077194
86.97739164407389
85.03971974996088
85.6867785982915
87.11242559185447
87.49974025796222
87.3699246382821
87.28755578071848
88.09047863079829
87.02279219968622
86.06629995434191
87.52968969841308
86.51886466374529
87.66226690204589
86.0027681210656
86.32094702641308
86.98346689835836
88.21735565191841
88.13961784101332
87.71813244692288
86.35085638258342
85.36882766748923
87.65192665676194
86.81214932257659
85.79199825099991
86.99211255377874
87.7376861467356
87.10585934540437
87.00036452039541
87.17942259653874
85.99013188080451
87.60754744927056
86.86726714742133
87.14726546954893
86.92281291795715
87.97481931260343
88.33910817843517
85.98628066423858
87.09481728061286
89.35959428856327
86.90719554043888
86.41303962246954
88.56333881108961
87.27474118018999
86.23569184817369
85.63665231903778
88.16970699850634
86.09980832073784
87.0886411407618
86.89416107457042
86.77241943272774
87.64775711981667
86.578271952479
86.33027387572062
85.81360412502175
86.21658183119474
86.61545923577985
89.82709819476698
86.35833168148096
86.24926863250926
87.24285323008463
87.54773341201314
87.52882808720221
85.10128801862226
87.10235336280206
87.44626641245222
87.14748783360247
87.61175923951944
85.99071713347765
87.94350470750146
86.27399087638823
86.39707153505053
85.52299486809648
85.88204104283558
87.29195509953578
87.32060300369663
85.54455014836826
86.630790100038
85.90933743527788
86.57146628605595
86.27138505069142
87.17500402915856
88.16303768707284
88.16985509424622
86.68048762422445
86.52203659633048
86.80338048811657
88.26951278478657
87.87853411599961
87.59212784287931
85.41280429541541
87.24848478379009
87.14135545569222
87.57369925943311
84.6574484820498
87.55434774129138
85.50110787716521
86.20146128140539
85.69373169882975
86.96888453991697
88.38077831187528
88.73749630021372
89.49030329624316
87.75495915091537
85.36635666009195
87.72544688152595
86.59876112854673
87.02896984714276
85.65426248492685
87.88238728330849
86.3358715831279
87.87322189594873
87.38716311114804
88.71922552283634
87.27826341389597
88.305190833219
86.87802415420578
85.64547866929067
86.00906731480345
86.6974163011229
87.19785576753456
86.82069359537418
87.6733281739546
88.09011004579267
87.24075619342051
87.16994418948492
88.09175698596309
85.23047379107666
86.7252637928829
87.05042740206642
87.09283839104069
86.58979372958655
87.01910263751722
86.68864100563341
86.5714517609058
87.7792682690373
85.87123935038213
87.91360864588951
86.09892722603267
86.15985743779692
85.99178917119167
86.6659664716009
87.88959456362329
86.74789764168293
88.26715664950108
87.13708070124332
87.1052125384943
84.44910433098036
89.18510861091636
85.82901753669861
87.12904408460672
87.70060544372575
88.12725444983194
87.5636233247081
86.30880191842371
86.43247610572656
87.43340786176654
86.9435751276709
85.4110233164958
86.94203522662715
88.54908799430049
87.38229856044956
86.9043583327684
86.60360301910528
86.9052921087207
85.2105569493039
87.23381967914419
86.67884714622951
87.26167589469165
87.37838415844982
86.67239619288131
86.00080357859335
86.33617288168196
85.71630034804986
87.52547009062773
86.76388875243785
86.4480993386818
86.42219381733545
86.97426324886895
86.09324399043822
87.832403285015
86.847175184591
87.56672900395797
86.30204227964506
87.47509055543452
86.94411560720586
86.16796480442719
87.23668234527577
87.10202947053934
86.73659703467821
88.69173789868282
85.31343639507791
87.60456925602189
85.9518168795154
88.7538325889494
87.62829285551486
86.3774406903694
87.960973019673
87.81523139077191
86.25376090777686
86.67711393386568
87.0505492242601
88.00561113160697
86.74133482354051
86.92386882084942
87.73275192103826
87.91403055845578
86.58347990888991
86.64139189302423
86.84164460426305
86.92765207400085
85.66465231775683
86.3551275906926
87.29332316036496
86.28586651910496
87.32183732035392
86.84771497141404
86.70085820288595
88.2699329386199
88.59961278370288
86.98297322913027
87.50439898288826
86.39185435378276
87.6202618480035
85.19862186799023
87.15482984990759
87.25407234434721
87.42157078858625
85.8537974766664
87.2035595483254
85.75183342798971
87.19837815745211
87.9817188303524
88.45015836528061
85.93335541286697
87.15535697088298
86.60245121926742
85.61018599270172
86.66083394772487
88.34186944020915
88.60546771701311
86.28482488320091
86.76088391683498
86.55130390100433
85.26550240527054
87.0715414505011
86.96487297795622
87.5572058363469
85.18378861463395
86.12770561969552
86.92811940930854
88.19032715046616
87.78205835268388
86.9989918783943
88.07743439196973
88.64178585601073
86.19875108734468
85.60211897778052
86.56681492469318
85.8319879175562
86.80254295550326
84.94536933046565
86.31847068057901
86.57367784846652
88.18794932520662
89.21279481863176
86.76745042811933
88.98281655181492
87.62127205874037
87.24368169914119
85.87144132055272
86.09078289396345
86.86915102605803
88.36544773242842
87.30002450340409
87.02823009777417
86.51851973252778
87.5164491360899
87.70179183424023
88.83557420952731
87.4650738112683
84.75734422826196
87.94567826114107
85.7455491781692
86.83354924038723
85.7097141323993
86.22711603794225
88.73500588830777
86.2268060770048
87.34711730418093
87.15765431990692
86.73126097477213
87.34020547163304
86.6806142796681
85.74122143654493
85.83811320897368
88.43486014412846
86.85440130730856
86.83611573106799
87.99237042858962
86.1636940701463
86.56304807634899
88.90326265397613
86.98188458034217
87.29735967791741
86.79991336875818
85.91840739972345
89.08748393938221
85.55269877500109
85.87919454719578
87.1762677543492
88.0768300306131
88.13500964219085
87.3543317168993
87.02559343401789
87.03536234429572
87.50939884370587
86.80640994911262
88.27229101461964
86.86079146557499
86.93195342977562
88.69112245694345
88.85236376787594
85.51899534933757
87.64775775097516
88.22723528362128
87.7864719208592
85.26763744936213
86.75734271834814
86.6006691543031
88.09560442573417
83.42800761979244
87.68220096919117
86.61514976887895
88.61913484787368
85.96832244919614
86.95535714828644
86.73983268563582
88.09597185226534
86.83444222073567
87.1491693651578
87.49150883830573
87.29931359169622
88.07049059616733
87.08139970296837
88.14187569991093
86.33039113328451
88.11712951416631
87.30063629464443
87.37212134210465
86.38652395284707
87.37761042311416
88.0432886922776
86.03829073659547
87.53064389392708
86.4562962938283
87.39713480133783
85.74411085985072
86.57134581627979
86.50460143475156
86.47378942128002
85.8624420835798
86.79831050892928
85.70038678082693
85.7928870983623
88.82479097162864
86.53250183065897
87.00581839710846
85.83703247272501
87.4860262875219
87.98626387293494
86.70255092144625
87.92953832697962
85.35622269754491
86.51318964082628
86.07935278458805
87.58453600666208
87.23748295697324
87.86536526639124
86.70083137528306
86.71220219251195
87.66854538831313
87.42192361673666
86.11428801069985
86.42285204236255
87.7685731259847
86.47190359432825
86.75345774426147
87.40153415469626
88.24979754574498
88.86776280240531
87.50825124264993
85.46488767582535
86.71378979500743
88.2459244132635
87.76355107148576
87.38457234139825
86.4280651576757
87.44164017533173
87.3031192192798
87.13982026170811
85.80312807800493
86.53105049817825
87.26672550765551
87.32065650301882
86.47578276097515
87.50468540786353
86.68830503542007
86.15945573737538
86.16155393468833
87.6747691120965
86.03828289514992
86.83599138845888
87.97761469320612
86.27583177161497
84.8791318954619
87.51827698793866
87.606537073616
86.16005646520867
85.74210736824938
86.16252075152111
86.99801693200872
86.66651775681052
87.13143578595968
86.69169226041517
87.67626661126194
87.37657244857407
87.38254996600989
86.82396641543406
87.09244201206323
87.49432078494218
86.81668488538412
85.97011773092723
87.91527334168636
86.87564328418438
87.66342513327052
87.38580770982783
87.10519938951192
87.48512965809832
86.70236029798802
85.33692449557931
86.42607445068401
86.98437537672855
86.92620333842845
85.75087877223477
88.13471845623717
87.31469426610319
86.99383843796437
87.59330317671909
88.10704767116884
87.48446263274275
87.32732808856869
86.4474367928028
87.17854299064636
86.84836162207804
86.89792605958475
87.75070823139757
86.51838297169957
87.53427235508484
88.25765769301233
86.44795855853592
86.75842195300766
88.02287581061438
87.24792733757056
88.15801793141436
87.21189949821412
88.46546808221711
86.68042497050564
88.4684510295571
89.40727481970971
87.44554590364254
87.37546536848303
85.68902535156698
85.78265729272184
87.21451737937551
87.1581840025796
86.17329828097205
86.64490198666222
86.66339495961883
87.2180686249484
87.34111275011733
87.98971300030684
87.5018028055246
85.74866612827199
87.1543626104626
86.98732249749838
88.29662106547507
86.66806398582096
86.53909220300478
85.46773772932657
86.4856895513025
87.44992715771055
88.71288820795745
86.84290730631444
88.08060152229162
86.03281754057807
86.51756045817538
87.30995366620421
84.67341642258509
86.31300321682747
87.02058000636642
87.14795782652496
87.17300674648715
87.38149885735473
87.0402824772549
86.88659872998629
85.88256288822097
87.29400544453674
89.74912702682474
86.36407805158377
86.3791613529974
85.85593359777134
87.89859934318251
85.83558058538856
86.68553296117278
86.61432835456417
85.59349081073654
87.4394989409357
87.27447717856134
87.49413624761578
86.28066516181462
87.16790659333897
86.02646186579187
86.37991451858153
88.33740842908294
86.43647852691788
86.88604104364693
87.99186417215677
87.09142946059532
86.92117109350362
87.3076576484947
86.84563428974378
87.8612222365112
85.55602014273914
87.69786807492136
86.37577450455878
88.42080055801533
87.85112431285879
86.92745316837137
86.49245213148677
86.10924140098767
85.62376342153169
86.80762984414773
86.98885508311926
86.58805059674175
87.87573289599656
86.7291971180292
85.74720740246293
85.42978277933949
85.83067621411053
87.61931066507513
87.52991433186703
86.26095606486516
85.4840430126332
88.37417197570494
86.86189920777878
86.68766298694528
86.81914060837609
86.81064610192513
86.23776903705853
86.94090023455027
88.22844666189232
85.69222434721577
86.28530620678143
85.67359252593985
87.97823650369432
87.2186732091398
86.70036896529311
85.49433505947906
87.08480117389784
86.03954909317524
86.6211483610925
86.62794429450956
85.71317967973745
87.2498200848569
87.09238593246661
88.85024994349699
87.66477426531699
88.18408899066911
88.23806842657285
85.60434287454902
86.28972048309915
87.28844427203553
86.4882552504228
87.34492964849139
87.35566396401012
86.21005367671665
86.62327717286892
86.78056050375615
87.73484807188473
86.94242252546327
86.95075171221924
85.88257678590936
86.37229230894313
87.49230281618611
86.67867083148082
87.67212457692875
86.85243095546628
87.0437667516219
86.24361856545893
85.48196931325715
86.3337102196269
87.42699337068404
87.50076383408826
86.87770787464878
87.54292710387064
88.49604936344315
87.40052320970112
88.28164326163878
87.18886700731225
86.08193318729643
87.95807128324203
87.86418068710564
85.42151017082855
86.62096480737326
86.41972428395431
86.38539714073646
87.17900899477783
87.69220357831584
85.37217960642243
87.81066478086723
87.2437281244379
86.41310451611312
85.33507467638253
85.9556730693624
86.11286820185732
87.03226658101264
88.66840946645465
87.77862877829939
87.68572847832341
87.32819364468854
86.46981682726306
85.21155129361166
88.1426121372484
86.35174637812248
85.76168075622435
86.28239124738352
87.79563710783012
87.16024200638628
86.68660669772687
85.47514604186709
88.10126373313705
86.01425006870203
87.26655899922179
86.4925294076018
86.22164623496207
88.0445387023744
85.95082797396927
85.55478610134813
88.32659060475548
87.13426212084623
87.05749740036792
86.63766462123229
89.06118235201451
86.08231868726612
86.68049826453145
86.3479700483226
87.50764019547249
87.28303725391369
86.62766658353162
86.91080923330468
87.51225270197676
86.58352405980932
85.67866679035386
86.89176422913843
86.8632950462811
87.5746067369389
87.19424042329584
85.86616088250896
86.85293401313913
86.54058229828777
88.79440461032232
86.49148322049042
88.10660658295016
88.20655162581686
84.73876255297671
87.52230129115435
85.84197792302685
87.73881056147073
85.98488062124423
87.59399870207562
87.70404341440945
86.81694032202125
88.20893355742716
85.23695213041871
88.81746178801895
87.22759423556309
87.96969539532031
87.67751908865357
87.45762916978651
88.50291245477935
85.9185411457317
86.52391905880447
88.3088922103467
87.28666886196243
85.10809638954245
86.14682744473662
87.27338377244402
87.11816223958064
87.94913325421723
87.11875592367805
86.72144126284908
86.87260901201512
87.67280693936635
86.70746064464345
86.68539220822596
87.78916925183854
86.47427997124525
87.36964927493541
86.82773138332446
88.38137927500114
87.04208438642614
87.04343110535292
87.03267223292008
86.28957908027351
85.44386512875204
87.27962707750201
85.41890351654023
86.03135888409679
88.30829980518301
86.11200323621912
87.0117437169599
85.85995592374555
86.91275190623472
85.41671147694542
86.49326454887903
87.07401543789375
87.49146569462972
86.77487536378811
86.42072663105412
86.93670720281347
87.54614196839957
86.34287975688166
87.86320854023036
87.62682345614799
85.07549798011758
86.30442609090267
86.50090447876681
87.42025269167088
86.4049849039037
86.55189966330815
88.49984339411075
88.01548474981445
88.34368191885238
86.47403857651054
86.93115713903761
89.39495483310233
87.75905046160828
87.55706504815053
87.81030096943665
86.92516692538054
87.46890401544418
86.89079143256107
87.56550539287143
85.66831920927065
88.87408888265642
87.63877742537846
86.54465598934648
87.42329788481035
85.87821323261979
86.4508055795395
87.56682196287848
87.83480288887333
87.74208812112012
84.05576127323674
87.06940457074231
86.87740150439933
85.60084505971311
87.09850738796153
87.22052039197662
86.62506149555927
87.60963263979237
87.55259825800152
87.01089423172364
86.11881914720847
87.12517923873027
87.34321442915935
87.03316626896056
86.37024151066598
88.30997487960431
85.42969909368053
87.45122188437186
86.50207518976534
85.94178543703046
87.16811255502917
88.12698153028984
87.55057971780671
86.58982492839516
86.05484360744839
87.83242577444078
86.93389462691158
86.48942777544863
86.57752618505315
86.30524540172352
87.47691667651938
85.20959096656492
87.31164671415802
86.17743169736737
86.54419897188225
86.83045573838021
87.22737998643304
87.4682582082446
86.55977517440255
87.25764946189766
85.29636234885152
88.1022739461204
87.26626119830686
85.50800449802003
85.99763418209288
87.29125314329558
85.19353906213028
87.210811256409
87.27252640357108
86.12346073752184
86.91953287418389
86.53560570284628
86.2021756647541
88.67018474422109
87.71548627415191
87.21204946431514
86.31658273736831
87.10551254880642
86.96164099676497
87.53530719296113
87.13131426802605
86.15533019275311
86.95391825877202
85.86664485780084
85.9644601770142
86.96541558179655
87.04909028357464
86.69960725079285
86.50703512922672
87.15318587173124
86.20230473161175
86.58890721678662
86.57462377974174
86.46362262505826
87.29133295487067
89.16351957718688
86.59354953472209
87.52359721859158
87.81147840665652
88.39644565010614
87.1844029004609
85.48082183573626
85.96167530245008
86.11541131435058
87.50877697731632
89.59283789965221
86.72684439005529
86.79522256813402
86.50263343130906
87.12730684729625
85.79929351249238
86.52975015811792
85.21022531354751
87.83233322701335
87.01861415610647
87.73511764564176
87.5802943556304
87.59745346020924
85.94580620654283
86.60938518531012
87.00360397528374
86.1505531750462
87.56070707146688
88.20874202981413
85.28481692398819
88.21158267878867
89.03341779571335
86.31750319854191
87.49389389123493
86.87247470471841
86.96768855905539
85.62148629834826
87.80657871149194
87.38153412950969
88.01611427013431
86.77309757707833
87.35122344647324
87.18433898317711
86.58521360923231
85.15577258738664
89.36854142087829
88.44631493737722
86.85475820251756
87.97910444117244
86.71344514988103
87.48386489209649
86.76026271984323
87.61896587003575
86.67696443885625
85.78635855346711
87.82689029427807
86.29789845110378
87.80873120061516
86.73596353828944
86.88885941650399
86.10479601947367
85.55850824234489
86.18939883847395
86.79768873009527
87.42880746166475
87.05405436553933
85.77670811294527
87.8348611885221
87.2228635859788
85.9848759791558
87.19433246225206
86.14803374298407
87.7974240864321
86.88073773839709
85.6920343742348
