85.65458939288949
86.32715258544648
86.56524869773578
86.31705290904333
87.98823111269907
87.7132294251835
86.81938569216172
87.29593295608817
88.96413212582429
86.44827774272164
86.61488178723461
85.6253815253628
86.60959168338005
86.22627544998893
86.73624101601332
86.35393132880715
87.02216056747268
86.6775144731688
86.80936691531119
88.60284523437046
86.81815375321432
88.84567580160757
87.60368035028242
87.32439054241988
86.46159789060083
87.67310965416695
85.45431676842335
86.77586660342347
86.66806596455338
87.40838990003847
88.59982742889547
87.90067365756175
87.8456042293481
87.4394537753302
87.27889280263604
86.18625026369271
86.29091433420652
87.03735108577368
88.3017392021397
87.0568216978489
87.8511044745546
85.98005787282872
86.1830597387978
86.42887495681832
86.21073350028368
87.19902787803511
85.98794038838867
84.88330155640391
87.54180242187977
88.0745827360055
85.9550725543872
87.77837032685323
84.93349153190088
86.27804321953967
87.21916006006633
86.56373418581046
87.17527543289954
86.25239239400933
87.95380523914956
89.12776922709236
85.81419206302614
86.49517614533173
86.12894201850615
86.69636446974938
86.11280112569662
85.82954398167587
87.6326838179267
84.89750704576325
85.6561011919173
86.77572922550317
87.33139039915102
87.47345686679844
86.83816062826543
87.59398622574273
88.95120963086332
86.87631884473798
85.45720794506074
86.96455711471936
87.13958581196178
86.58688626621434
87.80406390599525
87.57780097028233
87.10660872394553
86.53244187633254
86.38597197106373
88.85121963319664
86.53625175671333
87.16228468719281
86.64358764285782
88.82853141243592
88.11873862427169
86.22738188492414
85.281735274665
86.27151609856546
86.11445239387652
88.5531784507783
86.35017259442901
87.52366641327264
86.57373315296346
86.32303442499541
87.2621329682703
87.19361335555035
86.72140970472833
85.16494064336452
87.59403533487034
87.32999129630669
86.87819399645433
87.17592228601197
87.01062031892347
87.28009392905919
87.82852178881151
88.66458336321016
85.9712954522174
87.49426210444864
88.23650688326111
86.17097740598678
87.03020520048615
84.93823604318958
86.61846593438383
88.03997929920148
86.60750634830345
88.06451822104896
86.97790840823897
88.17811567873652
87.94799331672886
84.6801442764329
88.74202728556007
87.33870180693184
86.39135382939703
87.87772696256091
86.49962046492757
87.07561928108692
86.28060800893037
87.10360335327734
85.61085155039108
86.6558766174679
88.38527324103923
86.68905159923206
87.02186665858113
86.48189096750363
86.19968398686285
86.29443942528391
85.31798458569187
87.6449887453739
85.76217277594132
87.98383969730757
86.3166645120783
87.27975751254709
88.32509383073898
88.19185630515081
87.08356246208199
86.22646746111543
86.68166587138772
87.24081061388391
86.09476694873288
86.61853897983787
85.02154873037809
86.36610112241007
88.38765629451729
87.4465464460825
88.25505837305357
86.80527145981736
88.26305079407452
85.70764743629651
88.42755441174181
87.0136623411696
85.6858032423183
87.87093036693747
86.4512997223919
86.51566860524441
88.1022124567815
88.34315049322332
86.53182255945588
86.32388554139072
86.09405148000977
88.01934528687266
86.06210199180099
87.79613451552157
87.4086382132033
87.32187796522516
86.95309282070001
86.25500121554903
86.81500934651272
87.24616986833632
87.22777338920096
86.71769522662284
88.14488002823384
87.20754165154476
87.31638366128135
86.36728085978233
86.60432732997381
86.3823264861517
87.34257586181697
85.50912229769867
87.27891990525664
86.69792357669533
86.2608412007931
84.6673257954869
86.3730692844887
86.01236033425015
86.62901197764359
86.7047428729288
85.16005658994376
87.42676290385451
87.02786848890372
87.29325128917317
86.28497903831892
86.9634377040905
87.6237259962273
88.21883080547171
86.10431152232
87.10737848061177
86.56185301448569
86.4044590604983
86.61561960385114
85.8379540927379
87.93666187655379
86.872321145266
87.84234656741974
86.60907344533358
87.7007974408843
88.1320905827412
87.04129302157376
87.769461613576
86.37107599494882
86.25404484093063
85.76623707954057
86.20350777443139
88.32534398204038
86.49622260130846
85.69712604368702
85.96905774849476
87.97428614980723
84.9417733883087
86.78666654761365
87.76902029080799
85.94833530087367
87.45108300298507
86.3533659283003
87.77240698520112
87.99021933866275
86.71239050188814
87.1868106887156
87.28028322663832
87.17934751428291
89.41104073136637
89.74925673218765
86.69915298790713
88.16223029138528
86.61726476452637
87.55320253385982
87.47045738756646
87.95161251861327
86.57063449160094
87.09057105840483
89.82071309874912
86.41035389315549
85.6570193189953
86.67485528952406
85.75163998220006
87.50016874795351
85.33926276464271
87.0953712126116
86.59679075523471
85.55814340539004
86.24044519385279
86.96298856969089
85.94034649600954
87.83383556894195
87.30736337709683
86.33818613087988
86.54953465904761
87.58179431164355
86.68248139783135
87.80469922596788
87.98982026663914
87.04628788367508
88.34463731453353
87.5676716552819
86.69540715349366
86.79194221497777
86.29393838090728
86.84491605078705
85.88269446765293
87.88372740167408
87.62709653538288
87.07449037651931
88.10348113390168
86.4918240070236
86.04937158694072
87.50953577882099
85.07409413693436
87.7544400664925
86.97078045664142
86.8312735106484
86.42557211365498
86.48675550652369
86.77703898367285
87.74862374418224
85.1861256215269
87.22379945235151
88.00170748578711
87.5877602313989
87.91415506567256
86.88299121247194
85.11098481766167
85.69587474114887
86.25965954804563
86.36256549867599
87.01121107996158
88.15568925578049
85.383216775111
86.3464636653855
88.3192048283582
87.25124878192804
87.11607006623407
85.8881655243752
87.4894141349184
86.65584945903687
87.20116933827866
87.38998031012143
87.05053625611177
86.80699011848573
86.50900574006432
88.5622652784728
87.92370672529172
86.71902492109852
85.84685910390428
87.62328775445273
85.50842550934016
86.26393756388396
86.85466094103698
88.75523670092434
86.73320197883653
86.36679566930995
87.35545681823939
86.92637955006147
85.31911832953223
87.98535415222678
87.95752303361616
86.78062177132449
86.77565352353577
88.37651816083691
85.36656284600912
86.73215105239264
86.04951106310749
87.07054354665772
85.71215754919484
87.09769931254881
87.06073137285576
86.4613311395533
86.47064443015547
86.86373851939537
86.09145812403794
86.80327170526073
86.3004782504595
87.140396942717
87.58753338162676
87.15684513521074
86.63844109228144
86.23940743775431
85.76306526679424
84.73372701428788
87.01825462719657
87.34918967295611
86.09271563609462
86.23512264196494
86.0726374794137
88.15015654330386
88.88840450508388
87.72101796919448
89.10345753370615
87.05242242115378
87.56639053829144
85.3284414952258
86.0264337873529
88.02736683595306
86.46256641665137
87.17419120919779
87.89112251546588
88.26962454634754
86.67520847777617
86.0043092721948
87.06264809292102
87.93236886294271
87.41293615993817
87.96949256226539
86.84603579607315
86.62144759759632
87.91257984822325
86.10140443034288
86.54145580851282
87.28011799200767
87.37436781630613
86.48821144389576
86.80149137098243
87.17658085392583
86.14829819981198
85.76196712351577
87.48854454179049
87.58807827519666
88.6181031322548
86.57499682120914
85.34829782495058
86.02815460888841
87.7054996739387
88.1988049587759
88.04436580330152
86.50133292672407
85.31303104556027
87.76289396596886
87.5665031300819
85.26630758492183
86.80378263611716
87.03921646043233
86.65626025082894
87.67664550949227
86.049151153324
86.23220362454374
87.46661798713512
87.99328048696111
86.75271194257839
86.54208894755939
88.14277989506449
85.79268889840013
85.93656988891031
86.05529868938666
86.5345749319182
88.1612764388713
84.45703334724604
86.92182938240832
84.91495409539256
86.57045116105571
86.99472917151128
86.74304764054845
86.28558578060054
87.47646832327099
87.06191778753039
87.57494449619303
88.32396373065508
86.96997363135823
87.77999960575414
87.12750627832976
87.02267823641677
86.2816024368621
87.48352865759075
85.76442545090867
87.32667394260687
85.77203009420532
85.85666681307505
88.08424841545293
88.46065730847027
88.01357033198327
86.94711330666996
87.08775322703116
86.47452773297063
87.58455197385874
85.48451260977731
87.4627149928068
86.43916631984865
86.23416988030242
87.30858564248993
85.95328404280205
87.63575210999541
86.65056716179299
86.38100133201624
87.95763324441674
86.7152468186051
87.12194974696008
87.25718607838633
88.44563148009038
87.79867420592261
86.28086501193374
88.34909047783293
86.35383553241752
87.53799492287257
85.52288163214237
85.42985531905626
87.23331923809532
86.64814101473348
86.37691870658003
88.22295409272121
86.5683825878876
86.02591824762425
87.75809761105062
86.4534722316038
86.27325990577039
87.55969405728611
87.29761153730396
88.53733330064765
85.51717980016728
87.31058029495073
85.06037021077266
86.74000055835333
86.1048784341906
87.96728277902534
86.67228145783979
86.87441501103389
87.3883864636642
85.5612448249542
87.53215167393334
85.51233302798731
85.51324079450067
87.98006830550428
86.49905332052082
87.94677789192188
85.90620696227687
86.39189180488995
87.03794470592233
87.06257734878251
86.05555976271131
86.30117817791425
86.40766947015972
85.79057821269657
86.73993835803695
86.55814143576498
87.22896512200454
86.09512422491466
86.58518830911808
86.80146069489896
86.4845699783773
85.3986564315183
85.24160611927375
87.14451927888922
87.11056402459988
86.3385714855026
85.56898453625315
85.41410573025419
86.83889886578167
87.83257864991397
84.57722829938574
87.2194153641372
85.46804844063765
87.28257858647515
86.30297875830443
86.7967598540662
87.21333758983194
87.55200016728313
87.11939331273273
86.69395888803628
84.69241007492312
87.53335825745937
86.73264925674945
87.31210198375021
86.87161744046264
87.22007634822127
89.02627256691937
87.52206752093889
89.07652715362033
88.804127820782
86.2340570407238
87.43933682742487
86.85296389276778
86.6831225880104
87.13200102383858
86.32679645677035
87.19709751687209
86.81537858088706
87.32254689264428
86.50765795647172
87.87322762186123
86.29662186304085
87.03770092102309
85.52254056139363
86.07773044004237
85.17072192209724
86.9588512578313
87.37033010943917
87.45068652407818
87.45092389135633
85.77137181470212
86.85229981211998
86.90581039348527
86.12963147663596
85.67761956239879
85.83362710892254
87.99755126069553
86.6385326454795
87.64410142267376
86.58678078138242
86.38513749314879
87.68287748761196
86.51589779031607
86.1237791302205
87.67907192180373
87.15715608347055
86.15939787705761
85.47753141006537
87.5658594455262
86.18029853316334
86.70052729636215
85.44533257579948
87.89639318978928
87.70186836689649
87.1707820086902
87.20240321596332
85.53479346205906
86.13115594259662
84.59231834862348
86.87439760913945
85.10345234936604
87.6451287949921
88.4592015821289
85.47058231029933
88.1057395761413
86.16990133057936
88.1672559367131
85.67752873680571
88.54579625609371
89.09913229723328
86.01765536896285
87.7635921882763
87.11346808790199
88.01466036356773
86.35215178631533
86.56510607765321
87.47028008831737
87.30198223464743
86.94364480265018
88.50632992715202
86.59192361677171
87.86618012754455
86.0440036409127
86.67715837786534
86.58918235107708
86.98799711202683
87.07947610053473
88.11360885549318
88.64783490926298
87.34422386333023
85.87215766317058
88.94825860600166
87.83305327027237
87.16278910544288
87.09441192231161
86.6607250455915
86.35116502377484
85.8866030602973
85.50603951253878
86.05074168750717
87.49765782796142
87.86142581113714
87.1656322094339
86.83036759780133
87.15903664662115
86.88566025085407
87.7762367037988
85.21465722831245
84.69300391929728
85.09968480212895
88.3744202086373
85.2727566754652
87.60461458188783
87.9350578759974
86.67419920384165
87.18220635831784
86.01156873219891
86.55489700017534
86.2858211216942
86.87089456757286
85.4071642603158
86.51626381662011
86.86914460518402
87.62452622558921
87.47444203118363
88.22194845985946
86.72613027962923
86.97994177879612
86.05233630572636
85.29307877841298
86.6449047039101
87.24289603923917
85.89296639079978
87.11617008560076
87.27846340142547
86.63875699511776
84.94662377554506
86.98738912400624
86.27769265920358
87.88160531154945
87.26906226011269
86.65096844024376
85.51127684361143
87.97041960403263
86.38240181387545
85.93961970461676
88.08611546679859
87.12854582775178
87.1908141599266
88.25459046898114
86.77642395537158
86.19990090465035
85.90616694492618
86.73312847091073
87.70237667349542
86.09029748290257
86.60966160154902
88.01761571135901
87.39584744502936
86.7289503113727
88.06884307248346
86.17824895477777
87.8865894748391
86.09691489140549
86.7418997069158
87.59258853493382
88.3562529648382
84.90594399547325
87.20946686176273
86.17082220584464
88.03271769730863
87.08832939789303
86.1538586607862
85.85076982521791
87.19425329423522
86.5448878435815
87.79652795131598
85.95253357083554
87.66215684988674
86.46086706958629
87.05581627837903
86.69372517908002
88.61788367768582
87.56105477914548
86.43495803494756
88.49721206485115
87.03836350286483
87.46885774391394
87.02713087533309
86.72654249841689
86.63887374055074
86.5065282464151
87.54661736578437
87.12398636243162
86.57905655324078
86.89682856189052
88.02518801840937
85.9562638469615
87.64781238300269
85.81131516182495
87.35932495925623
86.85190067254413
87.47271533774477
85.86035483877836
87.31531174372314
87.50024353548916
86.87501695426943
88.81118128021386
85.18692092738368
87.01827597309097
87.49041610348796
87.1209737890302
86.84778234880656
87.13140828099404
85.48514754504207
86.67318303241895
88.37182388162385
88.47713334385959
87.17299804727531
86.32062022730413
87.39356610950009
86.83268038712441
87.81533529650272
85.4990505208331
86.57911030902181
87.11082537637927
86.16670670280564
87.13815998083604
86.76887594536569
87.37843622078685
87.31032040971316
85.90423513696321
88.45071499519516
86.38150908001866
86.98030900055375
87.42220567099511
84.32034998374709
86.31253145347247
85.53542602074141
87.60934062095254
86.97031554368384
87.30818340962499
85.881771231217
87.08915695672088
88.02325892186701
86.14555974331664
86.86365208008372
86.44642724663082
85.96713946874095
87.86823481648864
87.09570739117268
86.02465377248221
87.32285921967753
88.18387562826723
85.41663682868075
87.23273139859798
84.76074092118273
87.86263775545271
87.61196280107524
86.1062484743394
86.49327987275261
88.12559901657507
86.50269694293242
86.68870044290951
88.37265850350326
84.6744104543052
85.36943888059504
87.36089296186984
85.999199935451
87.63578998772898
86.09558881800346
88.02710909738956
85.18484511726282
87.44445432917912
87.02588202982365
85.89659499428693
88.74026375634345
87.24602482383925
86.10516649710752
86.33547158703762
85.32774926946682
87.1048902718613
88.41122910305204
88.29107176097774
85.15894602181606
86.97170283599483
85.59377357051022
86.57138727405342
86.9225928107824
86.7999107983439
86.55803475638072
88.09111853811731
86.0696511837093
87.44057724418792
86.59093129856171
86.39909622765536
87.92302690283466
85.52382445627052
86.5757398138264
85.10133067574228
85.0197887163165
84.896624409425
86.57631767944227
86.95774400963298
86.7482527532679
87.09063422649297
87.52292887748081
86.39949938905865
86.32548378205655
84.84803484984005
86.3610727626471
85.8970587536504
86.45552928689168
86.55857466053489
85.92243022775808
87.59857001972163
86.3523706319966
86.91922047009103
86.28515757267067
86.49648470549099
87.76504620979321
87.34197229225528
86.96380881522317
87.36399219170349
86.66250934294553
87.54033026330896
89.15743169274485
86.71120882000854
86.65089529555583
86.55389496758242
87.43206899473431
85.47195875997924
86.86184189815529
85.69587971179232
87.69939099376158
85.37858665513347
87.47356249599093
86.6962350475696
87.45806445309039
87.8121475308695
87.56463510734805
87.90828712927915
87.2358160719034
87.93484801196898
86.0617958739735
89.16951922428409
85.36519730406829
86.04117884366615
87.55650366746312
88.7130235082629
86.02661435656941
86.32527708766236
86.67971237732206
87.76765207065502
85.67430236100309
87.64994611130224
87.06335766044354
85.9141477106976
87.12978961356157
87.43925510477673
87.27573536570279
85.45339491824356
87.35944903270894
87.97195348571209
86.45636807870461
86.77018372446197
86.74657856468116
88.21305777817749
87.07199869316968
86.09009870656719
86.32289659036897
86.47832054683313
87.25470305581698
86.8704025752521
85.5210603274779
87.85544426338069
86.56095788623944
86.6803267777227
85.93481196199393
86.94062221847233
87.23508219791661
85.77912203257644
85.55052603087685
85.83992540159826
85.86238939977632
86.80757873387792
86.34471728264063
88.08988187504417
85.42741527495495
86.38746513425899
86.37671687025487
87.46951924850802
86.36908941342811
86.59430343564753
87.03183038552048
84.84022354754978
86.91797168618973
86.2965836311551
87.28286743762217
88.0000500808813
87.50681121913463
87.80684451534577
86.76653044332576
86.24806084171998
85.13332820118735
86.88911187627643
86.66817922676269
85.7878589540036
85.3167868516324
88.88838141559381
88.56312792159972
86.87596328458082
86.57172187490157
86.25069467082739
86.95015470011315
87.36043986415731
85.63557865556427
87.41235701451012
87.4374884148721
86.0109218087712
87.20998778399922
85.75266139275787
87.18839930991214
86.39432792765577
86.27199174591979
87.9006705845113
88.14504997360878
87.17659750978926
87.34737799926035
86.91688893822723
85.32623422803775
87.0704373412982
86.81794967792761
85.06806329128646
88.06132674660046
88.38058773625797
88.01734063191354
87.58512112267222
86.65139127698103
87.6856560739375
86.4447685588523
86.81578788987522
87.31155427048986
87.7587729684923
86.37162236173745
88.67790109546516
86.63921652243506
87.3031561349545
85.89295687592377
87.7080761460289
87.38997453157295
86.68771466600586
87.01120560628675
87.42322466278917
87.19210888557977
86.70024725460166
85.51395851936077
87.01627658303404
86.3662529811718
87.8876398846416
87.19381218860045
86.87844796378299
86.54822968367435
87.74228215243095
86.53747812051698
86.24537282868928
88.462505367043
88.23373128561514
88.7273299426437
87.4365732468236
88.2359715772953
86.50981299568477
88.8763402846935
88.18346320277915
87.89168533780638
88.29945142177156
88.5655032686528
86.40293395397222
87.12441065700658
85.63607604650453
88.69067005309641
86.51746901248737
87.30715735116362
86.65783935650903
86.28738210722528
84.87078395390859
87.78182305845786
85.90282933442785
87.08394006695005
86.67137286050287
87.78206153245583
86.66898725695785
85.09072407522595
87.21768837431986
86.67687812377449
88.15611639265383
87.3500387163602
86.16568281004395
87.00880816065542
85.28509764205296
85.51584928525607
87.18206735331987
86.60522455752087
87.80658066839172
87.78759630910652
87.15217059192312
87.13448772658958
86.9141150002981
86.97514324296809
88.26961574692425
86.44598848249844
85.77335802292806
86.98376304449661
86.37970527571157
86.08376167598658
87.15479566451847
88.09496062347749
86.74330402319086
87.05965414524535
86.74548693897799
88.54015780125312
86.33342887683595
87.91406107009318
86.2406223876945
86.2605766422246
87.51919091640396
86.91720667822048
87.74709143693802
87.51602625173861
86.91601010877953
87.76437746244126
85.71252639469205
87.72695971252297
87.7211109265739
87.00590955283778
87.3089532584529
85.61715737074105
86.72245607173707
88.03375419016974
86.35919825417876
86.02511339477363
87.58199852862454
88.06408284134692
85.20199282073798
85.99642991710506
87.95089346748733
87.66898290585478
87.8478707951267
87.20958912720765
86.98367633070592
86.22214009268914
85.84744047072613
87.21339503241356
85.9228807742682
87.61244169780505
87.56617421336809
87.26059809878195
86.32751984180301
86.83614015447337
87.04815007220128
88.60810220129986
88.08622037430251
86.20613312688565
85.93593367526691
87.34010432520951
86.30185687483448
86.94537410899083
85.6913606534153
85.8265706256885
86.93970560372304
87.29978238432044
86.53206525964023
88.07892013076525
86.45171543953195
87.0360706699002
86.7380110739452
87.23662124276882
86.27116431629716
85.16816138639953
87.00358823966053
87.03113594772321
85.87753195851184
86.36489205676293
85.84387569730038
87.60019810728879
86.95582476163158
87.10137929080275
86.93808719159207
87.6396746328255
88.8076639750299
86.7932665837624
87.96340472428699
85.54092851156814
87.88560110502334
88.26337388892736
87.049298263534
87.23208837837171
87.48170403362843
87.62617741344806
86.86960758262802
87.58364285167241
86.32044931603035
86.55008936337939
86.8665921594246
86.19023966006392
86.12522951283266
86.04596857566663
86.96886235463897
85.18700297653805
88.79946417695056
86.69332170137335
87.54812428873856
85.36401322614111
85.97821383484509
87.69534572852294
88.26591540155867
87.3681777643072
86.23755900089267
86.96706082770334
87.28009249839853
86.93618107820049
85.46325361908353
88.12724731740005
85.86449588663781
87.8848069757017
87.4955497102432
87.16194702037212
88.7925573485396
86.69214415381954
87.12484441906938
87.26672531711819
88.05715313450068
86.35763368240059
86.3111280442448
86.72052764035935
86.81131586971256
87.93200800943579
88.40459437228779
87.34393881131606
87.8837721233308
86.20873535629552
87.7191156673299
88.6102184326965
86.90744591527864
85.89690845144953
87.63739785439724
86.80526741007013
85.52303052904867
86.45704843210828
86.12526858406827
86.186999297419
85.91959732500325
88.0754842716435
86.04776784779888
86.52344516025684
88.35763549681135
87.33446541333238
87.83355537288313
86.87849236795498
86.05352500339814
87.07225788517219
86.30004779976996
86.61161873691938
86.1846230951171
88.79674124954575
87.36954402895381
86.28099913816088
86.68548062559977
86.90692896162189
86.24371910889266
87.81090266442553
86.82203420692058
86.85948325742
87.84580345602733
85.85325857271883
86.72541890454087
87.90802966323642
86.19774491903621
86.50670742652093
87.00016535637111
86.78468944777691
86.90331389361698
84.42606263270774
86.013855176851
85.66113807605005
86.01310186865413
85.12946513617916
87.35016420837161
86.90306607966514
87.16876482317389
86.23914174594661
85.5084486663342
86.85318311489168
85.77633440721378
87.31787480716974
85.9033290578577
87.53123087872038
85.39257863222619
87.85170975023892
87.54696546524379
87.0639697310819
87.58344585634269
87.01019466579231
85.76903091053434
87.87696925166357
87.00038393928179
87.02100564117055
87.74227123036243
87.29168112991263
88.49298008853435
87.6966254437987
86.78293408167112
87.0736273063359
85.61969121421406
88.55477882054117
87.6971163819507
86.48840100116979
87.74019770883022
86.53406155436367
87.64746534063183
87.71990498645958
86.72718210896504
86.5098295997552
85.74367556105864
86.02212021638425
86.95848571892266
86.26861421869145
89.39939904851563
87.69292996810412
85.80418988359743
84.97559924949574
86.49553886594906
87.94808048760282
86.97465231117464
85.90829080705666
86.89319824646616
86.26397860166992
87.80683019018788
86.64441714270059
86.19757213587795
86.75487550557725
85.84663379286009
86.4027699166572
86.28448273554757
84.40820143690564
87.26280683237216
87.21348177736547
87.73243183936476
86.29864793336856
87.76218272878143
88.03639011920602
86.47628510046474
86.17570517393568
86.96098013332869
84.79275420987629
86.66740337624618
87.6998037998746
86.94478657317113
85.93902404903474
88.55232519331139
84.36090073318965
86.7370447336524
88.31321119687807
86.33031548973645
88.98592582205609
87.30164272812559
86.68924250191625
85.83873041418288
86.88905564198308
86.05363636496205
85.47479345307431
88.14685145097481
88.35075226514455
87.89546587116756
87.80573699850297
86.73198284065492
88.19311785665487
88.14198037888823
85.05915605426806
87.11939040703541
87.13303056346403
87.76139160795285
87.94443042177734
89.23487126740696
86.66343527423113
87.06073359089064
86.91213596410503
86.53712850529392
89.34598567500521
87.7465480614797
85.37524959869143
85.84316351460684
86.51181426568351
87.78898161585079
87.49961418804945
86.68739856653136
87.65662576460085
85.73023018857059
85.57839168711143
88.642273368155
87.40274285741847
86.74507696302753
87.64538041018133
86.8215802005656
86.65358906563574
87.07532678228362
87.12679126881025
88.49455774404466
86.5805193152186
86.93772592915653
85.99287461381611
85.67175071750198
87.37089610455546
87.54083244464981
85.56921735698323
86.07796638833995
86.76510687058182
88.02864815159896
86.47377179924064
84.75477948336919
87.47143795929199
86.22655893701268
85.97129555416802
87.47004567688563
86.88559846517703
88.52684490649806
86.18944306905631
86.66444884414356
86.88240059875214
87.79338895950039
86.34177300064079
87.19617543194073
89.05883288175956
85.78198779013745
85.85364530628371
87.68201340857497
86.66708784576443
85.49906608950904
86.88614624608027
87.16257326712542
87.68048797887681
85.51331823025146
86.20771936714253
89.37120096979827
87.19655567536128
85.90658755789492
88.03666273077268
87.49764834064801
86.35898738118388
86.30403812539501
87.98025831999895
85.89839606699218
87.085374102885
86.9104837341054
85.91834816236924
85.37310994863766
87.58610727284386
85.46486356032456
86.34137724095211
87.6510706803678
86.6267304810585
87.7900924688337
85.93499226275235
88.37429377179352
88.00653295619726
86.65927170950886
87.27511562873457
86.73566276047808
85.76471386574029
87.240211186723
89.15551852288313
86.83199381196503
88.4897922207457
86.35526906134488
87.33247824894707
86.56290972735667
86.26052380556884
86.45937232800739
86.52043095515086
86.09367754973054
87.19627640015115
88.45978990988965
87.70180683243518
87.56409890905098
88.02165960017606
87.4139236156567
86.86674699674575
85.24411444380269
86.91774465532723
86.74822554709165
87.1269559134005
88.09314967131769
86.29062418137737
87.33695971283751
87.09964680581145
86.56261046444834
85.54570374988029
85.57994889251559
87.209658215863
84.65897429204597
85.27497252743962
86.14766143711064
85.34886020229521
86.25400142866388
86.68064321431864
85.91746952246694
87.84251863111938
87.10582442982641
86.31009821358349
86.11583010111754
85.91262736761958
87.08226230889777
87.92082413838979
86.78543043947856
87.82450927657831
86.65181716800534
86.48839849201582
88.69360150716899
86.52452855367846
85.97200513603227
85.93942714331808
86.34194081612392
85.35784114073734
88.38841886721792
85.2398601289103
87.91341730546445
88.33049991845131
85.52261344630804
84.22274422076642
86.36374154261689
88.17785337369448
86.24882369964104
87.24706027197344
86.87954661400855
86.65380959235578
86.24113206206637
85.74524274638644
87.9434885753716
87.0238722887158
88.55895885032139
87.83062132063439
86.8933462722176
87.57532153304516
87.46437264558708
86.74175482049169
87.67797575206531
86.19795785740985
86.79251209556352
85.47801585604641
87.66505573044283
87.8926927553634
87.06378659807042
87.42765107041302
87.65500811817334
86.49397941364245
86.78349764467178
88.1017943903216
87.41513467143027
86.59184396301305
86.46154112085635
86.20063807284923
88.08114249985431
88.5599280380962
87.4489405549261
87.92694842870594
87.70018526639109
85.52840679248285
85.8249443993405
85.91882535914742
87.77799413206805
86.85819093294617
87.24406089258363
86.32469844622105
86.39688366078833
86.93682814464918
86.13094426166137
86.5685948185254
86.95152947679118
86.25456829274262
87.30572901304373
86.47425965974799
86.59959868807502
86.99502130225666
86.66957873714321
85.71533882154588
87.57261983298105
85.94514317107902
87.3095389434128
86.64063336969583
86.93761961322122
85.83372412765779
87.26472837011801
87.44321557702959
87.50543510348994
86.97720253459325
85.92656309884639
87.04179239834414
85.19548417517106
88.84378659305898
87.69603782739216
87.07660695357501
84.43074162965308
86.82535858573316
86.60212680502408
85.69592163181049
86.93041819231559
86.65080298369456
86.47169661577477
86.46325786057817
86.57632966797084
86.74421825625106
86.97035750251597
85.57713913143995
87.11079466334446
87.03450985366848
87.51302934638674
86.40622029738309
88.347636803033
87.63924347025275
86.35497129023305
86.85072186594304
87.97053539218729
85.66105358515223
87.73033961354507
87.01106385710207
86.85214516098038
86.90653172309875
86.36473350487
86.3206112958462
85.53029749286267
88.07168551440327
86.39391044204388
86.66913042550121
86.80898903434823
87.58729547786432
87.17835385341229
86.20673983005533
86.23768027785015
86.3416996464892
85.94146837435379
85.97947420252837
86.79525261914694
85.38443711771397
87.27243385607596
86.89183194822265
87.22299495577349
86.53339807754911
86.94572002264111
87.31202458593745
85.86965068110912
85.73195357424046
86.22817867107192
86.68828561206148
87.13842139755418
87.93383783491727
85.6378497218126
88.58921555629904
86.01541771167038
86.53354623680153
85.00729943358913
85.36291144052466
86.28261396340496
87.05702208510647
86.98814174784756
86.29318778404773
86.39837334434121
87.85211370069523
87.09560018758086
86.92817601274815
87.37859784456191
85.75279070521314
87.60218824087893
86.93931735459543
84.88166803369359
86.22447562758617
86.10578068879845
86.27159191769248
85.30358252188385
88.8189797864922
87.30509352716905
86.98341501254478
86.75312448874047
86.55771328828129
85.96083759205554
89.17035268272573
86.80973454962889
84.77414081677078
84.79356848360426
86.56366934323422
86.92800233959098
85.96161176479045
88.15190091922534
87.8292999607326
86.1113719400337
86.19537852748246
87.73751809630397
87.57986666524991
87.9413787959999
87.94752723154893
85.27091614712268
87.38079792485556
86.44963079298877
88.05555249120577
88.52543731754129
88.57617549524805
86.9079767439247
85.48774701374971
86.89945728732077
87.00244359011484
87.68791719875439
87.45722052923465
85.87301499390543
86.2980559201395
85.26030732435892
87.43434797645506
86.48031028318911
85.12336740975378
87.74566550770099
87.97038900165326
87.86399162128468
86.57030727073328
87.68408432905261
85.3298435047093
88.07235706198253
87.43739069928436
86.89938139330718
87.58371380542624
86.81884707583855
87.20080012681674
85.9769237269404
86.42461835834042
88.15559880380539
85.9619296242807
88.36117739737429
85.97987282512821
86.41775833190668
87.54534098521714
87.01370392165809
86.66785198231413
87.53597933355182
86.50852373734794
86.71005390903844
86.52657272339165
88.45214559480064
86.60090883884114
87.12411130223033
84.97075721997341
87.16390329829892
86.47316399233573
86.68369110761259
86.96005824860458
86.61474834327254
87.23494673502097
86.9488830041122
87.79832184459087
87.30349678984909
87.3048115397954
87.65317952385585
86.55939176092653
87.18356220241184
86.8239055500712
85.474562857609
87.33421743171665
85.86011957125307
86.16797420816133
87.2563029364265
86.03415357872618
86.93583005044468
87.80331372278957
87.04973728214968
86.40311022024481
85.90576901273452
87.81198608847596
86.50278607863375
88.0021603079012
87.79148973683405
86.66715013896223
85.26084390605807
86.72473912648869
86.68741339609467
87.61217259959395
87.93257418738041
84.04917979148797
86.35036087428098
85.8070122072321
86.15664155692347
87.85306091986115
87.27641327306912
88.25411117760268
86.8113747780103
85.96533306103042
85.50358184862796
87.84484752359099
86.77993667917404
87.9753966228811
85.95941639108736
87.17500955469075
89.08997816174991
86.92875248227156
86.91696233535772
86.20370184260284
86.73217373568929
87.62462928082708
86.77649604507666
85.19716253666547
87.14028442873723
86.63359249278983
86.43405244950387
87.97326760980123
86.31251795704614
86.7999950128952
85.71687620293407
87.01754153713381
87.15004821365712
87.20572097683676
87.43659625084695
87.9356180504432
87.45207136876047
86.80862728617578
86.02394702652663
86.73461315289796
86.31318522559631
85.99263975494924
87.50436531665312
86.52359379608288
88.18033215205732
86.32521372856849
86.48307631675233
88.39387234707236
87.50260889883131
87.02412071444945
87.01699426670781
85.3989542339714
86.73009139494138
87.69958305573705
86.65596263655333
87.23429533699178
87.1871150233197
85.8586774437984
86.3909786053017
87.11779436627863
86.54566584912237
86.94826017237614
87.54295560959474
87.86560799119235
87.30440358766818
86.06739609360193
87.50555836284653
87.58493297984226
85.88771269811375
86.28547453877968
87.98023447969808
87.13780964356373
87.53419571435488
86.3605690808369
87.42162136573837
86.37235712643361
86.50614921645035
84.62269086394097
86.0184911366935
