86.49146164495014
87.34808907897424
86.86470190575108
86.29381189119744
87.20813620358105
87.48793655723995
85.85859787053442
88.56859301584151
85.80942259939935
86.53072991407416
85.98153779021261
87.6094144938538
87.21766562654027
85.08368494109831
87.31518226692637
87.99557798160916
87.88913427139491
86.21732900404851
86.80449536612592
86.61217650699385
86.44842128482755
87.70906268310011
87.4828024220756
86.61748408725036
87.45243078191646
85.8293377539529
86.6378108426046
86.76115069741452
88.75747087081601
86.62349394032239
87.4668889691834
87.04923338872747
87.15736159644878
85.97716610101455
88.6512201753918
86.07233447486972
87.0665280015476
86.18971899194935
86.77304159566968
87.03119903673587
87.44699211450488
86.15046237031794
86.3326580803845
85.25187120860392
86.34500409992566
86.1989328348447
88.32283083669729
88.36313007850198
87.10427978062832
87.53304324741545
87.00343871660333
86.56619832202232
88.87621258044965
86.25847823967575
88.00888578240361
84.45072902006166
86.420068471607
86.88449086841904
86.75817851277029
87.3546274158008
86.62817648557932
86.06114563962315
86.77144598379955
86.52333108031517
86.88242336004029
87.79755058174112
87.02648016754954
88.24802391001353
85.52853272949454
87.08576720586274
86.8495911941276
87.06350503079929
87.42634412687376
87.75781321791003
87.5661776746909
88.03572355856738
87.09462528529502
87.13929570846668
87.41380203627214
86.70586904042146
88.10468381419524
87.9145593541513
87.75403964597533
87.14058787451883
87.98417503243688
88.62599609691806
86.88550516327327
87.0981829695259
86.99416444889118
87.2376395156183
85.6876447034552
87.7341274973702
88.29684199317171
86.30647445352645
87.1075785761563
86.41019571235215
87.58630815471378
87.60863304364604
88.6980029826706
87.54237180081152
87.22542389058134
87.80582965376877
86.1483189098566
87.1259307961779
87.68598134231989
87.62495271929397
86.80356281055992
87.5260320478405
84.6561527915007
87.73707633622145
87.15017962591246
87.64267952763885
85.78726099216918
86.40821107650608
87.53690127706344
86.44274093685392
84.78917058259078
87.8604421587513
86.54942047259051
87.72236095168753
87.35104050496331
85.71017927114201
87.39262805633267
88.12119096883951
87.31254756476591
85.09477870101679
86.51309782863018
87.45402205671111
86.59120222444825
85.9561157585376
87.25436201332722
87.35576744311214
87.47549281620873
86.06551437091645
87.05679080012462
88.28562637037935
86.7536298520737
86.9527471338754
88.04809800397341
86.1825444310052
86.18349004728718
86.96769473263406
88.08243984802239
87.19680118720007
87.07042968075139
87.24110562036651
87.91023248657493
87.18645353845572
87.16759630513921
86.5590966899313
86.7166342350859
87.19034571734987
87.06467294809762
86.52297151083354
89.1894555854233
87.40812533106349
85.5327337856451
85.9666870105571
87.76071504569983
85.85383960740461
89.44714288941712
87.82732554791647
87.554553018347
86.18986303943194
87.23782530832842
86.55203363054699
86.74465363055072
88.40413271961528
88.06074969621842
86.40328659398021
85.84041898955316
87.23905469376965
85.92418935589161
87.5304355546999
87.21135017478417
87.81164935186492
87.32405625073773
87.3743552339101
87.57132251155865
86.3734101669643
88.13468461495427
86.73922449472037
86.9256168481372
87.09857032454669
87.7683619266684
87.77700712150238
87.31359927441181
86.20763495089868
87.44917927083976
86.53796276098494
85.98602847860867
87.7739091047822
88.38417004468208
87.47441297620267
87.74860256593979
87.8038459962571
87.3063661712206
86.9731195060773
85.96893027967145
86.93577945257385
86.90972832259364
87.79220734912342
87.99909366840069
85.84339349444211
86.55655910009327
85.43319744729254
88.05271182511484
88.09495065119471
86.97275460722035
84.48661513943962
87.01282413642926
86.39707881694781
85.97873633755812
86.97836012080849
85.89678695640661
86.35274943548282
87.46385139538575
86.48018945523205
87.53158512283697
86.30223503354985
85.28436631226029
87.14670228663181
85.61407873159389
87.56180300550024
85.15404798565797
87.04371703197643
87.16627141688559
87.13733177503396
87.96843028867437
87.57886838651903
86.15862476411654
88.71252438645591
86.07159828407
87.5101359081065
87.95071944339796
87.61914784169929
86.98842269432063
88.20470894180832
88.81005928001328
85.73888119407667
86.55596037333017
86.87942358764035
85.42093041659759
87.9396600197697
85.59263034704233
87.78093587368586
86.88965157712602
86.82007987906191
87.82003730410104
88.16192007203375
87.10007835899202
84.75290239238913
85.66036313637642
87.37263602667238
87.49396580727189
86.07462093733687
85.33949726519666
84.80735642271658
87.85412115790515
86.88931890595546
86.64235465328656
85.48035908970598
87.98482885840187
88.85860029236349
86.83100124138346
88.01352424424304
86.25028942290906
87.43759929224564
87.87838275172966
86.39452505500134
86.10993626671886
84.25092564884909
86.68315714061617
88.68639209190198
86.97235874514828
87.00893981030536
88.04141450452279
88.29663978798877
86.54316777579277
85.85378344752367
86.94782963878113
86.79644389764698
86.13277607454752
86.20811829516829
88.51801217997861
88.42191555897692
87.10877486588879
87.2704081222627
85.82752207669411
86.37220684469489
87.98845390853006
88.60706998684718
86.42289717820562
84.4270110774063
87.7009451848417
87.39389410314948
87.16302171121892
87.35474635499486
88.34283514198331
87.45832817460193
86.24529564467694
85.99303999107075
86.90358386411856
86.00301580867153
86.04881602350935
86.86748300331172
86.81382365522903
88.22536362203478
86.56864125825457
87.7194294914009
87.63703715799419
86.90591072958364
86.25557003002827
85.85091217325314
87.99506960637628
86.92677635940032
85.92960281682736
85.5728329857962
86.38570089419123
87.44278229035145
86.96179657346661
87.4685017868862
87.08323860657264
86.82264114739732
86.50383862068195
87.37397206308103
86.30131800754569
86.04738171803916
86.73477173802229
87.29258747312849
87.87959977488106
84.57719686017019
87.16182211283768
86.97321730851147
86.08116787765012
86.46072404201098
88.14730909137901
85.50433086713127
85.44821274286328
86.67904280287884
88.3279895325434
87.52299932510807
87.20679983656834
85.01932995555791
86.94548298401205
87.05888529796715
85.616149057774
87.25544781720421
85.13768992379548
86.90556531263238
87.33277494109561
88.5747518428822
86.2778131365971
87.3927642422847
89.6454150783916
87.98498169463953
86.82237317014174
85.838755093968
87.44890492548795
86.47688403597844
85.86537667706942
86.40659139220509
85.68396103532211
87.10509349161292
87.13965893110023
86.42470463959242
87.08597983013644
86.25894700434615
86.79777062935564
86.13938438348754
86.4658850051907
86.34795957174855
87.93221586882845
88.2710176998155
87.51452890574275
87.70541005393403
87.23847328315624
85.95141571992552
87.06177484330779
86.6249343591071
87.28550805133493
88.85869857170795
86.28398585712128
85.62409788892975
86.66396203062355
88.55929328152745
86.95839872434424
86.81544663597077
85.3123058465553
87.13356958339406
88.61700143168692
87.70330921499931
86.56719292418143
87.79736609038892
87.20825071920197
87.94609991390244
86.55420894840336
86.08312871773481
86.61269046786299
87.48938749507677
84.98291866084416
85.73710140199117
86.8831013004635
87.31225998354648
85.2647308022471
85.5000493577448
87.17819510627251
86.25837263155681
88.44153024694766
87.5488997370206
86.07982841682671
83.65913077037952
87.47353849236973
87.77014083883232
87.59906902239969
87.42669804348503
86.84804738319477
87.6473079160199
86.77002499367252
86.29570031377582
86.7276710995897
86.07031733347198
88.17534947708744
87.80375540296824
86.90677828250831
87.00819256717995
86.20908828717444
87.38180786059228
86.44503647477995
87.93771667301722
88.09637724138153
87.8613098308238
87.76623755178052
86.42153436752072
87.13919963526963
88.2472038427638
86.94094839474147
86.45150427756313
86.44457360525975
88.23845140638609
87.2795549551258
87.93309857848291
87.57800990366803
88.11245892381969
84.95318228724412
88.11887135891304
86.28244862437333
85.35581764049573
87.183330038527
84.50425888562002
85.53018324087083
86.0058743432965
87.50884458034143
87.43532687729258
86.37157079994653
85.6613595136806
86.67863845194563
85.33805608950522
86.80443534026357
86.82955719347963
85.854492696093
88.03511725487931
88.52399205107155
86.11799912302175
86.74990809991263
85.7313632004418
87.16128450580784
89.47194408779116
88.00294850678956
85.83061357008486
85.61549275083517
86.98310052922297
87.62246699077696
85.69119292146512
87.08165590658777
86.31263453132279
86.76469909604623
86.33454081928969
88.35415036129628
87.24062931598735
87.5293188382351
88.23985758936661
87.31301318162167
86.90791393628817
86.13635813049886
86.24965008405627
87.18744730284469
86.17115173737746
88.56001630883412
86.32122734255955
87.85154267532039
87.68846618228808
86.87297350117476
88.29186579417241
88.66599601923973
87.03357061763279
86.8620119828019
87.00684327956448
85.80814891758227
86.74508306593408
87.26801250285601
86.29563225642954
86.69023155713985
85.23898906427317
88.23254128019278
88.38063001822998
85.33961359554104
87.55703958234406
86.61314154052752
86.50722136974241
88.5180946859341
86.61804327201936
87.47885737859546
86.3253481357565
88.97476003638215
85.72179533611384
86.28741330531416
87.26248571879532
87.32752736638923
86.50958010722997
85.68177170014556
87.93761930299998
87.50954045595805
88.06334287306204
86.42866718429607
85.82392999529571
86.21645832823145
86.30537551849804
86.7161073366975
87.57286811812227
85.61623198566068
86.2407586062312
86.81671964961203
86.93841839174095
86.63442143126859
87.22923142211911
87.22686550901727
88.50551733025723
85.93830943631433
86.11488001271361
86.66820582185827
86.80004104780966
86.33111602045058
87.89020162995769
86.99143431597028
85.08789490700038
88.19022064867839
86.98348264127404
85.65897255840956
86.94248802825804
87.28321506977929
87.62450190911034
88.23920790257286
87.00428724089947
87.42240285493801
86.38563334410111
85.56588618250977
87.32533230298927
87.10875022089657
86.76278402369482
86.47256312523788
86.52317588001333
88.27032230177316
87.03200073848738
87.14113361113995
86.70320887776263
86.97175216649481
86.989044626691
87.54737472751353
87.98694012775424
85.43042620299197
87.19979338339476
85.93902455114085
87.34558573934484
87.03036981977064
86.4184450097151
85.88357539289167
86.98341412568848
84.91619534671301
86.84511520989571
85.91155737233684
87.28268384335374
87.8656509012888
86.02670677365461
88.01806740419623
85.61127701891913
86.87661793974064
86.837524317213
86.80000473569073
89.19438426700873
87.56776714198716
85.55531175488902
86.61209389380834
87.09567137207344
87.73016133119651
87.76469593737474
87.52119051592533
87.73692852043716
86.16713811450212
87.69592698025208
87.0263569278931
85.8290012646297
87.89497390134602
87.690273948803
88.91340479406959
86.4448263793046
88.17579523134017
87.12485978733336
87.71997575722952
87.08417920105201
86.78820347069738
85.58670109777988
87.56456612546401
86.62452919906734
86.03672856257344
86.41280366339977
86.48817341358885
86.85279577080325
86.42119079288535
87.76606318696093
87.13234927229838
86.32179613318523
85.87501506789985
86.90314354523291
86.89485071436746
85.6144926429863
87.32615855453543
86.71873935305754
86.90726881585788
88.29030893306918
87.08273193746723
86.5326015776808
86.25401261023306
86.28179715485746
85.82355266778721
88.08450577790535
87.64818432200474
86.87108017710756
86.04075434769891
85.76141268498178
88.65305876019707
85.58760719911977
86.54646399245975
87.44635807235007
84.90744021403465
86.0825241159683
87.3725327393713
87.08925267935858
86.6793305173656
86.42934319056819
86.12398802891826
86.53964662825669
86.58739505617406
87.64056983361132
87.16598605781492
85.38327272208979
88.91910942812409
86.35207818854731
86.66094552989858
87.86199457606077
87.51159530652447
87.80463250665741
87.09544336318434
86.09023461030166
87.20065977945764
86.75627444099337
84.81171133928356
88.12579099475877
86.01397651258799
87.67496711803513
86.82428298513015
86.04670113711441
85.3050937345695
87.1550192561908
85.17471256294067
85.42571677564911
84.85380339037206
87.35633084488418
87.3623073141268
85.78667210014899
86.64460608647286
86.45456302445731
86.37851527694471
87.23504530373417
88.47529258920744
85.66196125190132
87.1372152218411
86.3265151774997
86.84401248012841
85.70557252551626
86.20895399431843
86.67347562805162
85.64940918285495
86.50262977826377
86.60918794453335
88.09082861405
85.71129037146537
86.3726716317988
87.62718600076144
85.89014953948772
87.58636492070751
87.15329804650685
85.84215984849968
85.76695959884286
87.90701383384612
86.801788773185
87.54760011679254
86.57771710380777
86.82349376784033
87.17395395395573
85.6507457794788
87.4331729343456
87.14220755755584
86.66410092305219
85.23532869030166
86.33011616263059
85.10841861386378
87.17803193109233
87.19510780258466
85.8865367865234
86.95094131240478
87.57028710890891
86.47422517437782
86.95170292549427
86.69139099395883
85.64808859262425
87.07872143915955
87.50240646082864
86.80536031789353
87.22208578114399
87.03605005857594
86.49141521921472
87.54575311658417
87.38978711960158
86.9298995165206
88.5826979942464
84.29510159082643
87.48434052984169
86.10166395423266
87.17684341872558
87.75026039723106
86.57277912652512
88.20284550315276
87.29754219865409
85.53239001134658
87.06843125044144
87.21710476512759
86.93999608781488
87.30551873792037
86.29632150818631
86.18811687142447
87.5096695127365
86.02336895729682
87.35871343999551
86.74536387392475
86.55081187199107
86.77234097574224
87.71324287393738
88.34867768353342
84.66487959949065
88.98470597067234
87.92822829157764
86.35311229113705
86.35053421805866
86.86327333561566
87.12175686864904
87.20337265542742
86.45694387207998
87.02544238327212
87.66948689278072
87.16828177622516
86.94790824442347
88.75303672339227
86.61703021941021
86.53027831551029
86.33635146976404
86.58294169783844
87.1529109443961
87.36564183399058
86.93063021477545
85.94572234584078
86.42556793492514
88.30639436009493
88.4031862045976
87.69623304186521
86.09457874911615
86.68889126102073
87.32472182948977
85.53668267515907
87.15291354779724
87.80245153683869
86.42816204272656
85.81371200865316
86.98234744269357
87.20251543776044
86.68459346409706
87.50393550246665
86.28811071056636
87.28316389573514
86.91103041703013
86.17030936832357
86.10471711743378
86.65450733260097
87.74047933181352
86.31868434577933
87.29714581187271
86.71010544021058
87.69780497870885
86.08628719772682
87.16858923391725
87.58713316699186
86.59127057267597
86.93108530226161
87.46187995566673
87.79514069683265
87.12795677375058
87.63537849469333
87.82009650070833
87.9298812077762
88.11063176085882
87.51909494092385
86.79642090695137
87.25573156422907
87.07079767274759
87.38512811889501
86.5486922468398
86.46989798512384
86.95287828930128
86.36087302612866
88.1716635253818
85.84529823162906
86.85890864524463
87.14320937714028
87.40790479168183
87.47064554280075
88.08956165486762
87.46043175924004
86.35889431667613
86.37179000226624
87.17685012066973
85.53091157814062
87.09880660015182
86.4102859786127
87.80338570008875
85.6181427422309
87.39500950588024
86.37019442806023
86.62799828306913
86.92452517939672
86.67245706248418
86.5600850912417
87.38723461938412
86.41648785309135
88.80093952375609
86.35334042304187
86.40500286795576
86.53032822821407
86.31923628558481
87.38070070478084
88.12100009210202
86.77012135852335
87.29716073054881
86.33039281954065
87.19007601403851
88.55637792872072
85.84110603882796
87.31397491549217
86.66746899635989
87.38160857975873
87.16650099504021
87.18135483534115
86.79119248816497
90.37807072966125
87.22127051249656
86.63343776748309
86.9740597010432
87.56074314409724
87.4046602462937
88.1832150657262
87.40195031799588
86.32192013445355
87.25548820491578
86.01336688880089
85.75941104500063
86.57238060874465
86.7302760254834
86.45367924973333
85.8870095417871
86.22308417647096
87.23945757977594
87.49192746712859
85.98882305675241
88.05611003364385
87.0173808414229
87.47547060220643
86.06923827233678
88.45183672865444
87.63293364889498
86.50854940066127
87.42861235046952
85.9243488360799
86.02156813877227
86.51509529485286
88.0710356073402
86.29624117863766
86.01465092244382
86.2560301644291
86.0200322070242
85.16524447998228
87.43487655164965
86.10063371593581
86.7725535252964
88.05224976775223
85.19594306010927
88.68316603198151
86.55923787506694
87.57633482767177
87.9404835954629
87.6620377318439
86.9934107975083
85.76048997274926
86.0218074647049
86.74096940167586
85.6624960990396
86.13307326426612
88.02408874244071
87.41771681474617
87.03599431509704
86.48257207881792
85.0819105904786
85.62866907721188
85.92329749281598
86.54928092752102
87.48276780131285
88.73443720174272
86.50057353124986
86.16285329173404
89.50477147227754
88.32397475490204
86.57252959424127
86.38784716632333
86.87215795237573
86.63835369251476
85.71394964059434
87.10706914668916
86.86606239470754
88.8918409685147
87.55193866496649
87.29586194184421
87.46495353247799
85.47235137459656
88.15781337143916
87.75284522389583
84.98072116225565
85.40077041347091
86.47517129716474
85.70174844669161
87.47299320510925
86.90894322637229
87.3216007802857
86.72552474906334
86.02294449770467
86.11183540109695
87.07126512710337
86.40225923489663
87.78990440942181
87.05580895000693
86.61414548133003
88.63893028751725
87.42792598914896
86.6197330188747
86.70189257386403
85.3519065276356
86.83384620337904
87.45804242071577
86.73153173927771
88.21859190638652
86.83900671913541
86.99611589591449
85.54560280495495
87.05375621139392
86.7756312943218
86.46430889034055
86.93562764563922
87.1340751366533
87.30902695422701
86.96591330115301
86.31688261159945
87.64988494031569
88.09226068319076
86.84603737600264
86.85746532218691
87.23987113945168
87.63957650892849
87.91630871735471
86.08645801211614
88.47997893863055
85.91795287760183
87.42256737590225
87.35567006927158
85.17129380518725
87.44865169375703
86.86101080992881
85.64461767085604
87.93760377330935
87.43762520884594
87.0803565834018
86.82602319627314
87.26355102178135
85.41223701240982
87.03240275657981
87.23750691596612
85.24351703330835
88.73175964995141
86.34033326763749
85.45320096682728
86.46114502870323
86.92783069105074
87.15770288348172
85.67913116418772
87.33007191701628
86.90529024099027
85.7090225827007
85.67657056298212
86.40523468313373
85.96346183627621
88.10123624026367
86.26232156864967
87.23542745817176
87.98199358727692
86.0027887302549
85.55148169566624
86.61269745056755
87.207051535962
86.47564160696115
87.50189198876204
88.64449922425548
86.18669108344453
87.20671611291964
88.14735200222052
86.44893134765026
86.58317770476808
86.23166320564843
87.9454597875607
87.63045212508814
87.10522926096195
88.71694922641433
86.59223980320152
85.3354995963306
86.49144128770007
88.78661935653315
86.94612460066597
86.14808975819616
87.08853303231858
87.65023511472724
88.85273963460077
85.37585626605534
87.37301136646083
84.66890692246336
88.35063983269886
89.08698354936574
87.06152747890769
88.9730435363955
86.40192067460539
87.35339939215397
87.77958750104641
86.58729234080462
88.12016805777455
86.22447639271843
88.44362692995192
86.57385603988753
88.33372022361738
87.34112005125348
85.76042374626046
85.96251899961048
86.59409472115826
87.41649411060911
87.38843356407044
87.23163225642101
86.37517390678951
86.18408140742581
85.75224684645116
86.4717571008377
86.6192897575965
88.19125026688242
88.0936503322088
86.91895561351221
85.71014608768208
86.23344810227131
85.26774172661143
87.1267427778677
87.29351851312197
86.61933703827272
87.50084101639376
88.54513497043888
87.27444307022976
85.8582986563477
86.60491226858805
88.13177518276746
86.5515359898269
87.26262459866805
87.66775322399842
86.4186586678837
86.57917729483768
86.8884480129869
86.69503869111311
85.64579694500357
85.74123581938125
86.72566625563246
85.77228801163984
86.92733024421287
86.53333763183034
87.71055775902751
85.60673775184733
88.16550140496261
88.85982731663636
86.69596872660581
88.75884738672427
87.97225227425686
87.0202214031089
89.15411783641046
87.47134496536094
86.9153698358956
85.84785720200253
87.3021516809872
88.26208159885141
87.82259728976075
86.98706418070219
86.78242886688355
86.60008597359901
86.08139740701613
85.90742780199872
86.25794238697672
87.5627865303527
85.76767240074017
87.5611754791843
85.16155711207942
87.4631652002593
88.06746937829246
86.42928609754566
88.4336166644241
86.71837654853111
85.85396001543626
86.66799630669877
87.49032721958328
87.18814827070058
86.42561514363703
87.04426467399811
87.64492837588293
87.76556962376713
86.17559978438935
87.28355567946728
86.6915053154892
85.94525632910975
88.00562317317167
88.07327284449117
84.43098125823586
85.5348344741166
87.43658954008606
87.36705483615019
86.56164007395219
86.98088467431243
86.82217784807057
85.82118426041106
86.56690620982238
87.47876412953686
87.090579826845
88.19039096915125
86.66581613074327
87.56312606747368
84.3431807672338
86.2059052045108
85.82988870719745
84.64764892920414
85.61058188871769
86.41842210400391
86.894034403148
87.20907960793599
87.08548483935176
87.00704908946808
87.48981120548846
85.78770899574653
86.84434189856958
87.84415799362483
86.99235301996482
86.46504727412307
87.62843459471256
86.49425816934735
87.47351939358296
87.179912891079
86.42865538509487
87.53319131729631
86.50944495153337
87.0490305249211
85.92687536540889
86.55341474941797
87.25160706961665
87.7973360660171
87.63143281476833
86.91252379488388
85.10565714832885
86.58876588836374
86.70772303995038
86.97831546889691
85.59993965246282
85.5591137609649
85.84954664807776
88.44660609544611
86.74322586768274
87.84588847404548
86.40623961775432
85.37935042057329
86.55362707602909
86.28026311426828
85.29740952565675
86.63628782501064
87.56323567559105
87.29159658487052
86.64784769197205
87.06578926740424
86.91038011150839
85.68254417869912
85.455075852859
86.82646625852392
87.70359742315613
88.0947031983345
85.24744953415087
87.37552510466377
88.0092549860381
87.01706193570249
87.12233657232441
87.04186193311365
87.23864635014519
88.22140492788198
87.0690379013894
85.19999752792569
86.44034152448366
87.67263131599137
88.01368065160261
86.82350909850297
87.83815065934314
88.01719942631105
85.88716086270344
86.45387731958498
87.06761929460045
87.16526059597147
86.25514938827313
87.37590560216898
84.80893008602534
87.10002519842497
87.58336823770313
87.18757491747338
88.44301724998148
87.15896530969057
87.363978982051
85.89116597097335
86.3044048051827
85.955413219936
86.17549125723149
88.17065808517974
85.20257451368654
86.97699001517026
87.01236398265401
88.5157199419724
87.60472907657724
86.84965893291727
87.42127404201929
86.29973717843838
86.07913508027728
88.61599367929696
87.27388451769397
86.90320607057056
87.67735298270796
86.78868938662757
87.86799784095506
86.75243267587737
87.21651758195479
87.16578570939531
87.29224958264079
88.21071279756534
87.36532302063887
86.96104193343403
86.66136471568143
87.32462223244225
86.91449607658069
87.48652534009558
86.68706818980786
86.07802588680713
87.40130512968983
86.65719067317984
88.1339429406101
87.28864738885207
87.79178229249122
86.26329713880347
87.49631208307136
87.89062467461589
87.57168944378718
86.87027818454888
88.5346392578641
87.71751051250668
86.6338711470605
87.15272216381572
86.64868235709446
85.50083983675901
86.75116802698834
85.25659000673846
87.65269758872442
86.93743193526828
87.34609903490167
87.3795702900517
86.5560295844702
85.67503226245933
86.7690370620013
85.45765751216565
87.21281434931959
87.54489069231128
87.85449272352456
86.40097206620906
87.43659188459387
89.24536947713179
86.78178437497687
85.43166057482054
85.61922623184046
87.76086487296917
87.54105367336695
87.96258949341895
86.19398096345654
86.93137847391779
86.80553245218736
87.69770865077408
86.16886326993581
87.9139260284995
86.69225852603569
86.64250187587622
86.0874242050291
86.46755410388523
87.14245899830601
85.71590615819267
86.6877354806518
85.90983147163873
86.00827171204838
86.65100514063263
88.49546814754808
87.72155264220449
85.5933836027033
87.34619612364877
87.43080089675342
89.17561427688376
87.27506692362195
87.09998708083884
85.6160369854111
87.1063339836598
87.23289922591626
85.16887698130641
87.09104622876201
87.07319953055266
87.49057245780756
87.21410612967968
86.1560434060316
86.41810469784431
87.58677062295268
87.33936676888459
86.80976486260079
86.25410011116205
87.42407013439161
87.03388357954913
86.89469349860497
86.31606914499241
86.52943563263437
88.41409193065788
86.89000519060114
86.20001062722893
88.35479514853137
86.53668462861827
87.17116293949806
85.47301284934743
88.0957937797086
87.00016938763211
87.01616352867298
84.9368921895076
86.36199104838741
87.0021308043041
87.14111648927569
87.94200389339115
86.52230745271746
87.45525455645611
86.3320819869073
86.73187280975358
85.02742185970509
86.8932283298357
86.57491836317477
87.02475699282569
85.55129416671734
85.8076098984211
86.81783631311966
85.32184108306036
86.16719479728255
86.26476728003364
86.99198190955411
85.50285388424273
86.33772787885611
85.75011430951794
85.64153638532999
86.5475626472007
86.90265913791839
86.40204790592661
86.3911413395232
86.16678244306883
85.4721668058753
86.75513312097621
84.89349412983502
88.60933575719898
87.54609216895015
87.99316347771611
87.349752678285
86.80265215240006
85.72136036134273
87.11134776375991
87.59933382497051
87.51431763855979
84.79806250839209
86.09276693637125
85.92608049723363
86.67963744874038
86.97193112752062
85.68400583646266
87.2879051575782
86.07027711542365
87.56194447276309
86.52577946908056
84.97102047930566
86.74194551319516
87.30588119507809
85.13581000211643
87.33311599392366
88.29264977399399
89.11813180969855
86.44014111269271
86.82729414228383
86.80222850351022
87.24572915461718
87.59361344575699
86.75215100759979
87.04964893008636
87.29540623412859
86.60154652481147
87.88023966459882
86.4177860517484
87.41298875311833
86.50142320194936
86.62520331673622
86.70369960009722
88.24586195291776
87.01091084885891
87.49030334662588
86.29632083005384
86.60740671730628
87.51360315049926
87.29205923559724
86.46980153000455
86.52293091095427
85.83775199443829
86.53347733145456
87.99294900479096
87.57326299448656
86.811638035008
87.83302177914764
86.944443066037
88.15546672258404
87.9242100094228
86.48261754683409
88.88071835757854
88.02126252510392
86.87727082740041
86.93513853603342
87.17176674252374
86.94528931970456
88.68095928758154
86.86402098190362
87.02685814268526
88.4097137120654
87.49854450071601
84.68959194869026
86.22138178088196
86.92940671053144
88.32137853941322
84.35502489840206
86.55591669889318
87.37451814270439
86.8820792877154
87.30109851383483
86.95581571903982
86.74071888394076
86.5758002644029
88.81733660432958
86.88416276611858
87.087101654829
87.30103692388003
85.74008845500143
87.17001841521004
86.81904033982393
87.24428486529526
88.52182385864036
86.25588519300675
87.25636140473542
87.403042864252
86.88248317503114
85.60166406598292
89.24248659527983
86.25386869813326
86.57923763411453
87.75952640517332
87.11244254568349
87.67179078235849
87.3861280241997
86.51768577282311
86.02912638262723
85.98864941547092
86.69061073433978
87.49643902570317
88.06312858118673
86.42284271497499
90.02845841063264
86.4013995506337
86.47054148526009
86.73008454408742
86.61570083851535
87.89483754810001
87.40350745795504
86.67794032892668
87.51558754990481
88.15277995476455
86.56357311161095
88.16255203120885
86.90745732388312
87.46356581890984
87.65483640240328
86.11272616569563
86.9966438902055
87.81424825433083
87.48938941004347
86.4796358788189
86.51164345874435
89.07252100564666
87.50181381870814
84.98077731284127
87.77976948909232
86.97120337057756
85.94556194096337
87.45439114011285
88.43297043814827
86.73469334782669
87.30498223079904
87.37967497366328
87.25143132617022
87.33017771535931
85.94859791647957
85.09613153983686
88.65783158273479
88.24743684832812
88.74232083377119
86.24530551408722
85.2763672371794
86.54977475541546
86.74760627120274
87.89156774412885
85.61821944147383
86.91374044061595
87.00271858799593
87.723690165796
85.25990518801092
86.29905174468479
86.62765910550429
87.39435762435801
87.70293399697246
86.43320232170625
86.51893992474209
86.73163893298748
85.67436499242694
86.06471197487399
87.00342260891279
86.38271646708596
88.6167967916791
88.00477190884503
86.18572087332433
88.63644346323643
87.90119708834942
86.7247509494149
88.67884245171379
85.5231906338016
86.89107459228306
88.13457417788014
87.2746002444344
86.59446472903923
87.86165758779599
86.81779280716677
85.50896821311561
87.0905547766925
86.8670459065761
86.29178442769665
88.07774874493819
87.33914692532369
84.94881239516094
85.37507598758481
87.212771189033
87.44323147379197
88.05759919589934
86.88676895128619
86.4570953023251
86.54922991795753
85.72508845387964
87.90639378988675
87.85213234016047
87.30360033739154
87.57713045326305
87.29219029275083
88.98195502759117
86.22050673371672
87.38153854774926
88.52480537716355
86.74085202708318
85.20367057224757
86.4048781220307
86.14777382864315
86.77677235296295
87.04457966567105
87.73541104195641
86.37716551244097
84.37442994284872
87.49594045357678
86.11271421505383
86.12263592744512
89.04649625243225
86.29816251194468
87.96502699040607
87.2309828109383
86.74376143022533
88.26269598815331
89.28002522429901
87.87735022540978
88.35519053301518
87.42980292421782
89.05336675394743
85.1357229787402
86.61050280602028
87.6014291606945
86.18055702814296
86.24061004399404
87.40049976952345
86.71089437268877
87.47247959091983
85.87344302510864
88.16228884916802
87.65908765144775
86.4305849108312
88.48077803809844
86.79635966918414
86.28609428878845
85.83734264352182
86.89797695033444
86.26402398679436
87.2775337632321
86.60734291790178
88.03651044040959
85.51535151620628
86.70816059213352
86.71616851961801
86.36175430127206
86.94834892450805
85.8865062753095
85.97360737900289
87.00951974237131
86.29901721702363
87.05061607480008
87.32901844652639
84.70870347213415
85.30782685411586
87.26721424469032
88.47359075265013
86.81814606170418
86.87262865889129
85.89612248002274
87.72335471348468
87.85443739155978
87.47832560909745
87.76632511559441
87.57275859282126
87.00316103669321
86.67224453201945
87.19633929697711
86.5208998942726
88.00466925333491
87.37155859702553
86.78664928082367
85.77550462310107
87.80275925820983
88.49157236882574
86.65710822474642
87.37883056157655
88.00239826544505
87.38686818161636
87.04525531900013
87.52621132498193
88.21884573772945
85.43801350787173
88.1086113243159
87.26280044714177
86.0119650969996
86.9807521064286
87.81796774057673
87.41664256691297
86.21211205696564
87.62110076420177
86.55695410666108
86.61802415578443
86.7698630604043
88.1123340456805
85.70578502987036
85.81765110603794
86.54042623885766
88.48765177148857
86.61745791343523
86.90541482922022
87.63056619316471
86.80016506654077
87.09241169569405
87.14177524422769
87.3642185446327
87.8511361632557
85.44460689697576
87.21982944525423
88.16399686822372
85.36516779400625
87.42823728986076
86.51132190151505
87.53452241252712
86.83146465716405
86.05160734467695
87.48641714581659
86.29832195800128
86.09106622688783
87.69798496897869
87.82892764604783
87.0356639978512
87.39436879653003
88.2509941661878
86.03668472746058
85.68011812789528
86.13118454570561
85.07608011011737
87.14582157255958
86.31331961184212
87.30616073214605
86.59874752437457
87.30917289248269
85.73838129289139
87.06825863087501
85.72676640695366
87.48422839940564
87.75193106743134
87.26588652083433
88.01904798153046
86.06467334043971
87.71855817406703
87.03567921093503
86.90814573267076
87.91776806782187
87.02662540051493
85.9870590121246
87.79226190022489
85.83234668735587
86.40296841044092
87.63562936665878
84.34257103333648
85.14884775018015
86.31395953364613
88.28035009645994
87.94119653829951
88.24465998415774
86.8525468129491
86.75292411549277
86.71768700234573
87.66846659242358
88.51452744607168
86.40441308044308
87.25881340318692
87.38689414007789
87.54200031140435
87.86204776696752
87.00429200662862
87.55231968404006
87.30673519001488
87.39439033681035
86.41578173629037
86.6974677982123
88.1111215093543
86.71722880354089
87.50797174085325
88.20288219133725
88.34554032274818
