86.99639173736053
87.60228489535325
85.20416460796498
87.2533993954035
86.42163911264375
87.7057875915066
87.13756249426318
85.93577553749198
87.92706731407318
86.89754112647265
87.72673094790814
86.38497070329623
86.52959210065117
86.11083790439078
88.18888497486374
86.50383142654988
85.3215854655995
86.19667064174335
86.54823791357076
86.50135253228561
87.82047634493665
86.40068984313929
86.40260590851271
87.62066873619553
87.40563426298554
87.65407536956954
86.1439110905145
86.35588255568871
88.62107613709468
86.92124119643549
84.56138432320739
85.6602164918386
86.00042890707968
86.81736157251049
85.93123324187945
87.96912087314068
87.18316013066232
87.46828599331846
86.96822282948254
86.0952475608599
87.37011983673231
87.38934168955178
87.34279186406542
87.88568779138191
87.37369160956997
86.95417528610707
86.72197376355203
85.58159068443786
88.85542754459152
85.43996559797725
85.81510625177532
87.2356887140777
86.48476405861382
86.01624317412293
85.80432348890676
87.06053395341553
86.96335385439367
87.32284685828498
86.85172246636066
86.44230871680425
86.17429553943977
87.37598911291842
86.06888670567247
85.96637823740993
86.95578540891938
86.24449289445381
87.46497414943794
86.52538448189718
88.64247412714435
87.62957736008829
84.60474664076708
86.32577543126575
87.45547628242487
86.98753212174199
86.91231908672057
88.35900239459684
87.42062960878626
85.54205929163415
87.10015492240527
87.17272621311189
86.34570043077146
87.40727408247953
87.22870549392113
86.62152930460287
86.32908655074317
87.1605813910533
86.01530711270442
86.62734528166118
87.06783918334442
86.82177408201748
85.76199545704479
87.77343353726876
87.71195158209697
84.23691948126734
87.18574296695255
88.33277758485161
87.637265471824
88.30893026569116
87.15234816730248
86.627280374796
86.75282146191547
87.4960053695662
86.0590426894631
87.44921623801186
87.57439552344583
88.01826294697992
86.08437336521176
85.48336309974987
87.71754464765189
87.45978602953977
86.70358524377022
87.59860359637749
87.43575538798254
86.3323911203529
86.75388060505796
86.11079224949972
86.82473842371856
87.29291794246629
87.33614348402031
87.81313017332387
85.97205822752197
86.46933433700192
86.54058261057882
87.22832856400505
85.75843955887028
86.00915264174904
86.71371789193185
85.91935318442053
86.53367892493712
87.02777870054186
87.73002427320263
86.49574066486721
86.74305309433198
86.1151055889416
87.59803243133958
86.78330772465264
86.37299276272847
86.7808410373833
84.78299026818323
86.67519230106853
87.31892220171444
86.45688433262332
88.08038623953344
87.16436312076262
87.17326557582584
85.69596507799419
85.62578510626003
87.94310702852147
88.38961695544828
87.79659534163932
85.81578988668895
86.8238461543173
86.15521933749997
87.43345562669808
86.69756390191785
87.70124929010952
87.11731362164747
86.57435386690892
85.76460135701849
86.10890128840443
85.5531952529104
87.2490510198935
86.29525699258096
85.99226075061843
87.3624870344432
86.37647119658915
87.86382577984232
87.06025203142916
86.2310287758706
88.13210064149293
86.07675778127788
86.205071086715
86.7790753483059
85.9121031055417
88.50644231610845
88.8867899137208
87.08631742426786
87.70232237505076
85.95184278787316
86.20670391915945
87.21059497101456
87.17728697213242
86.48156834909129
86.48166394148598
86.85592674778121
87.15039120371794
85.96397464765714
84.9181589165211
84.59543500376094
87.78180392405119
86.3788965700331
86.38623561964744
86.55596833793224
88.27185260361145
87.30990368129902
87.22468087561211
88.91808020846439
87.25189636578989
87.88051086507612
88.15085632439809
86.31128142948273
88.32840658609263
87.48660802072818
86.454913965793
87.2643891973363
88.27173639637246
87.50796321644619
88.83259606329185
86.58337703786987
86.4870253225366
86.99834797383551
86.97647002937416
85.79960228322065
85.6307977443184
85.14404788204709
87.46218147839022
87.02970312352001
87.06272492333153
88.17882311510304
87.02840093066152
87.61238755104596
86.11058944950646
87.1911171969754
87.1602272090593
87.3900457713384
86.94334022626808
84.889993635342
87.9196720786801
86.98879476860354
88.07790079091761
87.90779817359247
85.72783859329662
86.96021518185371
86.8282721583903
85.53532361124353
86.88304481831851
87.62126338560404
86.73436972160448
87.75691662417093
87.6075367050456
86.34042245566252
85.98169606343403
86.89519375870563
86.38720179894099
87.36815774848209
87.53741269098886
87.98296910604363
88.35885182408084
86.58526386545965
86.04090711625693
85.5979904317323
86.32897166299789
88.11044086229948
87.7142517668226
86.37207379292745
86.47826886819426
86.26457612820683
85.78868529126906
86.67731307652748
88.03533498878954
87.04998892546222
87.16730639307886
87.12186761378773
86.15270238704286
86.03029337828829
86.1118652878396
86.00743978862745
85.95001935605877
86.28177671904388
87.56404024432072
86.27008385154272
86.58766354968422
86.10587553662593
86.60886327739298
87.62932910776878
85.99594467432765
86.19449815433504
85.80869493458462
86.35642634161158
87.61209838266903
86.70917196383998
88.0482553829246
86.33622183469662
85.51608081898962
87.30823898518938
86.93705583287083
87.59668017183773
88.1433013927834
86.0380611459451
87.64761236123236
86.66087127123532
85.88999621226091
88.3075074123862
85.09828560491793
87.49604581776808
85.74823929228222
87.23661404754418
86.82522881058293
88.36402969641755
86.26285572819597
86.57339497473045
88.11379332546274
87.08744861283976
87.60441227761567
86.93962279252032
86.86119843871344
87.55996178065294
87.08432056791264
87.13524201119442
85.58401455125133
86.00420801329713
87.6766239062148
84.34953236219073
86.35865194885452
87.7659372972262
87.9503160176792
85.38161663098184
86.05655298377799
87.70143648797443
86.74002887543446
88.07010830261015
86.71060215992132
85.32497305851331
86.43298038077091
87.1602057567168
88.23407430192539
86.1123277759494
86.91639228343668
87.33382806305968
87.59182638450585
86.8299665007137
86.91254645026935
88.49899950410412
84.97896188312036
87.36724566112002
87.75094008497196
87.06580463293777
85.32568032309041
86.06489264119618
85.92914673624387
86.43687648547558
87.96213431313825
86.78878719574881
87.54763936189563
86.36405221494276
88.03715359786983
86.68924159094263
88.66356423787529
88.8078928850054
87.48896618001939
85.87867125611334
87.61799132792125
85.49665629925977
86.60916268308131
87.5535640537915
86.20834590869163
85.64862725539405
86.85783476611546
86.57443430830342
87.59380076233681
87.82207573656382
87.78963704270937
87.27994907085598
85.6601323535739
88.52101353582168
87.15113213072684
87.22765039807511
87.06342903324999
86.36961389971927
87.86307426764874
88.51621949083128
85.48758466141399
86.96022822797926
86.59886365762145
87.39428254196201
86.2406172829304
87.35755797008734
87.27872854664481
87.14515861442099
86.70211936408174
86.38516146147981
87.21084212955189
86.31379735418632
87.47399935388279
87.2945087625465
86.57581677874053
87.11442968153953
88.26135662555541
86.12450670886703
86.34712086010296
86.43371344511716
87.29902613906185
85.63396425642561
86.82775729999229
88.29838227512592
88.41246052678122
87.00732521197983
89.10966714298013
88.10948649972302
87.1922832202885
87.73912468770152
88.12628356014142
87.35613676695486
85.78190569992606
87.84138883588591
86.10797306096828
88.02053272410552
87.5960875064175
86.80232153272846
87.80186287279454
86.8468711961057
87.065276979341
86.90895205626866
87.62385100238627
87.68363545962691
86.71627373022336
87.44910358348028
86.20754586552114
86.20205392310874
88.31490030069081
87.43929734716286
87.34420035510442
86.51861845953454
86.78792499892572
87.023368140361
87.42466644054625
87.532159845468
86.09424326309596
86.07054597007507
88.17945468856442
86.21414424739261
87.85026802879447
87.24595319837411
87.46989783757546
85.8589507859093
87.0229865723483
86.73523240709393
86.53808782920692
87.63962594896252
88.32962944982143
88.63840948350314
86.64823866861859
84.8869763005616
87.7277042312191
86.78717278632729
85.817358179058
86.96793565158897
87.29106226953509
87.78774687588069
86.90880671864485
87.513129598998
85.68635287918022
87.72275036662967
88.3285402900323
85.65678037078916
87.07651917574233
88.37305389401868
85.72292906254307
86.7148969434854
86.69322945919278
85.56087852524317
86.62518284234706
84.52336920963774
86.74312725499243
85.51329534297633
88.45157477085036
87.16458591311948
84.63947486276162
85.85082768847484
86.22080926172441
85.97326023473458
88.0670627182186
86.92034711573457
86.45766175274362
87.13001265688887
86.32400261429461
88.14259792867497
87.19094606877267
87.61573055607745
86.98917746126564
88.15374111288499
87.72809388177387
86.49473170442648
86.24535539808925
87.150806229423
87.7346988883428
88.09310960237252
86.40575613873413
86.3736831251009
86.89079998211753
89.04641990806381
87.25638650906122
88.15248059105367
86.00070134476935
85.49766275430514
86.99138833952162
86.77556005973541
86.99753640931294
86.91504429203721
90.02881833429349
87.21606073395458
86.861994773961
85.07916265493775
87.01095446351201
86.36431074126449
86.2225533416339
86.92889188759295
86.79537226535066
86.36032061691795
85.63143559522418
86.53133117967236
88.57934092908624
85.37618583934055
86.54057472904856
85.71184700171158
87.70239102829224
87.33836249388531
85.61694952238625
86.60811882247619
88.50654910352063
87.39696242061451
87.77171616840144
88.13396635718769
87.78005716345704
86.40302179317506
86.19644352562071
85.64952670267768
87.45540655910779
85.88733452268453
87.77559533505034
86.0604585429061
86.38395497235946
86.3521969380926
86.69758297100293
87.32770280929336
85.92293179521
87.40349395705665
87.39377418578562
87.30377408016463
85.62332325109821
87.05370700882679
88.45238075779085
87.0319618216993
87.76228883244183
86.82356378763905
87.21796884413844
88.23030135859939
88.1162113373925
86.90623201839715
87.87348168238802
88.90034774052558
86.42065843674709
83.80085046689197
87.75120628126923
87.18758255797431
86.74341133795515
87.07349802492337
87.55282953021842
88.33092767645611
85.51849040311707
87.31647838743396
84.95202916592743
86.29446414675117
86.711399559028
86.3517567616454
86.63043911623852
86.75870745134026
86.2192880955537
88.00868305961028
87.60218699298844
86.84691037848066
86.5511398053054
87.7171561676508
85.04447708744836
85.08558635947446
86.97862920042026
86.87648600233142
86.25104943819682
86.22916378276844
85.99024835159656
87.43909123793641
85.95627538499744
88.66538874216562
87.80622511245372
88.75961501645364
87.00050456291498
86.79480911117102
89.22950259687146
87.72694102622125
86.9825672034032
87.08719237595187
87.97596484698583
88.74391793241779
86.46153779517157
87.37229510928013
87.00271016130382
86.76700343647414
85.9577923063925
85.72924565388885
86.1312403498718
86.67758073704375
86.74048332702878
87.29719295999278
86.51716274815175
87.80607060846606
88.58721990531049
84.2064528397684
86.45998073330433
87.89485622984756
87.35337731326926
86.5213666182201
86.45703981123143
88.26491804753655
85.82007402353662
86.44980104464163
87.78086381718835
86.93904953570261
88.76764899041379
86.63495313940506
85.92924344020982
86.58002411984704
86.88728865560861
87.64464658598502
86.46781592967444
87.64334646167191
87.03333618545076
86.71017717463054
85.2789568231135
86.15900719852236
86.73927765006894
86.8257079916263
85.05084303331321
88.29732373119995
87.42676720593929
88.73490134877804
88.87610677596234
86.47729922800659
87.27938989389561
86.25460429756298
88.20692776928708
85.66368611257924
86.77230103334882
87.18355585985276
85.82469159948121
87.20642027590085
86.40237453865915
90.00833020184947
86.25407287124254
87.20109727036744
88.59143364702508
86.54400420341864
88.12343032276864
85.07101689144412
87.93041730205441
85.76685382564433
86.13551173130492
86.74896153344235
86.82571858381006
87.45892499577789
88.66537932251174
84.59950504944156
85.5972447772004
85.50480184914295
86.60872388551414
88.45310030083976
87.67019687643378
87.3213750710221
87.89140573122067
85.26459331055258
87.02901020130533
87.15871894492318
86.19781889947309
86.12596002613991
88.51953610660314
87.0268224605924
88.21455113145944
87.3746962320198
87.74298919905212
88.18707157621661
85.88701915470698
84.85399596816626
85.95947481523869
86.86284870785418
87.39000200563322
86.98901229808679
86.85427324278004
88.04898015220488
89.25466814469344
87.13022555942068
87.34307286205909
87.24187527237328
88.07409597073492
86.24377874896982
86.10867709607318
86.87768319435465
87.55725404841174
85.32637579238137
86.9008015918681
87.71825328806123
85.64564272644236
86.10604134459946
87.07021583377744
86.60118089163649
87.40279707314667
88.42354633524933
87.18802659534427
86.49720683023783
87.72936733550154
88.37758039156678
85.98196816360893
86.43766680871266
87.82603513933611
88.20534275695658
87.24219435379084
86.40650651271315
86.84287430853036
86.18548923576249
87.11680693101445
87.46664816505081
86.3537299680313
88.04499717430537
88.417933754384
85.5233016033798
86.63895244789946
84.39323004228751
85.99224035063517
86.99896898568578
86.71735289939159
87.17071652563543
87.10986523156495
89.04486237400127
86.49231251672612
87.93756484993176
87.65206275937423
86.44874421303372
86.85102168282533
87.61093416191066
87.10183802725318
87.35146266260686
85.8238797988247
84.20745390277285
86.65135328271111
88.14075008080853
86.05944520801074
87.26437517278048
87.26487794145416
85.37246440167164
86.68859742482087
86.91210038424907
87.43341585093773
87.09569087669173
87.05961197925063
85.7452255549713
88.02655189958624
87.0306837281447
85.73448810337763
86.56383359791043
87.0462185589348
87.35158195096254
88.22246027508181
86.1961248228475
87.8512948312203
88.20034944215772
86.72093190660686
85.809863565868
86.92004459617415
86.39548428828199
88.0073601689655
87.20257377059811
86.92802774144447
86.42419683225656
86.70407993231274
87.25771181180052
87.1481382401716
87.4737069756738
86.43635581490246
85.53761600875379
88.52423261594603
87.4071367734723
85.70789695835822
87.66366514779399
84.92642899077516
86.5364960995687
88.47201450894029
86.9089362609862
87.35259663042027
86.52141152962933
84.63042994479004
87.76506635525284
88.59861470207338
86.69187037730035
87.93752323743871
86.46639353210571
85.7978660000217
86.50362133954313
87.06340077327212
86.34227411553861
87.8294466713395
86.51911092878647
87.6577059995528
86.34507725995282
86.66806367034914
88.07098508779319
85.91451216387111
87.27741469781142
86.50702376200633
86.64352530650234
85.55110581804233
87.21268963509088
87.6428996481803
86.24893088562132
87.23228060710369
85.1235843706106
87.00575580106378
86.16931342778696
85.83244016397934
87.03095090877042
87.2112948461469
86.40761611674378
86.08026293589619
87.9793706836542
87.4618698775033
87.13002717927351
87.35739142811298
86.70013837284209
88.38613494884211
85.78060389695285
86.29639434394856
87.07953490695279
85.03976426051133
86.08840118096916
84.73143094318212
86.31308373476988
85.10543974432667
86.88056307868204
86.42327436787843
86.80977722074617
86.4185685286309
85.8287341383379
86.752899987353
85.42636918470095
88.00904375262107
87.00941851144145
86.97956871185947
85.07370829411772
85.92518993476257
87.71557302607235
87.71332351059134
87.57039584651649
86.07286060825729
85.59219233235554
87.77456160252018
86.93451653295111
85.29626879307261
84.76238563519021
84.69015772765735
86.79538054621217
87.74557500068552
88.0894561444833
86.2548827523425
87.60822354114762
88.1962666362873
86.66086140579606
87.04143077580261
86.03535995306241
86.32835750668278
88.8822406449972
88.57828510160809
86.05736178069746
86.49423624301923
87.17717294941095
86.23704104633407
86.04728532547625
87.34110156110906
86.91608869137497
85.35406662399471
87.95052003626729
88.01955013758908
87.05281259289434
87.48671677922302
85.77141890675672
85.13676812922901
87.97591716677088
86.73905752118864
87.94392851327041
87.09006613380659
86.34784876128148
86.16449968432642
87.12486563124557
87.78968578134455
86.83127016052441
86.77684406687636
87.72249057738003
88.0307713433038
86.99599028182098
86.20415614676956
87.40586445573278
87.76661116931213
86.84353247600953
86.66240922078794
86.30259816964639
87.27925010808904
85.89848598239034
86.02351462023574
87.49243454265219
86.99243109530151
86.75740027152054
86.74297907770521
86.78087712615702
86.95781810950568
87.80724540557905
86.99489185714637
86.55121177459701
85.72213226477876
87.05439256969824
85.87895545303161
86.15215909230709
86.81346704893633
88.65931999980214
86.40011947432332
86.67586763932677
86.37492545309316
86.90652029442073
86.48869915001286
87.99190242118152
88.44240090666614
87.24420306333795
86.19989163599514
86.22907654914091
85.73303339076519
86.83511829663887
86.35315552924548
86.43163276015107
87.3795876405597
86.43619636885875
87.08275889644636
85.16547050864777
86.6134786857961
87.222165719688
86.60213276626124
86.46930031516024
86.03736796383525
86.69127359787244
86.27171543311881
85.09876670215836
88.46176445999062
86.22947102611951
85.48472082691104
87.43300439257385
87.51398734565052
87.24088014973616
86.75772415648134
87.52414047007385
85.4445319017313
86.75871187725785
86.31840434418523
86.99406365571814
87.89851952799954
86.42658494379516
87.28935463531099
85.40931902526307
86.33008642256483
86.60752124046995
86.34149822939855
86.21514824974399
87.25688883679953
89.05217616597082
86.8674408778256
87.1863160916667
87.01279889509401
85.02092444336799
87.8560177907373
86.59744678435975
87.16046671865799
86.4629346658901
86.46851227534886
87.11007752574166
86.09740431655942
88.51016495234039
85.58402928154064
87.62642099110647
86.25383639114797
87.43271285032664
86.31359926662309
86.1752694281379
87.46718892226268
86.65533235401563
87.46874810255734
86.51737091942275
88.25456469329609
87.95071767926974
88.28601251921606
85.24274320559125
86.25438617269685
87.0144252663352
86.60312894742839
87.00228256226775
87.13720459146494
86.08084890395455
87.63104753061022
87.29465974826438
85.4780221639971
86.79445658012644
87.5804384698072
87.51948803613683
87.91986164071007
87.89522921908488
86.20254250470802
85.92567284291162
86.96426134053887
86.34082806443048
85.99275798056034
87.23469470631544
86.53821546796037
86.74133107731352
86.83975059763789
86.94623960814572
87.76868131095188
87.84277179513786
86.43579627088188
86.37758656203364
85.74229708313787
87.17668824062555
85.32004092196362
86.31869105649265
87.72819668977945
85.63818822304744
87.63589477698224
86.48988102699737
88.30044074106098
87.01736336776425
86.83874278001687
85.94308753809011
86.77181853582941
89.87632678301101
88.17727385735311
86.60457366267684
86.47169988368994
86.91591867491415
85.69238268775412
87.38546872471544
86.03912002584603
86.37784147297928
86.01919550334468
85.17129718536195
87.8228297551622
87.72744581382963
86.26670376103226
87.39193534601598
88.29291978680654
87.65189019303058
86.39564538305946
87.04818756759767
87.4724702079664
85.9626402378604
86.97624189580169
86.62786294317439
88.04888273007523
86.55166335777157
88.24063245617145
85.63466419422609
86.46729328433031
86.63213909063298
87.56964498250545
86.24710826306907
86.14797363728574
87.51436210298053
87.16046420948321
88.2908855572478
85.81806606979141
86.86433208713859
86.01343549704885
87.30220067283366
88.26126551512678
87.14457614991352
86.92068402744397
87.39254430200243
85.60313042810017
88.2084697879943
87.07982794940493
87.28334373171114
89.09053330530216
86.27713582292921
87.26802553492793
86.45601801863894
86.78848040691808
87.34704722161943
87.61351934500033
87.48218980406192
86.26212357167438
87.42032683936463
85.345145825292
87.25895045403283
85.35374156633725
85.99924841402584
86.34691041601164
86.81938743502837
85.9422745343289
86.84679705290266
87.10059294307122
88.0306177551889
87.29341200948019
86.13487767433794
87.65523916596992
87.47108104081894
86.25652905159706
86.32430652048619
87.03024207124031
87.29889442934729
86.41365966007113
88.51391899897513
86.87589127953517
86.72734295339325
85.68583983605878
86.6716115926251
87.03904658526825
85.61393415763885
87.47958138302047
88.0206406207981
85.218140444133
87.1407217686329
87.11305917098845
86.04801530249563
87.86379369210289
86.15284193299428
88.53932212173508
88.28616004081981
86.04255205291437
85.33140477020454
86.8987286156591
85.65491805211552
87.18564070853351
87.11432515254097
85.8990693236395
85.53991577081253
85.52188945639874
88.16716252685981
86.12526657338073
87.4089094155035
87.09141308192913
86.41607142949462
85.95273567170746
88.01134108010233
87.5977111442297
85.89890783129805
85.97354561685374
86.57939068370332
85.89152094656588
88.05293211326615
87.82804493582049
86.44433709502938
86.73184213312148
86.45275513882565
87.75184262318493
86.91528867810662
86.25200548947012
86.52043037122948
87.3890915308545
86.06226260665154
87.42864860770149
87.61068321119278
86.50957371568337
85.5614301131326
85.59024448662832
87.76752586621281
86.9547469803543
86.81162671241331
86.53392831602976
87.12005359135807
86.34633281078509
87.31923283342798
87.89453652792227
85.86709547788648
86.84912367677109
86.77108140765664
87.22814623676535
86.81230560042934
87.4701712622233
85.99845066550351
87.32007516478433
85.9480425004698
86.30594224485614
86.41344893348513
87.43428691516736
86.36329984879937
86.0993598205802
86.32331411809507
86.8013062779795
87.95968428182917
88.6096690541406
86.31633617607949
85.39721069737043
84.5862844388215
88.01961433423327
87.3247681783175
88.7826283421864
86.87715802248721
84.87352788839101
86.90056675831816
86.59018367066442
87.38421345976067
86.59006853962978
86.26041320708234
86.59227068221323
86.37347211656386
87.35452834455799
86.89279077206737
87.26058695561021
86.27748674449444
87.03729497641275
86.09061667580497
85.91137821805218
87.9665859285505
88.57250411715737
87.02405765897855
87.75903008961534
87.42193092698265
85.39918711275084
88.67551417129332
87.97736873883099
85.8790450130821
87.0072134705749
88.13481948613966
87.44083084850921
88.8171551420388
85.55830506930509
87.81549480851622
86.89040121360968
84.56409336094539
87.00037565740362
86.8603531060414
86.96872852521099
86.54568607940183
86.88421288703422
87.70294603273884
87.54467035380284
86.34096500327469
88.41693489066135
88.1911768644162
88.44330003609241
89.85535125778688
87.1116137519655
87.18736964278841
88.18001124355204
87.0328832136441
86.07410363088613
86.57636540997562
86.51613741936585
86.68237901055417
86.53061693880396
84.10697240395214
88.28612280718728
87.05892897933663
87.24492481335156
87.11188605216957
87.28434182823914
87.54137764592379
87.0651710908706
85.79419199716618
86.58419344943053
87.4437036538849
86.26195764139031
87.20768129876207
87.80331513264312
87.42269958391259
87.2536168892575
86.22913914521062
86.00791058420334
86.52766250645247
86.72498046752813
87.62077342914789
86.99455406613272
85.74513433387311
87.3859372985862
87.46249324586222
87.91280223647244
86.83236719449076
87.89488986798747
85.69869745918392
88.05709494668301
87.21850141810108
87.83653564867566
87.11713541625717
87.6920922466253
86.66761123911787
87.07527587227081
87.08630769540656
87.27844397884293
87.07372133745667
86.32856566485452
85.53867313176475
89.83598599262672
86.53376517148577
88.33277951719771
86.90733568845495
86.20023318288617
87.23757529856549
87.51691411185037
86.48206014525599
88.60743497006904
86.46592172094816
86.22430438817034
86.99647128206644
88.45381866087197
88.17845529812342
86.0936312315987
85.24403184167122
86.15731837522411
86.55840759042391
88.40314975069548
87.10815497081445
86.37566901503817
86.0097670953386
85.57354771811306
87.09022583157862
86.3884601960858
85.99843928074863
87.46636676839063
86.36412029653657
86.88170951868565
86.30511697771226
87.2795907837031
86.8359035140618
86.23875577317989
86.00590067418695
85.96162325775006
86.243895335035
88.61766507786868
87.87801682563556
87.61317725657044
87.47557957054302
86.7782414100716
86.66127946408852
86.39861729025168
84.91265152634493
86.10446253291379
86.28385051171493
88.46734421139885
87.18850823424751
87.06596593717143
87.7138685988264
85.90362511697859
88.49660770147821
87.53435968587554
86.83791417363877
87.50548670411352
86.12245543146278
86.70290393801561
88.09182337663133
87.05187045876636
88.0606024981217
86.07181407448431
86.27679767912018
85.04582349740765
87.43575505892917
87.69643853444713
85.81760577775789
87.00483075042587
87.34826430305748
84.76634075948694
85.76033563838226
86.36091167921074
86.35035045110182
87.33304222883714
87.9766122954336
86.41382159406845
85.64328679280604
86.05273012850816
87.59126149152327
85.96126374074693
86.75994918495556
86.17045873901829
87.57544962742811
85.99300445006237
87.20282182758206
86.73765026713568
86.71522119419906
87.11965345704469
86.50305018631423
86.2202477689413
89.29590544889454
85.97194286058583
86.87684302650445
87.83272718581107
86.43468060631373
87.1770480733308
86.34259719927081
88.03649618470048
86.00179186272705
85.95910380508342
86.40366667939584
86.69598091694404
85.15088438275201
87.8365286225321
88.39763433806174
86.8855467605688
85.82940005537131
85.51218700051983
88.2070606493191
85.57461387794567
87.77904544866834
87.57248633477052
87.88827005784498
86.80127469556463
87.41855683690343
87.15340401642125
87.90977766732473
85.95610892807487
87.54777853150198
88.23943291863108
86.50870998866014
86.84732677830279
85.84126395524508
87.34406444787305
85.43117974988073
86.03510736083466
87.88806632899478
87.21520837628641
89.29333837560658
87.04772165648023
87.88173526475835
86.9901815829107
87.6462127827901
87.37762227691697
87.97380436150122
86.88417187200638
87.64689206137032
87.022085915969
87.21479301228923
86.86699841856714
86.38570870100395
87.0124620580269
86.7947424667883
88.06682299085901
86.63988744838808
86.8777917410554
88.13717635844242
86.61839291360754
84.91245307335733
86.89207421536092
86.7730816533014
88.24419483123772
87.09263037338987
87.46762501512661
86.65894419700143
87.81527346411451
87.70336605106979
87.28127834207898
86.08515497158263
88.5946991223408
87.48780562025625
87.9416338235284
86.83401155449394
87.9086649589944
85.7884660373338
84.30931267783049
86.08616656707923
86.704100397349
87.12453650258887
88.00353412322104
87.58681392678695
87.09139705817293
88.66594337376344
86.10166397039677
87.67416329711594
87.7777028382288
87.51918647576537
85.75675735855418
86.9821980576815
87.36323595946504
86.45323834493023
87.20389997376326
87.58998458597482
86.27279890228067
87.0107610901483
84.48359084798925
85.98193380439608
85.86533036284324
86.58625778550152
87.21768440305375
86.87316136064159
86.72602722246992
87.02912945758837
86.5822918778648
87.18138654702256
87.13633434371336
86.07132643273991
85.64729940728493
86.42117800376457
87.36356705583447
88.30553297336624
87.12429511109573
87.44105065389714
86.87915398741022
85.55847449400774
86.13482302180648
87.74481299568367
87.19108939903803
86.23473274089048
85.48606623854583
87.33202607889405
87.72954268569245
87.60043068510194
86.47028798979773
87.77573331630562
87.05593734988197
85.32284684178998
88.34907362331992
87.7681231216284
87.13149532375564
87.69789164643872
84.05673549678052
87.36139409609945
88.37720401968132
88.11813536916716
86.56396378245174
86.82646791484352
85.203182343929
88.08039133478955
86.9341114344775
84.91667822790858
87.66305977392535
87.23829262895798
87.76241228463775
87.314889114285
86.80517099135915
86.64900746421479
86.13730443598206
87.44220782858439
87.63833429811578
88.66938680106738
86.01654814907661
86.39994878440076
87.18424922929842
87.49064918608244
86.16907716736755
89.34732693999615
87.45337640151588
88.33187607938646
87.77816136817817
86.8631992036635
87.91694573700349
87.175331068167
87.01273965430828
86.73448544715812
86.94762422321423
86.79925139082022
87.42794402812788
86.11391845249157
87.02784387495089
86.66654685004625
85.12522807629998
86.12274360857646
86.04724482552913
88.07589306836773
87.83238428650102
85.58433590298645
86.35093261366984
86.45106875417848
86.96855151000318
86.9973326911661
86.56170661766447
85.66732228178194
87.17351663995021
86.73446291647645
85.01176476969495
87.72269267428308
88.40868959911172
88.10985521533182
87.26625361171031
86.02613336397863
87.36819964684427
86.62484042846872
87.0953142716435
87.9265992086996
86.32474490864352
86.04600798798427
87.56969057299219
87.02711676069096
85.75278486875798
86.52332518874306
87.61823750646815
88.1017224472731
86.47454885595954
87.270752884074
85.53450210109293
88.40529662169088
89.08055970276857
86.90848283259548
87.14213667364139
86.56012839436771
87.78453443345748
85.43444884244629
87.216567854402
89.06559053911796
85.16689145239818
84.90977000215801
87.46941131026729
86.80652141383787
86.20008513395246
87.623401797238
87.46922227938924
87.2472496720906
87.33565173795715
87.25400083693701
86.98347481583625
89.05893357859486
87.45424603685167
87.02811436002804
86.89094933644002
88.62991474603204
86.46510424312827
87.38651858960986
87.18429743890701
86.62724787911284
84.97290782501067
86.16036277954741
86.24966056062365
87.1289077526028
89.24030687472445
87.26766512554028
85.46114031938872
84.9533277609706
87.16691068490869
86.64626613219275
86.57540876674325
85.72097811300442
85.97973644788654
87.52971987673996
87.64062115354743
86.72240144351696
87.55262426304132
85.8422956726866
86.35605016171982
84.84118967623742
85.361497812673
87.1718900534566
86.96270910573915
86.69970178789806
85.06680216499986
88.90181085837557
86.58514677237325
87.57709488418172
88.09283767673683
85.39229609979536
87.75745040237426
84.15290989071833
88.49494424581424
88.16855719013543
88.02894618225285
86.3731345203979
87.364877826236
85.99663526483234
86.00875346905966
86.51927870858597
86.08781283660953
87.29837693480393
88.11185129917605
86.647861458971
86.87332939008296
86.35516893899586
86.26243468018558
87.05581959678061
88.62494209871352
86.4038895949663
86.61176316377824
85.55216876517265
86.89158021806621
86.92103876590681
86.0441462577643
86.95189122438322
85.47125833840663
86.67285783281724
87.07784752597402
86.42957008326091
87.7016054802096
86.85150766644203
86.14161962603914
88.45221125083185
86.80813572369182
88.0462959034258
86.5664747393291
85.36096180039131
87.18998001759815
86.06319888588865
86.31916335515731
88.62115453928551
87.18215862951175
87.08637586631755
87.12060163384058
87.05543387327668
86.7247845053882
86.56191257169928
87.4501037255665
86.94057012009101
88.94019525776986
86.39145553292025
87.37861598184062
86.75622644275239
86.60933023417037
87.84426907082062
86.02354380410159
86.24710687311654
85.62552738251541
86.93459263029862
86.08968200320818
87.67698000256262
87.59274065141977
87.01925614158944
87.14395694798556
87.07644752228951
87.1708634452154
86.92759825150105
88.58004902261528
86.442844074901
87.61826723980911
86.56872749141368
84.47232776496925
86.8715599584732
85.5991777630799
87.56469937127139
85.80733178243773
87.2421528449757
86.23316181218179
86.43235920702561
87.15757919497548
85.62589202896238
85.72003000465304
88.51973594472088
86.09920640630469
84.6885704926496
86.39773997189137
86.33941737221943
85.63532034760166
85.8866031271231
87.09668012083682
88.466749161303
87.58085929966815
86.12066661956854
86.39487881975927
87.21978855388551
88.09400193606373
87.77993984362395
84.74362200881619
86.9311528247743
86.66409924996911
87.51775809952355
84.55540359041467
86.09942812942548
85.9874792317231
86.33651602778112
86.13559675260335
86.72653201411103
84.5951763572523
87.53902649041154
87.50469787269395
87.53323198896038
86.98296393615607
85.14642735715208
86.47642706855088
86.2896529024637
87.09537066146368
88.14112570767914
87.18007625814536
86.47462714086392
86.27740773465898
87.0909491062515
85.93993804962777
88.15501936616792
87.38624941623492
88.17980245480454
87.43737932256765
87.18193390352404
87.05135757125294
88.58693639221279
87.64281361731727
85.87162738287539
86.58828218928679
88.04084032977677
85.00119812242238
87.1702544347764
88.54266449998948
86.37498139556142
86.9076159950551
85.66823180005886
85.5920302565453
87.06040578329704
85.39387477889603
85.59925010549372
86.50293490861776
86.43172191187949
87.83596676377698
87.16546141849885
87.89156098084669
86.6310235740213
86.80045487887902
87.35250375407671
87.46618770175432
85.22928107259334
86.23044752143223
