87.22139097091494
86.27836740984023
86.70865894633428
88.16696830465446
87.6317634167989
87.23625081662104
83.83892985474934
86.16946341408371
86.86417529533671
85.95476779022724
87.39230726834494
85.41531242065766
88.35322230320132
86.83062736328212
87.2095352794466
85.93005725095381
88.3950488615366
87.00059402482346
87.61464116703482
86.29735737544682
85.68820998232277
88.46026643268124
88.24374817937077
85.57586349775714
87.483409790738
87.97646770698029
86.77036577731965
86.98123963767104
85.91876328936617
87.51970107504076
85.10730060391143
86.03645064490021
87.05136407082298
86.57495612550824
85.6766369039272
87.79537558395486
86.74518673755763
86.67971033538707
87.79872283271754
87.67486248906805
87.01177370023919
85.49512019305486
86.87895989983386
88.14288529361889
84.33515792510879
87.9853822011652
86.75791148649873
85.86989031022671
87.01580325140503
85.59943580882309
86.88187603998138
88.20147405402554
87.83942921098154
87.00351563984056
86.70682536407739
86.81369259728551
87.61232563205874
88.19134701359602
86.23234085125762
85.85563079158284
87.28647633811823
87.12437401076382
87.48799105194355
87.18040584953269
87.05644165483184
86.3796761251458
86.58314686879328
87.64784381543453
85.91265917767451
87.8673569387642
87.90601866336559
88.79715296768957
85.49028703488193
87.12535881196743
86.34876187121506
85.88291866701772
86.63385395415658
84.89869086983113
86.75338524472272
86.84642285367465
86.07316473713976
88.19961244359135
86.80097892349019
88.46856113797763
87.81057954227342
88.50770924322845
84.97977974211922
86.5936467838949
86.04692998138084
86.60414098834751
85.64447114408009
85.58277996723935
87.39565908933726
86.65970490956312
87.75568548141341
86.9043860553639
86.97692627132439
85.92991465545633
85.69644946146127
87.74486396957501
87.54410991186134
86.84613646489672
85.59465030660435
85.57852448079052
87.09478344158961
86.79619835622907
85.69112484020093
88.5727432114471
87.6740981667739
85.88485104755183
86.86112135295303
86.37745621053924
88.38454873303247
86.10060004437543
87.67940039459785
86.09634562482462
86.77874287973354
87.91182009984284
87.13258102107575
86.77014344777226
86.09114242226718
88.6830048044843
87.10280569719683
85.47563437220556
86.68284965273686
87.62464488775615
86.56848821809022
87.22696977041568
86.26494344293819
86.19831973987533
85.99165216520207
87.70396643829437
85.7045855526738
86.83937564150213
86.88615064537969
85.40620533422312
86.68616176041967
86.78698912321292
88.07782024748506
83.95914577146617
86.3839364521769
85.85878839712585
86.46501610006533
86.27293677350252
86.1747200610712
86.22166349453225
86.04556334076491
87.2548301478479
85.40651045474989
86.50231937961081
87.09615328609046
85.19881342676871
87.00043510580372
86.96240738260437
88.32978336918751
86.59345918114275
86.25428507345693
88.27210580416235
87.5813346021209
86.78421880165315
88.22774190298685
87.56914799449031
86.65783014860203
85.73469139688261
86.82742619961164
86.82013126383069
85.85122485983742
86.99120495827783
86.85890685627548
85.46943866581577
86.04498394058659
88.08942237936398
85.39980714120829
87.68668628482051
85.39236254344931
87.46408795559726
86.06889202789873
85.72860199109311
86.18868779478034
86.80393796168691
87.12848544381218
85.75172957923586
86.6711884824938
86.4174095138158
86.17305539661409
87.08231152861667
85.84740818865679
84.80473889130987
87.04688024399191
87.17295854963241
87.51842999735284
84.76706847230544
87.16793198406342
88.00769453920559
87.01012461232425
84.82802059828711
88.52150090653787
87.2906830745782
86.65057664485042
87.10018813811169
86.00589338474181
87.45673047321498
87.2539527000738
85.63355094021277
85.83500412493228
84.7215984671303
87.24612671727067
87.72817522722094
86.77016954590569
87.43734235226512
87.80012925486527
86.03123076217084
86.19572624755935
88.1010290972916
86.0672185990837
88.34582673818021
86.45359432094659
86.09169781220572
86.87214857933705
85.78044470713726
86.03133361623007
87.54030200931625
85.50850498161883
86.5946658409567
87.00307458067093
85.35787003353663
86.33800728316145
85.97443443318524
87.66470391514629
86.99431541463943
86.15073570249142
88.3745103584717
86.29264715738762
86.70368468064929
85.55119371853401
87.5325932530886
87.4431559690332
86.55017538767893
87.94325380972329
88.00581679620561
86.29160165208762
86.85791393056783
87.53978197592718
87.1275970883893
86.88240840615421
86.99615816381822
88.09549339045743
87.66165203230145
86.887748503328
86.85188367836884
86.6757088634248
86.18139445386299
85.58407284734302
84.66914242722811
86.16597349400114
87.18058064006297
86.53645423252246
87.48804575127228
86.80214242927008
88.56858270966293
86.93836853162273
87.04354367516245
85.34570749601679
86.54837333352657
85.78379243856753
86.3382977045591
85.6652352728018
85.26259233387171
86.0156268907794
87.31866372365818
87.73428480436345
86.73778198179137
86.51828141566297
84.88500901946867
87.07229413818894
87.61639575400969
87.25018910970064
87.56574491018173
87.61879815665533
84.75991599896011
87.38264127989078
86.30674115600624
86.13134094660599
87.38705017372708
87.30048256631916
88.0142455527515
88.33306760560752
87.718767249443
86.01919277362695
87.5928778810104
87.28019220564563
87.67232605602504
85.45492592725388
86.88338188845468
86.53624412720193
86.70128416563173
86.78218613979439
87.44603093039564
86.89900855113588
86.51605555097483
86.89070066288026
88.10373445079209
88.13971044286286
85.62818616464432
87.16231039346894
88.53208237899875
88.11699323272633
87.20436837064126
87.57204820113145
88.72208644397352
87.78842990937981
86.02328368216516
86.36814842075616
86.16698011291489
87.43459566878686
87.44081817701175
87.40558896962577
86.56487126933082
87.67988721347574
85.09735881349648
87.6703084462878
85.88015715629906
87.34588218475753
87.51338461293253
85.98410281985765
87.42251220236652
86.64044013648548
86.6349741531458
86.38753950894716
86.15275588904241
85.93050162591837
87.2665409873086
86.0117267787594
88.52463675647783
86.07492255620042
87.56777659652914
86.46701642238662
86.91315662189166
88.76563644792537
87.64920574113654
87.7152711165449
87.25616364771513
86.82453508393858
86.27557977989741
87.50394568960556
87.18486594950852
86.36488546517366
86.15352345707642
86.48742183153182
87.69675340573552
86.14549662815726
87.49489752628185
87.12740771469169
88.35437868504778
87.61379779768899
86.34860271000879
86.39641910092283
88.57734209673106
86.22996506849834
86.346202089895
85.58938768230425
85.10590414391355
88.05828728856709
87.3518248088117
86.40692170404878
87.41823568738761
87.037645517861
87.2626615773493
85.7280099772673
86.47394800053003
86.66126389446731
85.51446502312463
87.34263869535451
86.21522466110102
86.07619471969939
86.53277388683189
87.33807190965757
85.65026272657916
86.78125311546215
87.77527615599524
86.21715129838903
87.1491682536314
86.31425652976365
88.04164022257191
85.5745090345205
86.70626566458098
85.11229640950012
87.58436371629317
86.36921501157218
88.5338205091763
87.0473883746806
86.4868405221907
86.0959702638844
87.49624505952252
86.08837317125774
86.91646846182151
86.82850250302698
86.95948241094095
86.74911262147909
88.00202392011882
86.48814873301785
87.39988494382231
88.1782362643391
87.67502977457593
86.44544105372856
87.25707090962085
85.51621293393266
88.2552552415458
85.8699595267515
89.06007580027428
87.39057784548355
86.71165624278613
88.27264387162464
87.00912898032617
86.89905280911563
87.92290218472343
88.76650837896607
86.20533568141111
86.96524789590538
89.21985427458557
86.12318397940193
86.63625032625328
87.05272905796653
86.71560970224596
88.07320979826997
85.88650165494573
85.23770822570422
87.31480386354053
85.59200497683062
87.78373441339943
88.36600459680061
87.01759693487429
87.17510335494644
87.4867622082177
85.40202021964632
87.44548214009137
86.54391698883335
85.45302353786447
86.94949156617488
86.16931663194626
87.28729209895472
87.13906760191048
87.25452146128634
86.71040014910145
87.25299007232833
86.48047123650277
87.4272354267639
87.18997794716027
85.5632065060985
86.70502200984899
87.812163846106
85.54043240595826
87.44982253064406
87.26267388848444
86.46134912092555
85.7740307754853
87.1341535957482
86.97117270574289
86.41554558177245
87.09588614943293
87.88279324818811
86.92569193088146
88.30784211935861
86.89901543528202
86.54121897777469
87.53899170562232
85.02731758850527
86.53317817980532
87.43893080899068
86.09704335568559
87.76955043775509
87.24650691097837
87.19812187097949
87.10447512385842
86.36819309653069
87.40881974436512
86.73879733484205
86.54359567015295
86.41561744778399
89.090544224008
86.11258718841268
87.1111005775398
87.13883368783537
86.71968566234307
86.88901819049944
85.02718982273963
88.5616963331333
86.92984661265031
86.70499330460518
88.06811188764298
86.86809454095437
88.44914025471329
87.04107693476098
87.47170775408742
86.07558478130375
87.51754351998719
87.71209208919505
86.66477831012918
84.95005394034324
88.06394494419352
88.1243495623155
87.37683058775454
86.64690988920417
87.56509371889317
86.75591120733948
86.52147888120678
87.51744524294058
88.18877451989941
87.76192271963035
86.32186491201945
86.1426437851115
85.34900572477797
87.57142367316195
87.8730438995792
87.86579734186984
87.73306047684449
87.22197085168882
85.6644169747065
85.2804030022432
86.76456978333236
86.57194662623881
88.95608076402645
87.68839278796948
86.4911426625975
87.72671395510804
86.66421026063945
87.71046382314715
86.69687326528043
86.9948058792029
86.3005171619963
87.69441188885278
86.96738731231423
87.202438081386
87.84302391906205
85.70725589405001
88.48776577333636
88.2924876276733
86.37571079033343
86.13622039553023
86.0000135489072
86.56171278106702
86.52225801196066
86.5421453249879
88.05761784593284
86.28502992536052
87.26008312356662
84.93077902587139
87.24139240801203
85.89649665818625
86.69612685682542
87.77283867994082
87.63860032375554
87.00514244224068
87.77234464559359
88.36564516647822
88.75442019434414
88.41407847970208
87.11792313845642
85.25267145300482
85.40859845696511
87.68955654943097
87.81618521910639
86.50028222902262
85.92576234007079
88.65269320668119
87.03080286678711
86.45722432989672
86.15110963914405
87.33149154604655
88.41327218734604
86.50897683113097
85.55932219083121
87.53773367413078
87.5521730871462
86.73149325933035
86.97298269854464
87.30866176978138
87.00265778170436
86.05000678542645
86.58655952183263
87.34318591553617
88.74911556865814
88.1582812678115
86.15471924750415
87.67806728593143
87.30669387968838
86.51093622736916
89.0474706664805
87.07747444990477
85.83149455641522
87.97044213920199
85.38653779969019
86.52269541417107
87.62180963082041
87.78566792013848
86.72556962416851
88.95479674608973
88.57476327476806
86.60461600542827
86.74615261974024
85.78874307870647
87.54738074402314
86.18465129425248
86.16234956680914
87.17716870397277
85.85248195831423
88.20118938624076
85.73938589378695
84.76671199346633
86.98410845662139
86.40195642411233
86.5911368531215
87.47739057661859
87.929379969956
86.15317217147184
86.20197778045956
86.31645151574973
86.67600931975778
88.50956069412268
87.5525117634949
85.18707999991042
87.31961917059569
86.66002164280715
86.26753657492249
86.10783500851318
87.03179403775891
86.22748379429356
86.2338323943292
87.03749624445251
87.9334951078744
86.399882477348
87.36104465455313
86.80358767265547
86.9893845401141
88.07762167500695
85.06085288973314
86.57991088997585
87.0463053734364
87.80696792231561
87.5360691714849
86.8892165930875
86.01485242578559
86.19918497874723
86.00622554080068
89.38330141311961
87.06494576426245
87.70561179116505
86.56726575424128
88.20885687431156
86.7811382370606
86.54894890156538
88.29763373765827
86.2881351631497
87.33835669653546
87.08907079885398
86.56161371948534
85.83791049122034
87.7930687963937
85.76105036629613
85.67512396805549
88.38997953922147
85.05393133966167
85.60855892876927
87.10236731049494
87.5739212712843
87.86147734855496
87.37469654021025
87.2782079380477
86.89718788750629
87.0187537885197
87.12858971525995
86.20517756550525
86.9950671034277
89.7071669558625
87.14089287558009
86.24136454244211
85.3472172238905
87.28360026932145
86.4841166772746
85.97632205874407
86.8279427374397
86.4164490933317
85.46700056001981
86.59410608896096
86.58976721335263
84.05437641918398
85.89031307027166
86.29306419852648
88.53484983524643
87.16629692397298
87.56732340918482
86.40924102805465
87.45886705916541
87.68239461039094
87.41176960279137
86.91800782805937
87.42038643397915
86.71626276111331
85.19450045251128
86.31240909893936
86.83990653483735
87.63746591682234
86.92844285034461
84.70277352369182
85.68441325471
86.30435128407404
87.72810665837227
88.34673634212115
86.49157478585649
87.60001471499632
88.1379986558472
87.21898795476106
87.25075618387683
86.70852399555811
86.68032119125516
86.2807992774149
85.67535455947947
87.86392620580179
87.14011149635392
87.37273404843219
87.1690792303663
87.123615789814
87.52890540589428
86.76564739086638
86.01742107314563
85.67944327258589
86.31577238232803
87.14656853066266
87.40324342665323
87.17484969185301
87.89618391696932
84.63520984317276
85.02846308117357
88.52467765375175
85.84689344920665
87.37104480495734
88.16753556599285
86.85127650560007
86.46162014615982
86.73659809873669
87.5787304720506
86.80330071478033
86.31700074341354
86.0456234851433
87.1657112119284
85.7951962621219
86.51926313873871
87.79426127261652
86.07644407202088
85.91089439459837
87.1544358437388
88.08077332140597
85.22535469186995
84.52161583892949
87.79528759126023
87.7584923596534
88.44713246334139
87.27566410240466
86.31819338261214
88.50018613481072
89.90811284731124
87.20902658671308
87.17872503690323
87.09316679202044
86.24911212840428
85.65731614612702
87.32758171894058
85.61480980528567
87.72489616603562
87.09698516985534
87.17712286174573
86.14931423435371
88.90308749308578
85.90987116878367
86.53619975090378
88.30405314154662
87.1419216051852
87.05290507369013
85.15403498030683
86.43958535305022
87.93746739366613
85.46033124528132
86.87699512837865
85.66325271873076
88.18809281406385
85.97570435541556
87.0353721451344
85.86831929929188
88.05630810352119
86.2877650561936
87.99678966113031
89.08009941816734
86.06399313559565
86.1877664279466
85.68042626696538
86.62154256126512
88.04152608513733
88.03159731343952
87.19594743405987
87.64443521686556
87.40536164911643
86.10090441101889
86.3950512463378
87.12334268126483
88.95422515257478
85.9992391675968
86.93595199798031
86.07875715724401
86.0260365752818
85.25989553994081
86.75604887506341
87.25810213641265
87.36250139941292
87.29780899450574
85.15941351138022
86.99994772833887
87.33550877141802
86.27529978115754
87.68696673365898
87.74989680065809
86.5539979421427
86.68934679189967
86.02016307514974
86.35367259995763
87.8535617504934
86.74155858402386
86.48278635063438
85.6643143411482
86.66009096942403
86.89866226478964
86.41814363287541
86.88882324121504
87.39249940261162
87.3573524443599
87.51820435648534
86.75461117965592
87.69225927520314
86.98979490339366
86.81341541471039
85.75613022813029
87.68338898373213
86.11796260706996
86.35055652592304
85.37431954651174
85.40889573341538
87.11104953942528
87.15384490617893
87.08691691081805
86.2940461859076
85.8559268434589
85.82698757101508
86.38058616214036
86.27846367374713
88.80289332488134
88.22751686159583
86.3016305527467
85.80561612972184
87.16964227138303
87.4402489438441
85.62526726464161
86.75304636847048
86.54438119525452
87.46599480554323
85.84604084899298
87.70784532770053
86.47275725344507
86.59927419002476
87.88571531958753
87.12267916631224
87.04194966675085
86.57056881483341
87.5207878170667
85.66289348001463
85.776836511325
84.69358563339263
86.89793203501013
87.07239628789472
86.7096283590618
88.04389072336699
86.34572845265961
85.01354765942445
88.04974541294051
88.45859453615468
87.7601728862976
87.60450052449305
88.48901659635865
88.7421519483413
88.38946528494272
86.56564113955051
87.37738363126104
86.94825458673363
87.65403788579994
86.31643426579862
88.1184748311347
86.11673262152021
86.87692542274675
87.02578379046953
87.54561469370722
86.59231933018016
88.11687212471669
87.54353955933023
86.50473707731844
86.40659648362079
87.14209467976902
87.2682034515013
86.81159079696535
87.05382435631502
86.91264443678142
84.79113130514949
86.06198016291252
88.68841973162235
86.52882551945677
86.96965155628583
88.30246455086242
86.0789240857654
85.66825686561708
87.37029896356859
86.47564197047387
87.2443962882145
87.40541483912301
86.79561371159686
86.01851182503638
87.63899624566267
84.40084122256445
87.75294837747488
86.13515227165072
86.81154834231279
85.36798209887033
87.17532418892083
86.17675389700659
85.65912579728801
87.50931423038881
87.28665031643364
87.67177179874933
85.2966258592752
87.88135116108035
86.76244920618211
86.24963606923532
88.05889416278407
87.39898779693485
87.74678802665842
87.2657823284989
85.17124605252268
87.34947040151982
87.09321793831948
87.55743886953421
87.26382921461625
87.06583385498014
85.96263665952308
88.96053685614407
85.94981198350067
86.6013152458031
86.59826877749147
87.26295446603193
85.43415306300452
86.46495075721764
87.51103480600146
86.29212051470088
87.24713556519227
87.14345954405229
86.5671738546814
86.74544888454254
85.88060017828815
88.0305446961707
87.45797478017226
87.63459077714843
87.23877644544409
85.96349562911891
87.18397704686937
85.67011931782744
86.67587317160978
86.2017444966461
87.07955928836667
86.4166940722087
85.98768592296216
86.22783036856578
86.85823955365031
87.70405489715077
87.46666027168504
86.9090632649597
86.60983164509575
86.003106599475
87.23966438874719
86.90792485935104
85.72704818852226
86.6134368229602
88.01071463739261
88.28832213139212
86.36397646396311
86.78382182669797
88.87804552560652
87.07622779138143
87.85671225977535
86.65238346569183
87.49072243669562
85.23819345909247
88.36932901126006
86.41108077830893
85.61259015997655
87.33713946434024
87.72479958223438
85.86625745766038
86.91878359325409
86.17451996529978
87.72656387435956
86.60720358781249
87.32325968301492
88.60420063536213
87.62307817623115
86.6935365081663
88.1792861310099
86.39542481329362
87.81437573309587
86.04102221576818
88.17555622013721
87.16237069092048
87.51479428171103
86.52812351151273
86.33881475071865
87.54994308627002
87.86317876473795
86.16968345925271
87.97245038173352
86.1984239119448
85.88850850511497
89.15782425837003
86.88499945801647
85.06492279547496
87.94516972851572
87.61114316109946
86.53945856140962
85.40769441277739
85.58588720032857
87.71982562636728
87.77998385305564
85.68618772540265
89.09576058471333
87.47657838294201
87.88055884951594
85.01601983485848
86.3837547326267
87.46171439135641
86.08892189302921
87.28497287854815
86.21846297373042
87.5343578577297
87.34834845649617
88.13753284380215
84.94627875510568
87.59077997038176
88.19766563826255
86.77339986568548
87.29861426135268
87.7140284108588
86.92808327776734
87.24218248742339
84.94162679048014
88.25096860291156
85.77746154372193
88.497766564479
84.91347152054115
86.39493227477244
87.19004856675218
88.21814929046282
85.74138451009031
87.14313821057276
85.58790759639075
87.8360341497752
87.06095832778679
87.47845212011191
88.12020121563725
85.98139296493332
86.33013760144505
88.19388998304015
87.28167775598659
86.73950259885514
86.97148753106148
86.58559451034593
86.69488503515747
86.85495887191011
86.0839647022224
85.26819972559925
87.3298252257033
87.69932215419853
87.52468679799512
86.16005206408958
86.65779719602979
86.86068832753861
87.4615080966756
87.48605440763164
87.50703176675376
86.59358541720215
86.23606053106892
89.05454546634115
86.85865112502687
88.00001878957956
85.75487538751304
84.70179438565359
87.4272915449168
87.42691078260394
88.34020970306555
86.57581049915815
84.96510236546742
85.48742350921029
87.37462750817878
87.92138665930511
86.20108833378598
86.21606500957965
88.12654580698288
86.52613266304056
86.65470000009054
87.72337904642286
85.8154915234597
86.76176397732904
86.01381361439543
88.01706671961419
86.74484162657222
86.07625903561784
85.26140032008168
88.31759955597089
86.25469405882842
87.82518923996706
88.08649111944308
85.71882657411066
86.16430616973386
87.75160125355124
88.15819004321811
85.97684519653926
86.41332509074769
85.95481540378627
86.66535644583399
85.81407080887804
86.22908057103798
86.33889206644955
87.79769608051716
87.59758125335343
88.32724106956725
87.59887730588386
86.04016920703049
88.05710333253883
87.04876244800046
87.30997053500872
85.97527699303303
87.42227766164471
86.53475469558198
86.4002418694736
89.2086183067795
86.59458280225596
87.2854643740524
86.99134599598702
87.27618535075842
87.27243059380577
85.44288776768212
87.19198093871996
87.85341282362995
86.56004515811527
85.60505523967002
86.72520126514614
87.12611782401561
87.09352341076634
87.36252096527942
86.5684754303889
85.59734228687665
87.23506632941536
86.73930778367992
88.61982971708434
87.50409736429698
87.70222530036699
87.83256134427825
88.51475804005706
86.69478037419213
88.48598147887216
86.44777499818271
86.51143799562219
87.64838994796987
87.8288604402174
86.87467773449109
86.57573688594208
87.78404559170126
85.98218890901425
87.31114446507536
87.98213154094792
87.59386133646727
87.10369266663079
86.24502444316836
87.64445304628602
87.76219291758724
87.0750620602253
87.0872320467011
89.21593780126936
86.61957806071577
85.40015891160746
87.19789863001546
87.1455471330551
86.91678753596626
85.7220541232255
86.42411248924708
86.59032308227948
85.729977159965
86.15692715515951
88.63320195532349
86.79751895272642
87.10866581819116
86.2326240668365
87.54498344990763
86.9237182321133
87.9930117396167
86.421192049387
86.23008560553069
87.55558074756428
88.67655444348739
86.36085920905388
86.85954278872799
86.36674684738941
86.63915459009519
85.36201564119438
86.92365012449237
85.35330150264096
86.91577346205015
87.53736330744228
87.57094239125877
87.19566126277317
86.57980141994334
86.90819930434061
88.5937839618094
87.12043506772174
87.48313016391242
86.17349451874549
86.39701359546258
89.39705636557892
86.61090767610412
87.54873493513885
87.4661183273593
86.70747127603501
86.81273595566084
86.92129943952384
87.18447162448317
86.95290171716954
86.1247507305229
85.33609490232232
87.32572915942688
86.66117613903668
84.9006758799849
87.37863132673446
86.46585677859004
87.56675666225604
86.31993241347385
86.6204676835148
88.42645482467181
87.60514988879979
86.88588070662148
86.25954794517594
88.38498051635167
87.83602184500457
89.05999177925102
86.53118042414734
87.98054688015765
87.41743879592451
86.36499066994112
86.62280963309394
87.2209104093619
87.7267170748022
87.4568359466738
88.54835720194174
87.71997279965382
87.1255938770351
87.11450892120452
86.51806678785243
87.38478403801757
87.5157617893538
86.96927789515995
87.70424021902788
86.6359354104921
88.64315279354514
87.41801906019558
87.19182281383834
86.6779693936699
86.57948057427015
87.72221763810313
88.93133886343365
86.5212082007788
87.25790247632395
86.34089843596286
86.97855616436308
86.41626528437915
86.1751528124674
88.16774050139415
84.98739475342279
88.19251053339599
87.59964995990258
87.1330772243848
88.30794173319784
87.8543753837813
87.01078316243884
86.4813543484753
86.40295405303588
86.1134026468202
87.36808457108712
86.85286994085824
86.38831165464781
86.68675531840518
88.1840207998857
86.32664727660378
84.87782871421159
87.38946020165776
86.87585352796344
86.64384587429608
87.2643302481356
86.01049180855496
86.73656283773582
86.1078170757779
86.84609337103427
86.24538073471554
85.37985678516162
86.24741131855973
88.16028116169636
87.76870079656652
87.45536395736828
86.29851182621603
87.43800601123023
87.1169244896242
84.67567326703784
87.04247398414797
86.45701587467582
86.7684191307242
86.75926507301857
86.24350001213084
86.0418915746307
87.36715190912498
87.11432391259594
88.43457944688693
87.27131364222683
87.62420906971828
86.94201337645002
84.01199148069713
88.42751523211162
87.2462763576607
86.20898501749114
86.41566951643166
84.99015122682879
86.87639517885938
86.3165020215061
86.3923930770867
87.9434926626069
86.9326054699311
85.27906578802143
87.2190931707047
86.30665838955821
87.57931119126614
87.52123738805341
86.00627329820962
87.77536115920446
87.04922717027932
86.81283735883225
87.21762727563245
87.83315389515283
86.54530404678431
87.50089242417475
86.20870211448008
88.54891929822817
85.14640032936954
86.72352919609503
87.20363451879122
85.59062196613351
87.20159101320503
86.6351235292252
86.3050643733685
86.6831738977441
86.38170330562974
87.06388979854424
88.90973376519985
87.20479884262978
85.63252775470225
87.97790279604651
86.14833053907034
87.75278757792202
85.36671176812342
86.69946990278086
86.48420791629023
85.2165228582246
86.08936835532181
86.31426680902122
86.96827523945107
86.92001657191886
87.31354730376175
86.80574610852472
86.4466270832233
85.22996874145265
86.68498771919593
85.58643709429765
88.06840714649503
87.8701640749132
85.57542481834652
87.2718701244063
86.99166361333114
86.85129142589204
88.3203891611535
86.44794796864748
89.22503007861373
87.08570709872569
86.07902812403546
85.92808881013313
87.11886450481715
86.77813908067463
87.61944297604957
88.3120838707415
86.08723848745788
86.81789077671918
86.62247175548106
86.87614529410956
88.25202746793511
86.02057594508501
89.74240914406555
88.36309387581785
84.81778318218676
86.2629519137213
87.72296743416572
88.11178535853804
85.1767549159315
87.40085036575806
86.71332979150097
87.24753348880314
87.65166665771598
86.525526062383
87.40620617348522
86.28368332951504
88.26798017778921
86.66724404186162
86.48195291614257
86.93533306979954
85.70250691284961
87.65667011121745
87.44404717096707
88.68413118114789
86.84981261892051
88.42469908049083
88.02548672098355
87.57859515618544
85.8081471121879
84.82839360136938
86.83262290081787
87.08677653485468
86.78018379214433
85.63589590630588
87.86732846951553
86.07080202268043
88.47276847759495
86.54050399567554
86.19966865391659
87.72050570661615
87.03176161859787
85.41299916765598
87.57694308054526
87.23374072794353
86.27185894120917
86.90775037904464
86.27131114818904
88.143535620924
85.51051742044861
87.24023345811173
85.39580131784916
86.92491335025314
87.06647464682453
86.51810766625208
87.22378085217792
86.95393549713629
85.70332667638782
85.85764943982971
84.91610097298494
86.07503805544901
87.63060901258372
87.290602699437
87.99273523571804
84.28174142765036
87.58853937596757
86.30407713118082
86.25862187702478
86.36248973117237
85.51320208739453
87.94846890807938
85.99536120928987
86.6897620742197
86.45904563982378
87.38902890359383
85.77881558610622
85.95843563314901
87.52544706719272
87.9547773026089
86.9110379581408
85.98815826983144
85.81375554043873
87.98728661350206
87.45208098121151
86.19475956909496
86.8032679611447
86.45534397644383
86.57430900122138
88.50058962071753
86.29890010650026
86.33709665062366
86.60551040493213
87.50177899511588
86.7632809788507
87.03208706053451
87.18997127606562
86.73963709436092
86.52653918081674
85.96867305459169
86.35319770160496
87.7590149316787
87.13227568336724
86.2625566366033
86.30332377446209
86.86515924942516
87.22019198390286
85.58557991626424
88.01163173489397
86.9158235755618
87.8637190004355
87.2723611026529
85.83055498527979
86.58616163778433
87.78057364785852
85.45820886114082
87.58499215017245
87.06934863454178
87.14076327638135
86.48365882956554
87.84674696778701
86.0059441108751
87.34197669537893
85.90626091892432
85.39332103525891
87.71231749722735
88.48869745848616
87.26111889807507
86.98162223325494
88.00568969109698
87.41317562979052
87.88953377411508
86.1305161629337
86.91709857143765
86.35257185560442
86.38630408517918
85.33660523312166
87.76668498845007
88.40009146138843
86.27213598501581
87.8315648028754
86.78874981690872
87.24268296338703
87.36692203635162
86.50581224445398
87.65124101516986
85.73986928219907
87.84789574085644
85.62849499455399
87.32632348815802
85.91130704005835
85.62046645515642
86.99225865762477
87.54027869505084
85.91202235791222
86.10293811270816
87.54333714502295
86.71795408592975
86.50573255938232
86.93130444747453
87.28147931616805
86.24281787564573
87.25429059661899
88.02127609451482
86.65864798884094
86.14991674209821
86.85415218110873
87.82140365559265
86.37862073649008
87.81352824720743
85.73575406589893
85.26041921227045
87.60718471595479
87.61176000140202
87.52411772928764
85.90094245161691
87.10623889696932
87.79269469031372
85.24879081758816
87.97917843592008
87.49899927026284
85.60592843788149
86.36391157357683
84.96201596552524
88.11415552461374
85.81141850050619
86.07693726782553
86.72349592674432
85.68688673443657
87.28491422064137
86.71715279170839
87.06549710323948
87.1710492327134
86.54515359970972
85.85142968042423
85.5235893886486
85.99889991909987
88.445093936862
86.21544401505717
85.88548667836024
87.04563948735573
86.50960318066748
87.97618993368059
86.1474459555358
86.55766049365577
87.53634190266122
85.77741807508757
88.04709974874406
86.89599244592455
86.88819064793722
87.49585321977898
86.88226216799036
86.37974169236192
87.13830643068623
86.22737850702234
86.81144884883771
86.10387797950669
85.6769993745026
86.6552130949354
86.44961999997365
87.83805069592061
86.62485046091052
86.90164192390931
86.29014994471947
86.8082679889454
87.822773020134
85.76763719492767
86.87968712415505
85.057821277391
86.9235562252608
86.82604339757444
86.66907087559485
87.26420973255327
88.80002642294046
88.14526380998316
86.67983762219198
86.59909538914351
87.3730455625301
84.6935525692937
87.34421870209941
86.65757463632336
86.81697793030122
87.64685763933068
87.00468902886533
87.55331730186452
88.32555007332583
87.19048635672938
88.91189101529164
86.96744791583066
87.14275284371504
88.00959502678036
84.07575090720891
87.43559231424126
87.90838580113339
86.88095307320278
87.17664856569203
85.20830361272327
88.10813212517292
87.19634429857311
86.62800538044485
87.07906771104985
87.36162742465277
85.3004806617967
88.47996065046439
87.19201686509214
86.87378318682336
86.65042743429211
88.47996139351868
85.10803233964303
88.48509285476831
87.20499905147271
87.16499579354601
86.42883193857817
86.52601453716767
87.46916160622263
86.89673551766855
87.54137861810025
85.62643472308878
87.58705195083948
87.06986993599791
85.58191756938393
87.8629184503358
87.55587894932405
87.75559520936899
86.53222162478426
86.21233081996891
87.04046626540091
85.93784789996205
85.52199796668359
87.00857221761454
88.41007844557924
85.82722701823275
86.81300917609398
85.58256827549219
85.61996006640977
86.20793648370372
85.43676873864985
88.54205051261759
85.75730921428513
85.65557698608366
87.293872603801
86.2449295467733
86.52832577526759
86.7104089360667
86.57870707598669
87.57043134254928
85.76758893106893
87.94678762743818
87.82841417826361
87.30759466658277
86.13703199405691
88.78547498366461
88.12105823610618
87.60430960074866
86.6684550972825
86.90489536002912
86.07150351945874
87.01179525760402
86.28900841338006
86.91967893032009
86.94375911916593
86.13183072594035
87.64954460168721
86.32650563023815
85.17582792283864
87.03784717377472
87.06907144465201
84.45471038020798
85.22081944662129
87.70157792972395
87.94305866983662
86.0793523327039
87.58988792279803
86.2809475469626
86.32705995157325
86.62340319108877
86.39866342797943
86.79526787452635
88.3269424601155
87.24983065179744
87.21245694277793
85.48811535567455
88.11212707313035
86.92032961154665
87.66189355934753
87.81209100768108
85.3552006858497
87.84727796658737
87.81100243530373
86.48239595710469
86.31452808239615
88.60760621002841
86.03585247611343
87.08103490960313
86.70230393931809
86.967418494225
86.59543182042795
84.72908457444268
86.01858845388313
85.14620322433811
88.28816755683906
87.53900358356272
87.55771005570145
87.11093475829756
86.6600420467692
87.36592396886127
87.91775368881203
87.02914436264709
86.71148283621596
85.2044902280641
86.1933107682484
86.93809241970067
86.8065516098831
87.72814124622656
87.3565732949424
87.78837343356022
87.06525604951932
85.78247627391
86.19026283464831
85.88174108549289
87.3674598691861
87.77271282065269
87.25433066869108
88.21648710685488
86.43947691952728
87.44103604128146
87.77473407998471
86.9825303642812
86.73107345475555
86.20975689830225
87.8629098686635
86.79880661235883
