85.79986148302478
86.70175677841559
86.22420340426964
86.82077271712242
88.58715834751688
86.70277470129342
88.18227821374927
86.40510157524874
84.01715593026603
86.77539119422195
85.13159271071119
86.28852136537171
87.89739809832788
84.69018425594534
86.22208590285004
87.38356114397718
87.24883182172363
86.75060644557936
86.91313426459718
87.86567566762426
87.3764212639069
87.19632648943818
85.62630274465144
87.97800590934416
86.06079132821387
86.9803845915761
87.59258236009201
86.98054804677257
87.90666518713162
87.1989235275949
87.32488522381527
86.77218482724845
87.15626139553208
86.71793240130846
87.74124972779542
86.93368900686667
87.15952853934724
87.28396482124201
87.67094823699702
87.34774085566507
87.83216572639965
88.6795600660953
88.21119838959943
87.49209749189328
86.83215369877576
86.24166275287956
85.41678796911893
87.08316629326033
86.96392235298089
87.41613614763355
87.87328108826135
87.64469722511858
87.26253442529607
86.65100609667756
87.42687361962949
89.09519838549323
87.240188406364
86.57533173811353
86.19860334710846
87.55819609267687
86.65179261921163
86.30805531645086
87.20214819724202
85.96114644876226
86.63166458155287
86.47936890483929
88.56537702103589
85.89579201316532
86.61293921909618
87.09342666034716
86.75870701960346
87.25003783751028
86.20396601265907
87.7063765905363
87.36362109906523
87.04361555366758
87.06987839381067
88.54105017591728
88.21683635702797
86.81108943219702
88.04158031998244
88.34713354598208
85.95167313785397
87.3061187123665
87.4361964040715
88.21539211656967
86.89287551527823
86.63507124159969
87.47789664281416
85.85318193296516
85.55924570737687
87.51994128733415
86.50410781114982
87.39876958981797
85.30084698311894
86.59300285961919
88.22859777728088
88.62675777120377
88.42734220530807
87.05858580575462
86.39125415318104
87.20283113283652
86.99388610594443
85.97333759512995
87.14237326767696
88.24624952826689
86.55467271933674
87.06640751586471
88.55016303520402
86.97264237318623
87.58371677144042
87.07861899347063
85.7996444740448
86.70102987198194
88.334148174582
86.55136530819004
88.33219644292919
86.93373061789559
87.61016220509524
86.43890475998727
87.05053203634105
86.4264108658224
87.95504718601622
85.81103218220446
86.0405781736875
85.51458360270878
86.17203205203197
84.7869599731326
87.78994577836593
86.47590436257347
88.0201653873354
86.47516006123968
85.81168484452817
86.59029465282602
87.44883557871358
86.99397336381016
87.32522730763546
86.52909467245759
87.23999313365084
88.0317151504233
86.90038441473925
86.46242739573927
87.04287221885085
87.14639513026347
87.17834309551367
87.80504820771628
87.59787486869445
86.25447841756768
88.53858515370382
87.24117330384777
86.5171636658136
87.0067347984326
87.00094240605362
86.28487107130205
87.02592031838348
87.82616086534863
86.51534469620385
86.4017966539463
86.14930841009372
87.18914304448113
87.48424081044858
88.37600483717135
86.55886286966005
87.91166997939068
86.2637152267324
85.77132287198401
87.08448576130695
85.6886549283212
88.08274014905754
86.68733870159464
87.50431827631485
87.5377385740607
87.16932826760485
87.55484490239421
86.68332882152545
86.93671852536134
87.46671817873332
87.60970688162111
89.06016493402817
86.48948338434174
85.86754621538385
87.11393841303061
84.19173694672386
86.7128304186402
86.96713643700993
85.85594481445318
87.01500065244124
87.18091661828632
85.70613892023606
86.47092335883721
88.0478351964548
86.3536455042242
87.07359315595161
87.24422028145254
86.58788304926755
86.46452031707145
88.36556521861863
85.78787997206666
85.93257131199007
87.52129372301232
86.7993787282384
86.04785113161009
86.83721202654048
87.08921580168065
87.01105699977424
87.8233214394366
86.28518666513483
85.34544321329763
87.35672779803869
86.24275258442462
87.26584486597422
86.73878035738635
84.94209822529221
87.54306723043985
86.92903023095762
86.54778672250875
86.39597655269135
86.74578399147053
86.69439521139981
84.97711129189155
88.15204885124163
85.55929828649896
87.36072545202605
87.11745500047286
86.93823423322668
87.45053809345059
85.22456567185982
87.3419541896896
84.76446192060115
87.7262651726678
87.22650765892898
87.77439663169181
87.63304634402108
87.91580460984196
87.24060935094998
86.03011547714854
87.02892284373617
86.16467866166239
85.82528824847364
85.90781038489145
87.62780938280203
85.93890007984962
86.16887823681171
86.0418586065666
85.89944505367625
87.0279831528517
88.05153258482378
86.87645022740612
88.56074106659828
86.82779925256698
86.17471300889066
85.73367096484826
88.38668812386149
86.16115881630924
86.39976719195435
86.91595390091051
88.17732094410782
87.34400478827715
87.91296311227858
88.22078669473304
87.35016959234056
86.07598548808463
87.45084412727971
87.10324833611521
87.5944076619828
85.06014009611901
88.35893112297428
86.80728235464993
85.78933811859768
86.7725635704764
86.80794024691922
84.87760762569516
87.0692379615768
85.80901231498166
86.574451668822
87.68215972734161
87.08723609677304
84.48933720713974
87.08468251908934
86.61812813247671
86.63017435891702
86.95969725849768
85.79953238487785
87.89005538000742
85.84383504189533
86.17004636697393
87.21219162809768
86.05591500879598
87.46133565872816
88.70507268257252
87.92971331987809
86.82778301305532
86.93340962696165
86.37742741146107
88.2883940870989
85.99153747968957
86.2758454955927
86.95322496567601
87.24799077035823
88.26976218455694
85.1837938873577
87.84170086865072
85.59240121446348
85.97481903845771
87.36688390165916
87.91998056467786
85.77180693491938
87.48079242425372
87.6519679240825
86.61026156038969
86.96920357036109
86.16202797847868
86.6301128163905
87.5097930964263
85.78098327475519
86.61275558083109
88.28055700299724
87.48686790635483
87.31464630089167
86.28117180524339
85.41988026427207
88.371460785853
87.18309145811784
85.49876533126603
87.4124903796942
86.53266837609395
86.04696612492772
86.09870480452629
85.12848111353502
87.00670559182495
88.21643125041446
87.12403703497586
86.67922072186072
87.30338836488059
85.83685357614584
88.40701207355417
87.48254200596631
86.968269725175
86.56631705058773
87.47501612784963
87.37336591470832
87.30063252845135
86.11561720220324
87.30369499289546
87.25856098993292
87.510944506775
86.81061101232135
88.00226838470807
87.14606424548268
87.58020035232995
86.02396847598536
86.04066594867818
86.57495397221419
87.81856953080256
86.7395448707116
87.40381286080017
86.98553896431959
87.36464778323878
87.27065054660127
87.05564620037389
87.96325461216547
86.54099312043982
87.08742368813333
86.15416342813121
88.44674734265807
86.80492372815021
87.67594710004603
86.24102368326942
85.73694902647898
87.77717827905559
87.62422210493843
86.93145754375075
86.9201950913177
85.93279746840209
85.19910369345858
85.68000208243731
87.41790417053191
86.51894558086545
86.43411584756177
85.77460075655277
86.04042820736855
88.05921009834563
87.91794335291063
88.74326829001565
86.98048966030072
86.62786822186675
86.60057829885612
85.66747571853374
87.12915911218697
86.38303119236237
86.29072578047713
87.56886284692858
88.22098238209763
87.69083777214959
86.48647691029763
86.46854064631015
86.73180365870097
86.96233205682167
86.61656659448019
86.55586104181774
86.19926268894233
85.95621345533489
86.59900439384423
85.73342544791775
88.04446572863192
86.21614777235266
87.33934543863391
85.97922356748323
86.77510517193976
87.0668211970559
86.71690978173957
86.74873568623795
86.1832739406931
85.24142671465066
86.66890107488024
87.78912090469068
87.20184507983427
86.48625070032041
87.20641111324404
86.15057146629539
87.09840931778346
86.84810587221826
86.54472708171231
88.34555944773263
86.86770308547388
87.4855778846102
88.3636786591733
86.4563605388858
87.21977754223532
86.38319281257046
87.55688184561028
86.7709725236347
87.1010015138342
85.963696809031
86.62697931390257
86.82667356762016
87.73484559432875
86.29540144487325
87.0550492228612
88.11558987452878
85.26321679012437
86.4514263643696
87.48313563515437
85.98141563729433
87.04684933546419
85.95435853436669
86.1482046769266
85.61611231285093
85.495759227373
87.28006051969638
86.72113106936843
86.38306895946029
86.40570699105798
87.53411317406177
88.20128064371403
86.92965564177777
88.39816532778588
87.03238626376931
87.64644205154801
86.83464289724223
87.61298600213537
87.78427937832323
85.66923911493643
87.39181808734288
87.81895963984354
87.68668061334603
87.18386085589513
84.27564354243641
86.36994401768014
86.00947893022851
88.0615626954052
86.64753723397506
86.35488951404604
87.02811162924635
86.65769961239606
86.71931893783687
86.06124236406323
88.45851853402573
86.46798883133376
87.64142070124058
85.95044717945034
87.05681140390054
86.6316059407673
88.31868937406517
86.44883305611062
86.12438939396847
88.52092858697942
86.63924890706978
87.33406345862336
87.65728663134934
87.33440120171403
86.00504341124022
87.26850648442914
87.20052379250623
86.50868111002302
86.02670337347183
85.98085227285127
87.35553199355127
86.05537204176514
85.39303071259805
88.90619894015325
85.49724908199543
87.7486210713653
86.9044642976651
87.07653032697175
85.62300333563839
87.09804671905054
87.77186185383079
87.63951386072904
87.02704944433616
87.11993724229171
86.91319965378325
87.93132662978368
86.86825471265996
88.60419233180767
88.63035988938456
86.18805168496303
87.48964409208487
87.61027348359103
86.1973511378594
87.26610166461681
87.45318977792084
87.1554089142226
86.44609876839971
85.8547577300843
88.29357090031851
87.13701160605818
86.11765038846936
86.73933975038412
86.61517188135332
87.24306913671757
86.90949671439458
87.21777009054753
86.67130026471952
86.78526172357002
86.78403979640521
87.7975684729966
87.72069323680411
87.3112774902332
87.31451745191985
86.90022428985685
86.43345300000072
87.54965850724098
86.72230500191631
85.39014518439618
86.95329383316093
85.82949508664036
87.55679405301089
86.86293230275336
87.53936278209665
87.30357460201232
86.3203906721387
86.80830597391397
85.12374926404968
87.04962963085423
86.77707365504592
87.15002176660636
86.10624495312254
88.8518622683599
86.73242856488598
86.74710844664048
86.98553257954792
88.74193520290184
87.2184828010898
85.87143848865239
87.46821020554698
87.91781149287243
86.1832893814114
87.68025589168535
87.02429444236034
87.17209323094552
87.1034237660949
86.88443891486473
88.1277196922117
88.58590907854699
86.31430047882837
85.42601088039767
86.14808232635644
86.0331771450402
87.94825418546583
88.44280151009073
84.90063007978783
87.91589605972307
88.6356636478411
87.39028450261713
87.37720007109772
87.13229500302432
85.79968339447771
85.58000460743399
86.94130821576188
87.16003354656205
85.58632981043482
88.36722486762785
87.71510471348691
88.41195782100962
87.28070918057439
88.55001669646606
87.17417411662235
85.78003923038048
86.42382503689906
84.48677536249195
87.1914231302366
87.59485722227022
87.38244311282222
86.06319694449806
86.80607186372558
85.71846117804068
85.937572972035
86.2538831905928
88.93384917760628
87.32443888255102
88.04683511093148
87.0868881292804
86.4832197465209
86.66967174468415
87.55428363907774
85.94766235348824
86.92510719812022
85.70823535732472
85.06086032177527
86.38466260492596
86.84030858980924
88.05293677127266
85.8079600387501
87.31525934250627
87.24393434082795
87.49601438227667
88.03125104032085
88.34856804965374
87.22167024102569
86.8747525765515
86.76933855349932
85.63266319521267
86.56806274457
85.87353843030589
85.8524141887415
86.76189326716458
86.47639183026605
86.30225102803666
86.87789035490457
86.73051729245485
86.49803496003767
86.53322522789455
86.46981709257633
88.23679813309765
86.22396088603303
86.31129697559521
87.77367735591136
87.11708207608788
87.68784691871198
86.85301131234833
86.36213068291484
86.47666053460594
86.49122169019803
85.96782454909983
87.23242817316752
87.23037680504298
86.64122306595036
85.63314590996497
86.64253422891487
88.61547386318362
87.5705225118392
87.04750691249797
86.18121950485
86.82477253363489
88.01461515957205
88.00468656436689
85.30007466414321
86.38608831444583
87.79296506397556
86.9366651167908
86.92293116725699
86.63906227894951
86.34601204816671
87.59258521906655
88.34779359322518
87.58917687271185
86.80491539718125
85.84156828045577
86.48496236833965
87.24540426156129
85.08076657113396
86.24813407214184
86.84210165905668
87.64233020859899
85.39146084290176
85.68985781183748
87.99915173104111
86.17646660245384
86.8581754923759
86.41779744217254
86.15156911607801
85.56206875847873
87.04913069361035
87.64448808286727
86.32654866262494
86.48420836491508
85.7939369046149
86.41630039731373
87.47581616865781
85.83588552710113
87.03800947283965
87.32308155811795
86.60313416778476
86.53289701660935
88.11155804959462
86.95819299839958
86.80715155506635
87.5841978731405
87.23922295032845
86.6909105218875
87.45136846857447
86.92582169218994
87.21854151189672
86.36208530154883
87.86889987692022
86.23311115182553
87.49721762972334
87.51808488876894
86.83003553999974
86.35503939222268
87.21126797786792
89.26502751368403
87.7431001065644
88.78482427986029
87.42095865421177
85.71160059128886
87.27323736018283
88.71247760655169
86.63686283118294
88.11814239731258
86.0771715055789
87.84828531384458
85.78521384164247
86.24074440075309
88.26114495956263
86.18375924965453
86.83786736734656
86.20902286631416
87.52341513801987
86.80596460875401
85.94614682720595
87.61523576496805
87.34853911848909
86.21698207231354
86.53330954668954
86.64950630878384
87.66532874515937
85.55654000692135
87.71336647857416
85.64014035569863
86.75698992606098
86.33436757853697
87.20105512653713
86.62212141590595
87.11566557624776
86.19917623491851
85.96370429352827
87.67127304528385
85.85312481450201
84.18795371182354
86.0428920293605
86.91463514683394
87.15123542652363
85.64460771074765
87.0394014653602
87.94736457308042
86.21076186110427
86.44429678068295
85.82581398560626
85.20947326718309
85.82819686607247
86.44268773287318
86.79174617514765
86.77801651837693
87.76416520299692
86.61628048025338
86.619444748126
86.24133696583101
87.83440559658474
86.44648052956875
88.08750157694146
86.13932578756054
86.65268314031077
86.16242219623034
85.66372605136779
88.30799125000229
87.00302753578119
87.13858693618742
86.445503416863
85.64607566263567
87.64485449069818
89.33008771992195
86.79159462908864
87.6622596166315
86.63377922662491
86.36997355871189
86.33718504330012
86.98270977875731
88.1423854303869
90.18019188034803
86.88246165435517
87.24852203382808
86.82407787778989
86.6803651286612
88.03087121681935
86.77972737350947
86.8134878159359
87.40399183960639
85.48136229813828
86.9046828157206
86.51597619438364
87.22189657968957
86.49923527215762
85.69628124000376
86.10775278778361
87.79952944125988
87.50345890696698
86.83294640743766
86.12743493111705
87.04829369792776
88.09617657742659
86.27405696550748
87.3222208778587
84.88351540654595
87.18983030825285
87.53173006944338
86.63330738700583
86.48782891628392
86.47734437516677
86.50660345147797
86.57025318877741
86.98927980485765
86.74815874373678
87.74222291492534
86.22252408871832
86.76903062453373
87.86826757606113
87.46720419089814
85.86534670190605
86.07894442400831
88.07761382002533
87.90269483709407
86.7473955212148
88.8912809935702
87.90891598205641
86.53774261481192
85.75628647970551
87.55535456244867
86.5637836419415
87.67825816117934
87.92971454865997
85.6418249631466
85.13788578310796
88.56582428443272
87.90376467030929
87.03288047792766
87.61329450332614
86.26933308763739
88.62711478838371
87.14869849377348
89.07911926849516
87.60391745014009
86.0500626017966
87.2870066350881
85.88545484932291
87.15127002834649
89.3474907791527
87.56397378348628
89.29113870482863
87.09103355936601
86.71896308060904
86.91149419167928
85.61013137941241
86.22165000321112
85.60025352173686
86.6680794717336
85.26471639766301
86.74000254470458
88.34260048604084
86.31919779374653
87.54354455563568
85.4733668818278
86.9046010367672
86.0719842588662
86.73819423124303
85.86862653641622
86.86673761511274
86.44086884414696
86.86240351761563
86.68816900940745
86.00485565199929
86.74706125373632
86.49698740185633
85.21364305037076
87.61698145643261
86.36604493361615
86.61948471263386
85.61637165111256
88.11430248833747
87.312472450722
87.62211935622152
86.54427231751868
88.23083828455376
86.98808817879294
85.43610286100024
86.68523454701827
86.71107303370013
88.24686186508815
87.12874717106195
86.28640745630715
88.07962513511896
85.31871718618456
86.2993161120632
86.61483962035805
86.76154658867644
86.00369222404034
86.08959579902401
87.42458461452608
86.57434463530856
85.98048490409593
86.72152196541725
87.06290272541582
88.25143539511613
87.31651994778993
86.68124672773088
87.3233290191399
87.12270347858609
87.04986546241439
85.62462583842552
88.05032978850592
87.05619662473774
85.67228420276601
87.26050818180613
87.00913272022753
85.75276111283156
88.99429700177232
85.6161340671192
87.70219313892173
86.78977097450432
87.50746531370203
87.44299121262422
88.5352137590299
87.56258207696786
86.35045543812733
86.16132937311605
86.50904140790254
85.52937183141906
86.06516688971767
87.1203084086774
86.12834732715689
87.22861601296495
86.18403298361112
85.82259142410601
87.27109503226283
86.47476786275298
85.50925211815003
85.74356547037294
86.94258431056885
87.17160872493785
86.96013005628843
87.03141720109274
86.12378165909902
88.25515671505414
86.1447084600795
87.3671343711475
86.58988475315824
87.66264585637154
87.48627585273296
86.47024577072818
84.99856355568086
86.05120112386165
88.31647474770615
85.7148903849418
88.582953343852
86.27600290023878
85.82119295123088
87.67985165435535
88.10394946516377
85.90684443998371
88.16760424450091
87.29642799651582
86.20615201600042
85.51754796871546
87.19367729764166
87.24198311094827
87.24875245096828
85.97585011165178
87.92029913685842
86.69529530286351
86.0706336032792
87.32288729720152
85.7686777130236
86.30591728241443
86.79242571741648
87.49208230809023
89.23472385290133
87.51374886047331
86.04547368937192
86.2697544016423
87.34654448202724
87.72229811283836
87.31609278086937
86.43694242135967
86.87736151823836
86.95549052477479
85.46297581708328
86.68983633140766
89.47738043962947
86.83415169554304
87.9908518461883
87.23959428010647
87.90344552462435
87.14830216088889
86.31308287334694
87.69442544535879
88.50653710215411
88.32229017016007
87.14911152372133
88.10239117704072
86.96959590104633
89.352341466444
86.40411502164633
88.00209883900558
85.8642129867347
85.08919130323311
86.08672325377296
87.40237958755608
86.51940368572592
86.99551217363415
85.4911735922616
86.35681861861138
86.7645310727784
86.8817478002132
84.74326393843556
87.25567530641852
85.12791793789891
87.56375025220453
87.19643287127604
88.1591888379603
86.93231407419894
87.06830313365501
87.01851796100561
86.12927364269353
86.79771744953119
87.57407687528953
89.29953445632162
87.02594697811398
87.71659386037001
87.10497253955864
86.84770949775546
86.7762271265682
86.58989550128278
87.15378357267706
87.63845196680352
88.35788996180919
86.38726797280303
87.87365456984539
86.44416047979811
86.73328425225955
87.26673593399526
86.95703541130531
85.84480436246923
87.18434104294278
86.24892503571706
87.84831492438194
87.28243405817553
87.83601193477281
87.36192368828182
87.66578569195116
87.51465504799073
86.9725045061851
86.13835463053044
87.2452258277458
86.03443145163224
85.29000621943284
87.58637362998968
86.82434186811842
85.26675465998447
86.52070932913031
87.01049601336996
86.56903468927806
86.01815234372185
86.81638633401107
86.31882603514784
86.27062658780991
87.92635856901668
87.02256661813425
87.61374313675506
87.2365577009154
87.59036297461645
87.72269647354732
87.50483235683099
88.52935958605669
87.63947092563005
86.05430526004405
86.70479260469791
87.5032332318197
86.85938178145571
87.50299104173978
86.61062668151696
87.65144550211525
86.98475775525611
88.03473510661931
85.48938521342231
86.61314323023394
86.04757353189157
85.58807787229942
86.17871465767858
87.42678102450273
88.5718233539653
89.17696911896867
86.55626286629878
87.2879226932752
86.70419297484095
86.86500829381379
87.89018678405476
87.04085217352322
87.08060878948207
87.48246073320011
87.81131758526577
86.62474897974838
86.77038852258222
85.72224448766686
86.63505526226717
86.8163190936405
86.80743868480715
86.99762428770362
85.63854305961718
87.22374933621437
88.26453840377529
88.64316932250456
85.31474588832909
88.51241157987359
85.91094061943852
86.00662174571863
87.50668557168053
86.70833667801449
86.13371504631841
87.94242086646307
85.92575118483113
85.77460359371015
88.59016594973981
87.1667333876156
85.61957730945439
89.12235581998668
88.06187426931062
86.42616414357092
87.41369071919833
87.11435232833475
86.74401300187304
88.15873243799139
88.14547595729276
85.80303989878402
86.91944481386489
85.62026504286739
87.19841872952611
88.54798813819014
88.41185933982402
87.37486331127052
85.85037456271999
88.27136670604973
86.4391254564945
87.05060519495127
85.90062165471633
86.95164457074928
89.00224002033602
85.57402736437398
85.84601118188662
85.55463454502953
86.405297794516
88.11023326644876
86.80967896101589
86.79171592731014
86.09296138974959
85.4361407130035
86.92773373728394
88.73027477764957
86.68956456246826
86.55486426166019
85.83593844930375
86.1164373357629
86.84317088146818
86.91492679324449
86.88506457057227
87.26988254316947
86.5417852231568
87.51024122771716
86.93917496856616
87.10739048818519
87.0568964778658
87.5793782235158
86.47726257837105
86.49379454717122
86.588319428931
88.63584333911002
86.48278453704349
86.63051450587979
87.75575908191594
88.405540353705
84.96546386941415
86.30911372708248
85.98027825473919
87.61569811478135
87.28121125312043
87.04864648444777
88.23462578219674
86.43999804311747
87.73755206878367
87.7073376836636
88.51983467787588
86.79416909311205
87.53053906493852
87.69424235321091
86.27502622390347
87.3132536236272
86.21464307866586
87.94407038724394
86.94330266126984
86.26447998377533
86.55736769507739
87.02780995742796
85.93638503746115
86.79108882634917
88.22343318400951
86.76926268745814
86.56979404432361
86.79246311481205
87.15056384508851
87.16071975838906
85.93559710773803
87.63816461587838
87.03790770479507
86.75065257617888
88.18352298879107
86.84105469970748
86.60087355028338
86.20667065028496
86.67149923261142
86.54439125967914
88.08655821781825
86.13636545510916
85.83810029088261
86.71095037619455
88.61626341188399
87.77618666592602
85.71556384540602
87.69863925577687
85.67172475787306
86.60708101611473
87.00663348422265
87.56552069659624
87.85762766528691
87.0315183972594
86.90395557733196
86.79552457939845
86.21893897148155
85.34266040986887
87.35946018998926
86.86554471093116
86.58444169916612
87.42643552492295
88.17514982687328
85.97575327973028
86.97623134803385
87.43652456653803
87.37789020013835
85.26084159677971
85.09082799188323
87.66011110800032
86.82008195401995
88.50950626994616
87.02220747600424
85.91184055131487
87.06475437599421
85.95424730261773
87.31107333336085
88.03777013822283
86.05719559402212
87.16638918105147
86.21379756839141
87.6753733167038
86.29347897532632
88.07054264078262
87.68501500438416
86.63707039430932
87.75234163684071
86.09964184957671
85.62021448067897
87.09807922742348
86.98972081417101
88.66117306606141
87.40922280197165
88.28364126951507
85.4615350902995
87.99928147430315
86.85486346823883
86.42149103655726
86.30528698662417
87.9299420637931
87.03806574332361
86.62979178704809
86.54115713374212
86.21504504356325
86.74780498598226
86.65542786700365
85.53543750707257
87.4725916313574
86.90798745505819
86.661944258038
87.73386908259099
88.1276119344796
84.48582704438017
87.55673584551046
85.71714661362198
86.61674731916067
86.54183543598151
87.8189580095933
87.95298656771227
84.80961220333207
87.49247228780006
84.00285355391401
87.37876976620208
88.17395718101568
86.9972688032776
86.35316069761026
85.70077796615155
85.42859770803891
86.56907546866748
86.34050115762179
88.12672501312332
86.98183380255992
86.97760672886429
85.99775726025007
86.89616174235474
87.92643446052426
84.55276413548329
86.50909564934194
88.00247246744287
86.53078744779506
87.1665575454912
86.66975349648389
86.99600790870639
86.168704201239
86.95500629263313
86.88896867058035
85.9207863468576
88.41832592361364
86.30696990922623
88.23580816500795
86.5010519906305
87.73770615777083
85.63719486295791
86.9573645606035
86.12555110564158
87.76126839955792
86.69767731263346
86.00401632606113
85.30483323231613
85.92766028137018
87.16651032405144
88.28565642978542
87.73714737969172
84.58860027615746
86.283615875911
86.42754450962633
88.04778133284923
87.82980337190675
87.33520026993655
85.54779223418781
86.22919772762182
85.92940486517622
87.65987481671365
86.79274132208718
85.87312604747441
87.03989396018426
87.88070771286255
87.30777273723363
87.53233416342651
85.77101206191513
87.93690782573191
86.93333280992162
85.87214177607707
86.158887688804
87.43331660573872
87.79790066346216
88.72448887650539
86.76889135106867
87.84623705897181
87.1785294331635
86.1775050340381
85.6602463696383
86.7453077593508
87.6576971797449
87.929874685695
86.49367461908604
87.75648930341427
85.78539402383682
86.30637091906065
87.36900331106767
87.13449582713814
85.39339576952447
86.35155079530371
86.27726897658448
87.4692585729094
87.56237858403462
88.40310345678344
86.88891472647104
88.40974339598067
86.17776156824482
87.31974609245448
87.4594894412416
86.31904026733469
87.95820333148305
86.06610723642244
87.08509104364367
86.0757754621297
87.78769764629125
85.88455684568439
87.4083645498241
87.92447981809084
86.26192392098636
88.40695374153732
84.89303088844623
85.61770990058369
86.4737054873892
87.85315031259947
86.2174752909203
86.66194526383259
85.81313938634489
86.40420055144462
88.05716819268585
85.67687330389809
87.37092758370038
87.95784655903499
88.06998699245077
85.20086200103714
85.59210082628321
88.15996838820013
87.8951288663673
86.22324440744354
86.4190205520333
87.11508670579991
87.63413563040466
87.21724941986088
86.05456885590715
85.45238505237077
87.04800710109339
85.90040780330312
88.78324425137524
85.77372300448876
85.74371461926758
85.65668354080533
87.69581061813618
86.40431962375258
88.24178475274984
86.91078030214022
88.74061047763699
86.31294198337444
87.40021112919969
88.29240108494172
86.93899481288715
84.39037483023226
87.8000367769056
86.2371151010209
88.11103861756304
86.72246153759936
85.6347139711591
87.03661524904356
88.77432085260452
86.43025128437478
86.73186963188948
87.06277392141438
86.7074745348144
86.54492378541366
88.79478222631481
88.96151333192923
87.96044025943392
86.55772913389158
88.5788180669585
86.92960684303846
88.75203744894415
84.76363821021117
86.14044366924279
86.78855255411708
86.15630828814442
87.33284892036474
86.33701015285834
86.90664003489591
86.81615895968078
86.4579870553421
86.49935838954652
87.29446012720906
87.6178556504835
84.0981651525817
86.77937815928466
86.82985617730142
87.01024399910301
86.42264861789194
87.57311946421709
87.98283082094541
87.77532538423408
86.69371301020043
87.12947312335828
88.53092563960809
87.51471071398934
87.08931052398069
86.037566577963
85.87987068214531
86.81558655850657
86.78399019379158
86.58271559597881
85.67007023776333
88.32400041534441
85.90441699620413
86.87279964428556
88.50910990621563
86.58829914043231
87.13523557623644
86.56649267451938
87.21816743050745
87.03400452199871
86.42662581409748
85.9755873669024
85.57096087732423
86.64216907473973
86.78406438914237
86.75745755623979
85.28980496917441
86.89027959738222
86.80503937611363
87.46389695341131
86.4569489541405
84.98603518303085
87.86142671500417
87.08571009165995
85.9035571433474
88.08502941588235
86.58217448322833
87.06256486386467
88.74819251107269
86.96342990130928
86.88260069971948
89.28886719778423
87.01214105409404
88.45749366183591
87.45333964253354
87.27087983772017
85.81419545792741
87.10844384096721
86.08138713695696
87.07760995094507
88.10585713778238
87.19758848521514
87.50653446026435
88.02372223176219
87.18079582427822
87.14672228386226
86.70527426258612
85.83270581048768
87.4878101151414
87.82659103307314
88.102647259498
87.63915451122482
87.50523122910184
86.36844602376785
86.54212280847703
87.20608158760665
87.4505843070711
85.61272651209536
87.0825134434338
86.02992954780929
85.1604489056778
87.8214751956759
86.84117688110274
87.57932598958452
87.63635622681547
85.62865647094817
87.21733805409997
86.52624288612436
85.34355601858601
86.47970196551334
88.09639220339021
87.78423450190115
87.76110244252702
87.29950457064335
86.08043665428968
87.77621392446999
87.12349321312374
85.65389074717686
86.33317014774299
86.75016080439961
86.64343409962588
86.41627733492349
87.32890377748373
87.850527378643
87.84321033843581
86.98432906070619
87.4759261040497
87.03192174754827
86.79612726303355
87.10233122363783
86.8345414950716
87.67330951223126
84.90228643197425
86.165282286923
85.8443638900025
87.20953678907897
86.75088677891239
87.40094583460547
87.13385363817255
87.53004738503498
86.83783541399188
86.9399244008365
88.10815198085031
87.35778684988684
87.41719138221944
86.06922000110723
87.2459487595355
86.76238481497121
86.87422928814993
87.97720930578743
89.67850429678302
85.81210685572489
86.3018679774933
86.91472933153537
88.36173782555859
84.81217591101766
86.70575516493797
87.30929529655998
87.54159911619624
87.04511529091697
87.60067057000515
87.92260449650483
87.37976031422234
86.42383595945222
86.33595792660645
87.16945004611657
87.18955735592651
86.1054133338642
86.00456741655304
85.62458960825195
87.1885007966258
88.69803560449166
87.22757225516521
86.70125608637096
87.54804162510153
87.42784713318122
87.55709167413445
87.12773765555147
87.16962688535756
85.7746237776541
87.70888648838404
86.71049719423952
85.60029849030298
86.87068513697263
88.13729911148404
87.91726250702682
87.8413118907613
85.0322190412779
86.99942074635823
88.63143999002874
85.23677823013315
87.21071981628423
88.25474417381457
85.87049209132178
87.1373752632912
88.067932896166
85.19310420236319
87.83966728502432
86.49298081276137
86.46893266863938
86.55700802895028
87.06475376001843
87.86356841246787
86.89553812189963
87.09664004486113
87.88311403484352
88.29379258683156
87.28022276724512
86.86146406658895
87.5712139349745
86.24562597551359
87.04866156787834
86.69133468129867
86.5466030130895
86.9256825472397
88.08735988495779
87.23708383772896
85.76183255238513
87.19044565781279
85.94445749811857
86.92514144604893
85.68192317413428
87.80996210050357
86.96902036707658
87.31610136837197
87.70041004931396
88.81439404243078
88.48078738397791
85.75140754834962
87.0357132660746
88.50520917326324
87.12811637456872
86.47505548815813
85.66888334766062
87.87801261457716
86.46166374742813
87.34206457329616
87.13482253974975
85.68233817952954
86.52239200716797
88.27295927989681
86.13876724038253
85.52236565380318
86.7013508927461
87.3793549503851
86.12517366937058
87.11995066461287
87.11726848867481
85.93330674533769
85.91298592428183
86.38826726929592
87.07222119039729
85.79936390905155
86.93597243025398
85.50018024451211
85.56000211932421
86.66758521115673
84.1906140904359
87.24870928093748
88.26976440788978
89.01955002554888
85.61733914156899
87.24268522720448
85.82705954617673
86.67343325231887
86.0639452032894
85.62671488268057
87.41205462644021
86.7557402776576
86.9690250154861
86.15553028432078
87.47927288065242
87.76848826382545
85.88325129103508
88.17548079661817
85.3867992149581
87.1210312319414
86.20623449476768
84.69449054439262
87.3059125761102
86.03944215463511
88.03044563953608
86.70496981073576
87.28988767607028
86.07451971999156
87.37898713743947
87.36188739355659
87.33021125327545
86.52453261646608
86.46842168254595
87.88722591867973
86.37039093606944
86.75242395108337
85.65514695637562
88.10229018679144
86.5891498178335
87.22196000090901
87.26147449644972
87.41572081552697
87.3862328358252
88.63032148680284
86.20610270602965
86.70210666797023
86.07076611830561
86.57011081907339
86.23551001146886
86.89317456756775
85.71116346029237
86.55441624033561
87.52243057453498
87.5003516523246
86.19437888293592
88.57281981760991
86.26029949627646
86.40719106799179
86.05938500494644
86.30994693442082
87.18515342998249
86.89933504823973
85.25877732336532
85.7128336379922
85.90481951900468
85.56395853196864
87.92459703266898
85.89151376308095
87.15987740306284
87.49361639936106
86.27389933226952
