58.90611537168705
55.11019206845658
58.19080718469669
61.2777932759622
55.57251774731601
62.4904535802307
57.87697886036426
61.55610185874355
45.42875568995022
50.90803466514639
61.51186642683197
54.41711545978732
57.82860356898064
62.22856684945507
61.820971839464086
61.24373064544545
53.32969293017928
49.81344174679224
61.77304507981248
61.97598045645229
58.64799613939186
61.2299807136856
56.30712798225997
63.29713050873738
62.431573978791896
59.012302883910735
57.550655825856104
58.86012484186023
57.67666044746604
60.77208057078405
56.525019000548426
53.26487250671987
61.34510937472206
55.70570632175986
54.64260277544392
56.010958983775154
63.90702993603299
52.56105626302303
61.40842820622105
61.46038177665701
57.63205759427187
57.90536553141092
54.37475362592912
57.44641905144128
55.21462967372466
61.75019169876642
49.18558260012204
57.85083734660435
61.175290956587446
61.038720877456406
48.08482814050199
55.64344825905029
63.839986285373726
63.95956901992892
57.958187692394084
63.188821095737715
61.54278870259343
58.930785744345705
58.410719328863394
58.82961789636416
55.606814920200165
59.80682037829118
59.0156831914016
58.85685656133038
61.70557084939924
53.32796900731844
55.88349487952786
62.062553001526325
57.367166941538436
59.838082933187756
59.56927568999417
55.872029742567996
63.22229576911807
62.944247183714346
53.93232252525343
57.5401680312206
61.997936018065644
57.21830742499844
58.03942000343583
53.52527180796092
58.11506439852742
52.765058180013774
57.69876610238059
61.67093644983352
62.37180664454594
55.179340501336746
57.94927016033819
61.87731246505281
56.266974676819174
62.12305304518922
57.22905325360982
55.423569604235695
63.7059935355678
59.15594627727782
54.333448063617645
63.37365281562346
57.95398053239701
61.166847246002774
55.511944637339916
54.8752488143323
55.5670241740396
56.47767631483236
59.05032258080827
59.78684630878794
54.84052849725026
60.13181860111844
61.65889905251089
57.12632902993772
48.98956911721385
60.88156751371482
50.43987946736246
53.15624215893494
61.132885245776585
62.972512768797046
62.73597523140823
54.524956057594146
62.25480417692306
60.63067060842141
44.29721783135758
62.91431130161029
56.88452510555811
62.87701063574323
60.432771734327815
59.11413027678575
57.56269921982566
59.50945223109419
49.95597462174908
58.7945452834423
57.74493186286012
62.677633487679294
53.71761088246439
63.42340188377238
62.90263775359994
57.55680085936893
62.530114563599504
61.84693185585363
59.16805997251615
57.270866081820444
56.1057675987538
60.55338238423359
52.520358401437704
49.909029676661675
61.19873407009441
56.881533732831905
58.36610775604034
61.38397852268797
63.206206703243645
55.285181605103006
56.63103579591046
53.83458831108695
55.74552167942201
49.53566626828853
54.37568210954331
58.46374058871204
63.02991216756047
57.238839732957636
60.46090834891731
59.93640752889763
60.73014676254531
58.70367650353716
56.344680350540465
63.37469473423282
63.33737646505407
61.70919805844646
56.29529597683324
63.47142217825528
59.78614753007859
61.860906473918355
60.07303109681608
58.88924059171438
56.165545818519
59.171027817515444
61.598877891003035
57.212606022189355
63.18441361363716
58.14788068882404
60.49475628123938
52.678301492001005
53.225063124234794
59.97734460046545
57.050237432086604
59.7443410377244
52.50132483688944
62.57105042708403
58.42081641228788
62.56092388907993
51.297930879502026
60.047257329695896
57.352183736137846
57.31334628738361
60.29379290352346
62.545204331040836
60.04332140651556
62.501909371625565
57.68963327693929
62.20742644234071
53.9575902313716
53.58927258398174
61.044783537912316
59.66816886694023
62.28649313609459
51.24041582552139
58.262628500764244
48.35431264047357
61.927884673826526
56.75616339498846
50.88407871225749
63.30639055915944
53.808659077286976
56.58536687335675
57.847575125589266
56.54867143841296
63.99305884215019
55.56162736885527
49.47896488688177
50.07709071763537
63.82334090660069
54.79674863378175
63.437297696520275
54.81199058546963
55.74447305580114
55.30153431459898
56.41333895982772
57.56044211949657
60.360121664874484
63.00474624858158
59.70311234210704
56.53671032045386
56.28226935171254
58.11945860120141
56.434817013370136
53.98067544690369
51.885201314373745
59.5734387018005
55.214223154965225
60.19073235696292
59.48472157452537
58.59751682680808
63.671779891027555
61.69764700395138
59.546580792131884
62.76508892435723
62.657994033652734
53.37789024766973
58.91734331883747
59.3885093242912
63.25647654233227
56.345545633155325
58.036260070181605
62.40873809917347
57.485299422230284
52.37066028898856
63.33432372417499
60.81298025010346
62.11851303562264
60.44079415105755
61.222502429703134
63.238280136263775
62.87781701770246
57.35442442980371
60.65353317717768
55.97578982227514
49.63114694277452
61.96064686664309
62.09855194215629
62.026056127224614
60.02826000273659
54.7414561072508
55.630317397855045
63.38437617494016
60.43039696177839
59.496008016472516
61.199331132072395
63.824070914905874
60.473040946574386
60.94110298339989
55.23496125945458
59.72158343506272
53.31311790756735
60.984431983306955
58.567300794074065
58.64040089966209
61.767606407627895
63.767896883404
53.444923801293896
51.454262174864425
39.26563458957061
62.04210226775543
62.124163209734476
53.989279328095265
54.35528933264618
61.17050206716219
63.32034140784503
59.72663383135942
59.30261337990683
63.19286829456931
51.551556849287515
46.08004583795532
54.92961531557863
60.196389321636694
58.146668554665794
61.32780597799081
60.643617502961376
58.010842273866956
62.79755884985203
59.885062198012804
54.39979887532286
58.84345775745755
55.58813380274198
54.53221364040108
58.36636191337447
48.03962868158568
62.834787772015815
61.69049063688628
53.486469376644
50.15805647314692
59.30182915484575
62.84241865517808
52.48053229335351
60.16406442999386
52.43619517596841
57.14412386474716
63.08094219056729
51.645851564949545
60.98596772890883
59.49669422191407
51.88012112804047
48.4162905493926
55.33305101646623
55.08163583664844
54.506021854248026
61.374420658827134
57.87983721807981
58.75234139722475
57.51279481058733
63.809923778966436
57.627194795292624
62.11259161766813
57.73580703422489
57.555715549430225
54.36407919219039
61.54938315065308
63.92817955061604
61.92330300073327
57.36492377598817
50.90637486566722
57.008652055929055
54.627798380117966
47.31200531393728
63.59837702769717
57.940674905013346
60.53744741384211
56.68722580097934
58.89581497998533
57.92124964441377
60.473318444409486
50.684795301973516
57.88476839737682
59.362392958520196
56.32428969869861
