63.80500380603082
57.090999438988206
61.357775187257715
51.26543970495856
54.593660761242326
57.62374075717857
45.082855703541384
52.33274226808937
57.82834542878664
61.56490728903339
54.23076323968876
57.12563331161955
49.95916893114635
54.0598744468012
60.21007886685503
62.57459233128181
61.32490646972536
59.82711610695979
61.543747634113124
60.65478208195263
58.72925566401827
59.43014087787384
61.16227802514708
55.815408652546445
50.69787537480978
62.16754569318317
63.285540489114176
48.01282972725117
62.51663190781564
54.540260677511654
62.38607889770616
62.487371796222575
62.710710981247246
60.99835160906626
63.39929042978719
60.50104629101645
59.030453327749186
61.317313159199905
61.327861165491036
57.59139259003246
63.319412367547606
62.574227809289255
60.06386039789785
61.442362566273935
62.54673795829569
60.010229182314376
63.43913699335434
61.84540425298144
56.83403226193242
56.491990364753036
61.48250417848871
49.84844771412917
56.142186053202884
53.67948504845853
61.19114318021256
53.71191154165393
57.106811784702685
63.59736632334766
49.0064800557
57.22601179029131
52.784498943446906
63.229007605479865
63.86792365213082
47.98948829031133
63.64660913070124
58.902074662162526
55.77026381734163
59.24772532813113
53.76246541940257
57.290832215600965
57.43461012253921
60.95702551644521
51.11244413029567
62.06668705528898
56.346279508883995
62.833278748523924
48.856807423934214
61.852086890552506
59.828884884704934
52.528320562763916
59.69541522872022
55.44582912154628
53.41088875590343
59.66387076382146
62.64822885432007
59.201603850858675
63.31752676930964
59.913360461768505
58.17240848858627
61.393028391655406
61.64267082738173
57.50836975060874
63.48961482660999
60.098790079976816
59.53157275357922
58.0092400984501
56.43366808779971
63.54117133679294
62.11293824178043
55.85375370343123
63.79098726633953
58.95018517391141
55.41227186394103
59.21485892060497
62.36531997788999
63.28619667279673
63.82676626405789
60.93568023154516
54.46928222558841
61.10025623212386
59.795186864020415
58.85394266104827
52.34596819937888
57.52694874474804
63.42612356941739
61.415301842297154
62.90765118199817
62.25440803959388
45.08690668688021
60.97851352382996
50.46922210319601
60.855217581604975
55.75788883888558
59.12429372895159
61.08986784007923
63.40187106388684
63.04527022205276
59.586283619651134
61.037865974220125
56.668445503759564
59.97387101452582
63.26235671935
56.950061863350356
62.498642926637004
52.6079386226907
55.72656076481245
57.79344959294523
57.90387794146622
48.17161298819052
52.8033470236921
61.431063260854096
60.37513228839981
54.189471824378536
54.84406708271619
62.74876429592868
51.92522454543105
60.85534122850599
61.86873989472726
62.06660876190058
57.367146689001366
56.3294539154017
56.380305844058036
58.56207082758444
57.30059373475817
62.05109226502403
55.414234623046205
50.33455485100302
54.098178782563224
57.125832225872344
59.284595565734435
60.42637092315035
63.49303830042344
55.10166462655245
50.2153284189847
45.73791721503686
59.56369165350016
47.952666652729235
54.45641685083227
63.24841436666497
57.91125810057038
61.32763875994263
63.67669495659724
62.220119440499104
54.54002942159322
55.96403325645612
60.49516495850972
50.2314140822039
63.734784157314536
54.87489600466528
60.36276799665822
58.94473215403177
59.708407428416535
59.68442560381187
56.21426111430675
58.526345192312185
58.03381277783431
62.192433975831335
60.42751194481027
53.569127987118954
62.11594574527358
62.691901854352615
59.22229346949268
59.341796379088024
58.29315783172725
60.8201946029973
54.19245472031341
52.61236381910909
61.461666840280785
59.5807825188086
63.92921876614856
58.725639404637
58.76445216385933
61.09842905835945
60.77532389239608
51.83508034836789
62.50434231338378
56.781639100039165
59.490490165707975
58.631805404835966
58.4546934371678
60.861050435402284
63.49858393010518
51.85743023843605
57.24186352318631
54.65241846453773
57.67849956422333
57.3193794168797
61.3125178910103
61.054209112756105
62.74503276122487
58.71444355006112
56.657902539275916
52.808707974454784
61.606607925767364
57.05814655163395
53.811080275871596
58.26942828052118
60.25465792453945
62.70101330031278
62.97629488463153
58.16062306431415
63.6930524262372
62.374659918080475
54.28420608153629
56.97242150098268
61.28106274476484
52.79021243355368
59.75609841838642
55.3802742589419
54.03184805123019
55.108272276332634
61.818102234060945
48.9731705659481
60.91469477170863
54.7259764523887
58.415655062369844
58.447687250029475
60.41313388315427
61.629332201666074
63.12567823633169
58.22772376459024
57.249624954479565
57.476390153468365
63.40947424921296
57.91040776803497
59.5469042490162
60.34983369273214
60.20883625576799
56.60562258199846
58.685788144774925
46.21813808021363
59.92220289066305
52.71876967558478
57.2263675185126
54.35437487249664
60.65131754068106
59.82795013533364
58.90910139179324
59.705724162129975
63.430450471011355
57.38785713308545
54.430506533372
61.678909952099886
52.377092533595494
61.314411176433374
59.766516936729175
60.74237769418256
53.88747436981819
56.80851457917699
57.44450446466089
53.11193270416739
47.97275920668588
57.5754189412955
56.47616067858583
63.556642085304794
55.27451939303607
57.774799504597866
60.35834872937594
57.821821870822646
51.81633599179133
50.30834542134623
59.061581507898666
57.26518673668279
62.63118363871415
59.24330373660374
61.83113015349981
61.01985888382774
62.10666721975574
54.819256553061074
60.65402508678187
58.18801237135186
57.67933609741499
54.44977058478354
54.53915578878157
52.36714046471315
57.81975372929478
60.988879118662126
60.442618048756216
63.0518584562026
57.33883535018423
59.72361676846164
55.97261457527093
63.239224720956955
52.537584426840326
52.39786471449889
61.254051928574114
52.51063399570634
58.77652522744646
58.21448862225992
56.71311508421215
59.72910624594888
60.99436436044202
50.53232993460583
62.730108374441286
60.13708153554965
62.96505865094487
53.62906713370534
55.69799385250179
58.211375978931244
62.641911565656805
55.01489678078653
59.776608792220074
56.45066970882029
60.82441098900557
52.574201859791
59.64887520439965
61.058378243777575
62.60394466059413
61.70549070108926
52.06121472170422
54.53288354420237
60.92886927905245
63.1922359342728
53.778628295950796
54.93612233823131
60.007191204182526
61.71132481197749
62.63309665912823
49.17980669976142
59.01042898694328
61.138955846466665
49.94884429361246
61.84369648995769
61.290194859177284
51.68167840132636
60.07209378715254
52.17673421388773
58.8887042262827
63.66716788437081
60.271099079929684
