57.96436258564811
61.83151859924779
50.84886697915737
58.55084076030618
60.38486064782997
63.591045528593064
60.27271446660045
61.14118612787701
54.67488185566146
56.30307352531685
50.560787071687265
56.69970201201249
54.381322201834294
49.56769261649336
62.656493250174485
63.63691054715855
56.93787190333771
59.91090240516529
49.75723879797222
58.18991433178391
59.36017947831242
49.62695507147091
62.30992571985025
58.84480581847063
54.10948109328856
61.587032062882805
55.51493559698004
63.68810121538211
54.51625020094356
60.989342387310835
55.19990148233243
63.11498608235201
47.40226816266289
58.67547447205957
62.290107212194926
57.79039730873239
57.96098924878586
59.57047276963397
50.70882625177984
54.926837727036165
58.432280623935405
63.12587072925987
57.03149581913232
56.74894950384457
60.8925251800465
55.440931215525815
60.12739729378639
61.422689169230814
58.92263138722945
62.46469734095935
57.1933375608793
58.050987115484354
54.683706023726
55.773593229766256
48.86978313067449
59.25217896442206
56.76339857361622
49.69610373933297
57.325554526323764
54.24218716866123
58.843315800458555
52.49331183150648
58.42447318189374
61.42468574998772
60.079128902785335
62.295150151610905
60.19095261937554
47.715673499666515
58.7792332406115
59.22951720984419
61.8178788638566
51.10957308372249
63.73825396432275
59.74530421291603
55.000710636101516
56.30726690356568
54.72012192337674
59.70935256357682
62.90128796086583
55.77445975012098
53.874227219497364
56.23105317538953
60.450520355811705
61.246864389607
54.68522585240517
61.973071649063314
57.541884257145576
56.5456096497471
61.535264348062384
60.69408223219146
59.9040583573313
61.018291646837575
61.41076113602937
57.30032426878092
62.23131558770767
56.95017740599418
58.218272088576015
59.56539413797607
60.95291169148683
54.50539782786914
53.3146087902857
62.22740884821536
54.22008507513807
61.97960513030129
54.47639822974356
55.08028486384276
63.05368966504407
58.06391967063422
50.91582668974578
57.60690936754976
58.26174593552775
57.01978609082501
61.312542673254136
59.1330883614764
54.93595965138875
60.714506622310566
57.3469723280054
58.37941204291973
62.42134101719217
62.15561762352729
54.88787402621358
53.66625722197465
58.906874536559016
56.49098956934776
62.854737071195444
48.69353166204691
56.63921899978262
58.557855774045684
47.747423053884916
62.503824444364575
58.3022849541467
53.49897768546056
61.75744260285877
57.688031222018495
60.551087250815485
61.98752108713487
60.71174188641695
53.17558596477065
53.79968108529563
60.65603122568443
60.704848892652045
52.93074867306454
59.087967233082246
63.4593788312836
60.15060721802222
61.89292358821719
56.988417123931114
61.011957649222424
56.51299994201704
57.26107333476686
52.597796363749104
60.5118821041293
57.39988492737561
60.44767633508634
61.064744767699175
53.1497811374082
61.75307972452143
57.77052899855435
60.964315213488874
53.24849096973764
61.3180574405251
60.54870902278347
62.60907359450962
60.56550833622822
60.27983519402637
60.44722461768279
54.941913956648904
55.31528250685645
61.1755996400058
57.87673235513604
56.84657342420225
60.11847247370528
63.31165998192131
58.46655901277143
60.9492489738293
61.16335322201036
49.88582746634161
59.27955735981742
62.505082311696825
61.24618329962409
62.46026614763997
61.526464510496226
50.32955616597602
60.00433876065858
63.72403383257055
49.21460106265367
59.03088925296342
57.081042308846165
63.684379444868235
59.894455726706276
61.343778855167265
57.444403153152216
63.07519172369547
59.98848426909745
59.51693044977065
61.27934053441263
51.731709840597155
56.60603830769521
62.3787728400213
59.85555800089708
50.340120894262235
63.83125099734689
56.44745089700632
59.006551473542814
58.809221858077294
63.507141245506375
48.577357209608564
61.38237348783537
63.7100846351042
58.15982720653822
62.283417652860635
60.30229571271845
60.96943558550937
63.400671036860665
62.127039188570535
60.05223048884643
59.536719802129234
61.99515430375036
57.45834780356077
59.51701045132708
60.95055194696659
61.54058947835177
61.639388852996866
53.2730787184395
63.40534256970432
51.61735853045812
54.49733895929455
63.08177684961826
54.906067754861496
53.50086038795632
60.07856699684779
59.64698660032175
57.21077327529993
55.29063415786585
61.278324197163144
59.93517035281071
61.923228003978856
57.092861586930226
57.80889604924641
54.919266036077566
59.20831971940373
61.20720799084932
63.27138439046
60.5549969659161
50.722267934192686
55.107405547318166
62.84130966368616
63.86415422551986
59.48131165958073
48.45721627441824
60.10303937780752
52.99901580612541
52.19136476316464
60.17587609386139
62.63671897647595
54.58158636811744
57.29363717878803
63.338995750120226
60.07922682700469
57.08872829160889
60.13672677026283
57.88976738306802
61.80272900713322
52.221467460884384
55.39515472594415
63.03352312885943
63.06559412065238
62.17013172043393
57.43439747196325
51.90837727034609
63.773663696072376
52.44814125227324
61.09419646543832
52.95366599574449
52.95549224765964
59.92903011079426
58.255121065015906
58.91871364731036
61.34562132714644
58.670657272871765
60.28678064652897
61.33527730058463
54.58835066956056
56.24854267670121
63.079919355069926
57.920524222796054
59.30900840888884
61.90167466395472
59.55488961135086
58.71350620358547
57.55090885891993
52.906637966342515
57.820398820605135
62.76541699624204
60.96086636426494
61.5499227174544
63.60597424610505
63.98715732765944
55.2605211293487
55.185310070261124
56.792350496167565
46.12214215629263
57.15708941976663
60.427748719207855
58.54557504625456
54.54754215812595
55.76937986559142
63.99414368322445
56.89819975598105
58.53849293428726
62.01310688115808
57.634515479059445
56.31396958092412
61.3076209901523
53.523555836598646
62.63850721079272
57.56099876600857
63.71668135995942
59.067796246790884
57.6597198091455
59.58606781322961
61.15909290688242
60.00487809719848
56.02325694914061
61.80401428725079
57.301145150865345
62.931827328264504
57.775556489988816
63.2988098757685
49.83396576104702
58.03879797547132
60.68930913827724
50.693964499501945
62.183609082370765
56.3687609492493
61.339186016424044
56.3870479834627
62.60956405776793
57.36141832596873
61.48783843057646
58.76010727596699
58.644376716008665
48.66811032377799
55.41804228488007
51.94459961768938
59.847640345791795
63.79183716934904
59.61571705745125
61.21092411104927
60.60035606417181
61.78858582956584
59.80345092507412
59.78653890566653
58.59595566245839
58.22142678384195
50.245851613111945
59.88797303294392
50.86694909429087
59.554640506028456
47.09796121238658
