60.93906891624783
56.31455423326178
59.538905734503686
53.22573034316428
61.188990375285336
60.50000628736432
59.28962953749287
62.673884194680404
60.59048784197088
55.20973516662191
51.53336787285829
59.09115428049308
62.44656186930892
60.59536187148653
62.617600156036424
57.41750705284671
63.7852847558428
55.216043501892734
51.141726892541456
45.54165563449686
58.485152057314934
58.10723119190262
55.40670537030109
60.203974433208174
54.91417709254636
54.00667462092005
62.94415117708419
60.052457280399416
58.93996525085187
60.0022802743587
60.911873447436214
63.590472891591084
56.385197816439025
56.28117173258057
61.73953385749484
61.69371600740839
63.81135091388936
63.535206455727355
58.617266289581856
56.70715526697441
58.99868174898276
63.371733266283265
59.86519001668075
55.22126689740033
63.47214870181149
57.97436772033017
60.641441121150486
57.44418045902488
61.962781653740976
62.08528412439785
62.666124486639944
59.05630146297871
62.65230882670861
63.415481153602876
56.811222568352775
49.45508205939915
63.8768190117387
53.47222601741045
52.46616784208855
55.23083819258277
61.24892030437063
57.27884425517531
52.5729102117714
63.84579925698441
62.62377680350828
62.20155387483538
61.150282508347395
63.7847446667895
57.27123268074616
49.76061802442602
61.088917859919306
61.62171212613229
63.60366315671096
59.660601350575135
61.56721138724307
55.51239828276908
55.18487007440511
56.29537152490324
58.37574684219427
58.83294355409662
58.53509893581242
62.80981407887577
46.076954413956216
57.16372070029199
63.30362217933407
60.525767336426306
58.004607723190084
62.7145359991003
52.7565266845808
57.01218514295735
55.646417954451024
53.77899523173537
53.81859419072643
59.747026369459434
53.011528127195
51.52340571325891
60.5334997821672
54.3999334516607
63.162463204810486
50.703300253932255
59.03548928351845
59.10936157762981
55.98551852464799
57.43421091537597
61.06738239768531
63.428555795470956
61.98989142710087
61.76782591059964
56.682267744476306
57.18582776590281
61.835076786914264
54.5205541101156
59.53836107145833
42.835128183437575
50.75002572206371
53.24877401139168
44.57074417937805
58.39499472735215
55.50204825910634
58.17949691351333
57.519542375455856
58.66149538066803
56.15011766994884
62.02637331819805
57.3388455430737
61.74511874925568
62.613608703544884
53.4207151695012
55.12241729571879
56.082712770470614
63.53258323960144
63.7331674710489
61.281854060697185
62.31201565976356
62.567816535056224
60.8489881868985
52.68911209998505
62.76860839062125
63.94914911734297
62.27740897566899
61.200009871331645
59.75452991946836
52.65582849106157
53.04000991581555
57.80016931525953
50.14929765155762
60.146052977450765
52.22583481393463
63.370567600301506
52.060757881159844
60.509148418478254
61.09032762812905
62.31416105573828
62.31908190794785
53.72881427703909
61.87231603203876
63.372664093830714
50.5759507880373
59.13473020170006
60.71489220601505
63.4883451737223
54.93981580010123
62.43106033139557
61.019828889459156
63.112666411380744
61.63166818775305
56.527885180111795
56.69453285609329
59.755038702356515
63.1001776507306
58.96572370129489
62.67921348163814
59.441180642705845
57.63358706463076
60.34717075479946
55.454839914417626
62.40256712120178
58.79521241139225
56.225210660208205
63.6590000133143
60.0596255590378
56.780051358808436
62.195321371385994
54.442926489656244
59.01509715453875
50.86234973026947
52.1941986840142
52.92919379108228
51.206724112529486
60.25351159029203
54.23823994799822
58.92255950026913
60.72578721466584
61.24315745653222
62.38689643705179
55.386228334856796
62.54385774186385
61.561627175069056
60.13598422211317
61.154420084785066
63.84474086648266
59.51086184126741
62.66213038788308
62.454152872932816
59.99560831464144
51.47139178754914
55.52347824942502
59.73908100544928
63.28164978939297
56.9205598533471
52.44515164878247
63.54755270981908
59.57265094384981
58.04458767750719
63.27667370561809
57.053557676164175
58.08015305894678
56.75485081276426
60.341183888352454
52.66842330158323
63.30116842808464
63.286695256679835
62.14453695307203
63.320680639628996
61.12890367358584
54.12589964018421
57.065863410639466
53.96220422766194
63.760081134725034
54.258978226558106
55.58647911633355
59.666991449910846
53.13812986198327
58.160307516153544
56.4864420880849
62.21759233455532
55.65176547442603
60.87496585179719
53.44968038263493
54.044513531426446
57.65726274184852
57.578286412445614
62.54974153194522
52.02777205402588
60.6238149602657
63.0160509310866
61.04469862303758
60.34614298252039
54.74771723596348
59.60521579321514
61.880479271670325
46.86356177080213
60.88968290450435
62.41083992123239
63.17458858108223
48.55871213101623
58.88337214912894
55.86065510910743
61.82423757571644
52.29535325274705
63.70875480575032
60.41165531377939
58.41666163668509
52.85691235570959
62.02299568087445
62.540902994297106
48.70658924320966
60.847871277959435
58.72180509991918
52.14593206144066
57.30221063656633
51.28619246174381
63.046601611483766
59.24066319460612
63.92705302126073
57.230251790439866
47.52805480517964
59.412093921655455
49.95557456210966
60.648004204731365
56.84520250719653
50.62043442602126
60.1950156008895
59.93744052217527
56.67933036798641
61.639032347702745
61.45638553110252
54.45807529487943
62.59241995215333
45.438099536673946
60.62078575311423
60.49026150770297
57.45186347567219
59.091766346233115
57.05376586726698
62.105709005186334
61.46178270607276
57.72445507721034
59.47821757286055
49.82842753594257
61.58589235073456
50.365256636265215
52.02885029180301
63.79809274536295
62.55080812012881
53.22814578467674
50.02347069187089
63.19055542593824
58.44120134464678
60.1006308118139
61.34509316951454
55.02485925002221
53.86022545095287
59.61041809358521
55.24241910103194
50.84466112104821
63.726383546136276
58.96882665223765
61.808749990903245
53.944277490939925
61.67544215585928
53.98353662701525
62.00999800527838
58.07652629391051
51.92148553670011
52.22523714265331
62.567673525599524
50.464444603567344
61.90246183979397
62.71213546153382
59.23091781648868
55.05662549825906
59.06416125940384
62.80278758810521
63.14012109613494
62.707611947182265
62.95598243058493
59.849915959841475
47.85958002881865
57.982767339931044
54.17529622964226
56.02638903899503
57.409012324768135
60.42905463746177
57.94291136420238
61.38000982127134
58.730262529331256
57.60215415689822
58.06526394953828
56.51820394198195
54.141916342525654
62.539108418414244
62.636145208212874
53.70615740563456
58.89173805952736
62.6707435497758
57.40517072471002
50.76875736135649
63.35440172599627
59.84862231795035
