56.10075275565045
55.33113720586572
63.25131541881776
56.03327876744035
62.2403120711062
58.716484602243426
57.15423194072334
45.968766027089
46.01699883708798
63.74665152794035
48.636283589498746
62.650964058353736
52.58953514975427
59.74438632206218
60.34247514905985
58.53147421935224
57.84120972147742
55.48034436700021
47.206677545377765
58.925890396029544
61.57048081503788
58.796544277523296
58.801449091406134
60.45322879278342
61.43108184056494
62.53206721318644
59.70743134480379
56.880079686118485
58.95209494941503
63.78426917496571
63.70268205848397
55.899301014601136
56.384136264862946
57.336597384799454
55.67926198018977
57.520382375247266
56.3907914972
63.79024574188746
63.00688030414842
59.63628492786172
60.341321491029696
63.40650748195627
61.33039692188812
57.96307491256198
60.58195954062279
61.46726537524158
56.37494669759258
57.66053671341475
62.81496811807631
57.87650805199992
63.06894272738657
48.93831680014553
52.18583504137729
58.18021134882779
57.75748672590848
63.259757715467956
61.069499632950965
59.51216892445538
57.61255656364566
50.33009209899969
58.59134399581831
59.7178905869202
61.42884961525915
63.53544064051683
54.35637900538813
46.04961786654708
62.89684522039498
61.1057428264774
58.08600043829339
58.61072175980503
55.08557764438542
60.09332335229429
62.22197363628985
55.61070643735209
63.02678427635541
62.71585054089099
57.43669907299079
62.02458702137178
45.85332314192341
60.220143106779275
59.439279680915476
58.89626167363397
60.483714358046726
58.78899906152182
52.302102515178625
63.756466571105804
61.188134303392
56.59893914771225
60.648586779341734
40.7307454899274
61.128414599961125
61.736249323738505
58.6537935179895
61.27175972213849
55.731475714676556
59.44068529135945
63.6584654931836
59.09750719925902
49.93664225090186
52.337784162873504
62.353919200692246
57.16993478642735
59.75061895238164
59.83058522601541
60.36585979992046
56.00372541892776
53.281089595951535
57.454525956900525
49.46974805150358
58.73649587630012
58.84001721566738
58.585183281199
61.10653943237261
63.61948545262257
51.286334501973755
59.95960969685437
61.09376995192363
58.66525549692961
63.58902475413033
58.53280282912101
53.78500846486357
53.37003731881508
62.12443296332614
53.45190063367946
58.21962430594984
60.79183458777532
60.91174561773866
56.93205041205333
63.82372698890193
60.721646148590146
54.46065901679356
61.6899414822937
61.78655233559703
62.353526251770674
54.56056149306513
60.52601862577709
63.25975458631977
62.6487555893886
61.12737189202358
56.728386786145606
59.022552315349564
50.70826400028681
61.10725868994773
63.09906937335363
59.558364720171696
59.77649783668742
56.348044540784585
60.24822870290682
56.07769609598351
53.81104350965094
60.70149098258795
51.64329660789641
50.730091971934286
61.12210650439134
51.858219481191156
62.24902294475184
62.57678751956367
60.1643997010418
53.902117865376695
50.28934202042009
59.218219635362914
62.03464775581243
60.84229593865546
62.030497444196854
63.33976253651931
57.9584997543941
62.7675744533032
57.82830979896997
55.388915255033766
63.58780055556557
57.248771203295284
57.18607792595003
57.609793775397954
59.18290333234188
61.45761467355937
53.6011804578481
51.677616619903255
53.32183907533366
54.69432920048986
63.604078876009716
58.330596488360754
60.70069283783413
62.30186123195092
47.98832037426553
54.7560321358939
62.476224083568056
60.97178098960859
54.19878231726176
57.43046637098792
55.02232901381718
61.24409345880922
56.77449669794704
60.156543662619455
50.29426382130802
63.536676850728995
61.68685858338588
59.0113636997617
60.00128914793536
63.934199352580215
54.07493142032689
62.723571326021215
61.30276879472598
48.64247204869445
62.621888860061965
61.98968706235295
52.6047466364183
59.08665978351177
60.712383061345655
53.68572918642373
53.737176407078074
61.157862902360634
63.65446641179585
43.26593282303822
63.14590369715733
58.46824172023553
60.81455281498343
58.056420366388195
59.24394910138605
51.43561968451972
62.92880849682489
60.53781346953775
54.419870209650895
53.54452490101817
59.66835633324125
63.05142944224972
57.718651193759065
55.73348559312169
63.32310954942352
63.53362144083854
50.90275157265525
61.07174391753787
59.52528092946773
58.10192524531395
55.113083604690964
62.24027862669891
59.986657470388984
60.143327756504235
59.28140545479984
63.26142318002132
54.476600406643335
60.17086120861318
56.14326632114121
55.26499144648625
56.55400128025644
54.86707079216612
61.49230249124603
58.658246921513424
61.082448543422046
59.672051397620066
59.16722465416442
52.829782093807566
44.63676530167868
58.03591674409293
57.14197342467056
58.3993432544304
46.13237627413107
60.428303399255874
57.863484802735236
55.71112584458053
51.080732453805155
63.28329555236685
57.18560390823686
55.51240847293033
56.52872410994182
56.98011586591923
58.718919826761585
57.081650634202674
61.969650523412504
60.32040783253723
62.49206981622361
58.95135473873639
63.184340370561365
63.20409487085398
61.72199244001746
55.742043766722006
44.70839090804959
56.9845048107606
54.71385637186703
60.1084006966009
55.77385538501446
60.04015625228077
51.494127983127456
54.895200591921075
51.48088460727339
62.77060294143536
56.296886663548065
54.61271879654792
61.99481053286395
59.30618539545767
62.60913356387464
55.46632947738282
60.630459750055984
59.93111677106251
60.43757717435263
58.930061242925454
54.01302360254721
60.664342796430596
62.44600949173624
59.47270777081008
61.588216880778205
60.09134277268516
60.70684583015098
59.346490425436464
63.503609952336944
63.769915051992456
59.56049275692289
63.195178121473724
62.69591820533626
59.245012885274576
56.01338926763093
61.40374109500429
62.85744892656806
59.42090322054141
63.462453375013695
62.46405288268254
56.11600742435464
55.81310381463018
53.15958962199406
62.374001349910614
61.50446032486054
57.3295250711033
53.974037562990446
61.79823335779225
54.61714568309618
59.614312149690114
58.56241368717487
61.53234670330226
62.32768043108733
48.77413833272047
58.96953052163409
62.200025871283195
61.41873857115928
56.53587874959901
61.658627552405555
59.94323839051166
63.74280230867787
57.87596978627288
53.71458142303681
63.341090410919335
63.62703481629951
57.457359869255725
57.77518045113731
61.962440978410626
55.70121826502216
63.240057811996515
59.203433395506174
61.505374012147904
56.432503643437684
57.86448595463046
60.69651590084845
60.093205657403765
55.92695762937691
62.75813738379354
59.40885366822307
58.90657196979367
55.88955881543659
63.982040559693885
61.14293954663222
62.44674144795448
63.14651542356076
