58.75729277886389
57.900219771661725
60.58342553088571
60.327826823254114
56.990072929535124
52.49855080451698
61.08430717856919
63.50501269479189
57.78781700769883
54.948968987044424
51.07449681358463
63.439801824819085
52.62513786700495
58.38562429260496
57.3915847951844
63.181668346550104
53.50901753836707
52.87402670991562
57.3411924364688
63.655014619693105
63.458601498810296
60.58556452093319
48.90296900519975
55.186044265883545
54.84388766784263
56.6238408093957
62.621824294534576
62.80351041064705
55.946902495301785
63.50882929002503
60.410719787447285
62.29204780673932
57.33977246813247
60.65538181281529
55.43281900865297
58.7734443144413
55.8112445567065
61.10093763497626
57.059990456102724
61.6654133875822
60.61685397906322
63.40596670024229
60.31688453579625
61.017847973848994
63.14505127944719
56.23396714430959
56.32443196369576
57.61128425881435
59.75608445633119
59.9044565894134
59.991852705577294
54.12986291393105
55.806977949605454
57.65567280977102
56.16942575293747
54.37490007090027
62.69881538782436
61.88742649578537
56.743642736256604
63.264266086151316
45.488210411771945
59.378887981086024
56.87885719261748
61.89574732773807
63.993618576209315
62.29603465698249
61.285210841783545
60.864051289201754
48.47149269626713
59.758024462615374
50.580279949238836
53.69066563630395
58.24654962891252
63.344030549015756
56.77694978631534
58.70799884124972
59.27854495889664
58.02833125221989
51.785639044061924
53.141221447378044
58.855404443613736
61.08294985697928
60.74225926742247
59.91343346906728
55.15714346875563
55.13673186829536
55.697687670974204
53.68209526587933
63.849713330350234
59.61404577585209
58.69079566016761
57.25069976649031
59.93003840419552
54.12366918533107
56.319388246114386
59.239051759916734
61.92070854335002
50.27861331128461
62.33240629161348
63.34756597644651
57.009416271883474
60.59184861526296
62.79572931193742
60.984455568271834
63.603855375546
63.28755356487867
61.34461687725194
62.223081100412905
52.02622068057231
58.81744892342194
53.77907841739566
63.90821648042502
54.34399243347327
63.58792924030233
60.86223907598395
63.85888863491032
60.208983919657754
57.86849123270937
54.997001674188475
61.92686011321292
56.40497474274407
62.360115974664495
51.73743751503379
61.06927097002396
58.374720693779
60.55115856982555
52.03423446694504
58.110873592348995
62.83860246008276
63.457713182488426
60.06426826798218
63.146611283130746
52.86775379973726
56.977296843408865
58.026483961297956
60.869067664144595
52.232000063071254
59.12610623305835
62.168794607656245
56.92063554580833
53.22709639379747
54.03940867902058
54.409934504655354
63.04631433802827
60.88923335754699
58.72888268064657
57.1110779944712
62.03057104774384
55.10638776774495
55.006373234787574
60.39815452592913
63.636673343051605
59.88197994132396
60.01409444478463
48.36360829137239
60.38409639041278
63.97583590123792
60.53451714329731
62.45979157956906
58.57509076580131
63.46451009937453
50.675062468638416
59.67936625825285
54.53006956109795
61.287998095051634
63.82481220012414
55.21940699063458
62.28656703635913
58.028345213143425
61.966623190563524
60.5119109563357
60.71082427013321
53.271016438814186
54.80763076049363
53.13736872281795
61.45732834238541
50.064426984845916
51.21374665148949
63.52326461604847
56.443044030702204
61.51903973479772
61.34937990260611
62.740153173162675
53.799791189245
55.48913057750576
63.634527586379754
62.47503715989842
55.068846165174044
57.10783833879181
58.94730361942988
57.026838941585645
54.50752071853343
58.16422634913942
57.388163206561885
61.65138161112298
60.41395102162362
61.63372078470296
63.85348709312277
62.647166844228636
63.76819362787834
62.97160016386504
60.104911663871924
60.399317666347045
60.42299934721981
61.604457913249526
55.04459112751384
63.19521300422626
54.28759594686586
59.1844451707273
56.92439407097294
61.61566784856445
53.98326551025707
62.10554313687179
50.94446621678142
58.912977736774096
60.50550089949829
59.77071980329539
60.49893246469077
55.500022435753216
62.45326465478817
60.80122364250871
62.849323795096886
63.21798520478868
60.398402797339344
57.8756395113933
53.48045083168249
60.21685848777779
50.30983723288058
59.06687543924723
62.47462842477683
52.916450806656655
58.660414574165195
53.15241591686497
60.40447564864087
55.20834850740705
55.792826223289026
59.961352867375965
59.77604634549979
60.976989103100074
55.1779234729463
51.49338611240901
57.71441111794674
59.1897903873675
54.2186034424533
63.28208885456244
55.14069168038125
61.93307191264264
56.43429893061243
59.82369861326983
55.27350009706445
61.65655785680432
61.37423744798043
54.43545709453238
59.79644521284346
61.11922633338604
60.942902970645875
63.08879932909719
54.47175021482175
61.92125914902876
63.349020648675584
63.59208888043475
57.359151092693246
53.38715988470328
60.71139778074839
61.60004941211033
57.21130385433163
47.88799321119861
55.21381466357802
56.75376495040986
57.713292025897935
58.350751757592796
56.36279335136604
59.331738906479316
61.46586568859473
60.21332001424746
53.48757625751501
62.71687626459162
59.63410885261285
59.19824768414208
56.43076265805623
62.17604119373652
59.99281602621245
59.51104536538612
55.79194451411922
52.72732815949779
55.85957389712604
57.22499640183482
56.86290259570242
60.15254231249859
58.2745212047167
51.45785053179482
63.71304857108774
52.26300391276879
62.1359524335512
61.30566784963809
62.20583154931718
63.38009061001522
61.184299228228056
54.87792784041345
60.51794412959666
58.684324942547974
63.78293427903192
57.49593667108176
56.999983016633024
56.81086103334076
61.24117664526002
61.31600765602639
55.659321440467856
57.528944986277594
62.30085099506837
53.84409527439136
59.51680460242666
58.61894445445713
59.200643884150445
49.40424436259518
55.9282305360208
60.2300579436556
63.2534868972285
60.54022458065319
61.40024998001262
55.2048936815713
63.528259829495326
61.53339789461531
55.55512832778849
60.90351928835418
48.60265824394838
52.6730091294203
60.71988258745834
49.0004044401295
59.416718544668974
62.54701186255772
59.0879072077361
58.99297439739196
60.343846602268016
57.02519991928413
57.42891327407511
63.748581993918464
61.11136486571991
60.782769834262204
59.88951553791848
60.75774397217508
53.69896099923761
56.85304991231471
60.86765195201985
60.728111067346
60.887608465412555
59.8646627126736
62.468879353109905
62.90306188980345
54.67163358143451
62.2239549824212
52.333081943449294
62.47524615292779
55.000160960722546
56.3919231410153
61.291306377018806
55.56592670779006
63.70129426240004
56.61149745817307
57.04330315472889
