56.57080526949747
44.131169286142516
48.66644720131686
55.1446851150554
57.491905702553645
56.99150869843815
57.059225622018204
58.18031901712174
58.71677505814114
48.634010419109735
59.92707690793624
57.71853249038589
57.487566386846666
56.484898353082436
59.83757482340515
62.32245295906719
63.639268722211376
55.73277352948144
63.68630517784024
62.04728959269512
56.28416864915624
63.81420471836634
62.65499332741209
61.185584582279944
57.59582212323571
54.720573178430584
47.414200043407774
61.92370297108769
62.113416339397226
48.54923175197423
62.39787172118185
58.389753446201034
63.96031391066736
63.84424956701654
62.59549282551966
55.05017629846218
53.55045300311541
63.70801610062218
60.33825092228964
63.24831670418154
61.259715285787735
63.78649366988796
61.01233041068229
56.61994466499936
50.397827826198125
62.5416004176726
60.3835100472645
55.15698154967133
55.85818896647122
59.74526579122132
56.17980164543816
60.456795943019955
60.70891169752285
59.381666449825246
54.50499767835051
63.09845450138035
57.82853055147387
55.932395552740076
58.204477321656604
45.239412975798864
57.068113240846856
54.28051864295132
61.37905916225324
61.71682398981753
56.924362852765725
60.82852741891687
61.10238168784583
53.00506547850495
57.869632732723574
62.54924575229653
49.32651949396847
59.35977560474754
63.35356144787137
62.97598163952698
54.19076045792724
61.35622047481433
53.264044118805366
59.92905618868429
50.12200270238701
48.88741033552666
43.928371537755
63.01903572505341
55.852223327561006
54.98082465326965
60.07586000568419
62.145759207806854
59.29711193317037
63.513258761800785
63.420451580033
63.007190631502795
59.29061274852724
61.83578385739011
53.37988339451083
60.39292671368706
58.55029212461612
57.85159305789022
58.8804164909804
56.1158117313511
56.50934731193053
59.085894128901586
57.56397123153466
52.96697926984756
56.33888534841382
60.61211397080185
57.32899828712009
60.50118238935516
52.55660787524106
54.12081991702432
56.88193172185261
63.9798786363227
56.76939623182946
57.43794301918589
48.59936070255013
55.014648170706465
62.29781782545206
46.6339950002353
52.99540968244778
60.63724101686791
59.90995863291889
63.437323623747
62.49428175974173
50.33443608555628
63.847203194818825
61.226640988551615
62.52911994552838
62.481549917813695
54.08060006998555
61.91882046637765
62.830647037977855
52.06863001493062
52.73302547531402
50.599103123972036
61.51630976749402
57.354479762614254
59.58028601079439
49.971419790902445
52.76382038073672
58.7763685342745
61.16782055866465
59.90262661385017
62.58308359900797
53.140007610184504
50.69179444326761
54.085616954710126
57.60442539955613
60.57937429088493
48.555205858020244
62.22911247339418
62.43442032609132
50.31496170324801
59.525178450432016
61.359468262946784
62.43142678795732
55.65384083386378
55.92651383470202
56.321738199569694
58.81592017756753
60.576712291967254
54.942087937491344
46.747918966215714
60.9454643550424
56.83324938822784
60.642127296010074
59.02179251123963
52.380187224333774
53.10994714987951
62.77988100840151
60.41860550468956
56.66587003134775
57.04495559044772
54.976217784560575
59.27409631931909
50.83034897358996
63.82551193262952
58.85627190029451
51.50401555394165
54.61668110411034
57.206801729417215
63.79226852776961
47.86312567580513
53.93876564889603
62.13261850522215
52.928455103576994
61.541884912520096
62.782723899303114
53.309115922184695
48.34488229617515
56.101999508677956
63.595811320991814
52.56459156864191
53.089181232860085
54.45568837291094
60.3917524680529
55.725429355795015
56.16615380729741
63.19218437610688
63.73824992842599
62.375743115028364
56.164166640053416
48.13556579647866
58.62519707210574
61.16329639891411
61.20492340638488
61.50401548211521
61.56989480142434
55.65508272592958
54.70968938002017
60.003742591690944
63.471985988463445
52.307328894188615
55.84425285098688
57.129146883011146
61.05405582857052
59.08198549036577
53.95573895307749
56.74420475138409
61.9268563799948
58.86136772626571
56.70135627270892
60.92699479407081
63.87872240395001
62.6253667374786
63.48452641378082
58.3643757247897
54.39295227855113
61.912656423211224
63.51118602500765
47.70669636984751
63.17063782217977
54.36651051392664
52.78944206838466
53.540899186978976
59.63422723200283
63.716730991770646
59.333507518003934
63.33360421145185
59.8124085158411
63.20890871473878
55.67179922739267
53.37404985381014
58.49648557691968
60.39969321361252
56.23254132079589
53.40620422523696
57.04656062137967
56.30121311060462
62.40205156083928
51.083337562007934
58.185635812170524
63.9476923183934
54.53174735281923
61.43181007141878
51.564291573777055
55.58547203959677
61.54541775999633
55.92011655922376
63.8242403035983
54.32631991943791
57.25216910001928
47.9240670646873
48.49119275599925
55.9940223532185
63.78883048802751
56.627655893893774
61.38204321322467
52.939012948710875
61.40023615858956
55.60719249118624
62.487364526477904
51.49685581763877
59.533584132415996
59.62558527636107
53.51399013669688
54.52022446590374
51.5082099720868
51.67776634548052
45.15342534049225
54.836187296525395
61.85321733916101
63.2289041181024
59.42963451911631
58.86251315742428
53.95410309059314
57.389247181387326
60.16779001708587
55.406583394879604
47.82537701279236
62.32915778035587
57.098469272236756
60.80327130323096
59.78219944595772
54.341683463209634
55.519879682633764
55.72463059488874
51.249741825765135
53.87457633922459
52.84910582531431
58.61484701586426
51.7611491040834
58.067350613711724
57.3556234665206
57.72473129063094
62.28681838880094
56.623486619105336
59.241445757311965
60.69093041055985
63.08552226498619
56.68082952745891
63.10831815199196
59.98236717265288
63.4002287532693
63.951927083795695
54.549032688953744
55.276783419681244
62.48393654691757
55.8783157709993
56.271814764179325
56.086419311386464
58.34510775747404
63.65223933876527
62.32858889403905
56.86288725645746
62.30324336293716
60.241110525192994
59.38018244648849
60.153999263840156
44.78901857605159
62.64081562640512
57.00246143105747
59.40267407184619
62.652977260840665
63.54771794287059
63.47319860524995
61.986026856706964
62.027786961681606
59.447211158138586
52.0104447329243
44.938091904247635
62.07031189802844
59.94920747374485
55.54898201170889
59.00058557037189
57.89482103798821
61.36577930806521
53.984147013798435
59.84877153112482
62.75747883563165
62.47965099953245
60.47582207596729
57.15224295886333
60.94212030752439
57.7675921382666
61.771084732685964
57.191597372587914
52.08846194157462
55.10255228419831
63.33631603261797
56.92017151378311
62.64583666386455
56.04933545200143
