44.818563889245794
56.03544590545772
60.36488635188617
62.10898280254121
56.07971220939588
63.74106441205134
53.464526239835514
55.88019693905522
51.36335125223184
54.81678549002295
59.63341903614326
58.09584877166386
56.01509626916089
62.969423568643705
59.04146461198983
56.55506789199665
63.95157804175058
62.46563654292019
63.485525059540386
59.690005008168264
60.789306828988245
62.2842460212843
59.169593920802
53.98219220897654
60.50106806448117
60.00450286058105
60.455963295622496
63.1045449410102
62.86385797255285
55.42657257334803
57.28674219472348
50.754372553169404
59.69510625474817
61.487016408537436
60.93505434963011
58.13156352729143
55.46859442664827
62.787282773963554
60.607632348371006
56.86256485420604
58.614446354208184
53.9197845190458
60.65749348298623
56.25838582308589
59.800125731650716
62.479599689322384
56.58264068464665
54.10703825354626
63.46618856618816
59.156004759617865
55.96696913731311
57.79340321191948
55.5749839163773
55.30096759255124
63.53748519383064
54.05844539911449
57.15751488765376
58.32699592363565
57.295866525068504
50.80651288426636
56.913630427681795
53.221482558273124
51.658904369930475
55.82800129898158
51.612634505833256
63.36820044484418
59.53908059795062
62.8199594921754
57.959047904549834
60.32440648638762
58.894556417416055
51.708065616531286
50.18539205165953
55.13707164455595
55.72372303459737
61.47715692534657
59.57938181723818
57.866782590596536
50.22407466538349
55.22528837855536
58.08841944575012
60.92344636222066
60.14504804272788
57.35360366944208
58.727376317122406
62.02671815288681
61.3278622148063
54.4716600813477
61.43295843207933
60.91057327525284
58.663406749809845
62.045129795208844
59.91359970396147
52.091387995446254
53.05231149735734
58.597061265193446
61.616673752359
55.06352627228016
61.90231030252199
58.753768986488275
63.47010308425013
62.55099742677449
62.80024189683164
52.99910235788012
59.06000966642028
62.31540633147548
58.42873472037772
58.20959200659887
58.00544119538736
60.06189300264796
59.128283455725445
62.93682977996044
60.043689325165175
59.46406646881567
63.55080530996955
62.41440367369727
53.700970134045306
56.083187132843356
57.52920900059025
59.21159865867918
57.27018157043371
52.37178876045938
63.72729808609245
53.87351550589214
60.994998167472744
51.13183763432143
60.22951154492425
63.7442943513086
54.35624263082921
59.10175142097183
59.27130541823861
62.55815994299257
62.34498296788817
58.95696235693021
46.933058656696915
60.807718828905166
55.00260303865158
56.109976366966976
54.37251866634592
56.7855311317359
60.27799509591792
59.74249897029475
63.02322984221013
54.039244575195006
62.4566162928108
62.586626402459316
61.91253561581799
55.552807445022324
56.141248289437726
55.760552370073164
54.2903060651374
59.46276032197748
58.56046679993401
59.72389421133366
41.53837062949543
58.041816683138485
53.958791245254496
54.984304618598124
62.81079993429111
58.161355198607
54.46350304349415
59.10696250473911
61.82565528797428
58.68366197886854
59.23021293513489
62.40909243156945
63.91307716960146
63.17568810589309
63.63728679279728
58.65657191612545
59.66756168128464
55.69457491832715
62.89079651623094
61.82275000846811
61.795451757485615
61.95460671565309
60.9742734978955
54.633404140346855
56.36870337821401
53.33565578248409
58.85627112276133
60.281480872739955
58.88450174313187
60.993175410336725
56.68790479335288
62.48963549860256
55.79632685002922
58.327222138375326
57.55532753339118
58.00732343342137
61.176604202684985
55.66222738779659
58.44441855442082
54.8200814149359
59.70165059211092
57.42517017894576
50.835675862942956
58.123247759930884
50.64625089207764
61.75388705705246
63.42117783272737
60.639389544875996
54.74360213432253
55.22010151435997
60.78845392062522
61.82402202438927
50.44105607231087
61.4615065195676
62.85378467661319
53.544861912786
57.81537986387304
52.49292862082555
53.348502233220884
63.74463237421235
60.20650955133996
53.918326390754466
59.433180276207985
61.57009012245665
62.83308174160397
56.902845955135824
54.54208984529887
61.29709245303879
63.68952042746953
56.67970828783215
57.43582785059893
58.6744768172881
62.338003979782464
58.563301058369994
53.474739785486264
58.72194747884006
46.17620325907984
63.80370520884661
63.84947615220748
56.45987112731294
59.95189608208765
57.96995876760745
57.69307094870174
59.79674254606896
58.743191014670614
62.61735636996409
62.05785761311247
58.21619761766062
55.49866074845453
56.57135994536643
57.23053530419784
53.18703431252115
59.06760266333006
55.57466158661407
55.434587607622404
63.66347604807883
60.55087307985209
61.30603357068415
61.786201163818795
54.47848425476126
59.744424475405125
54.36293123834383
63.344571400315566
56.28091242780489
58.4214349043401
50.614724859407346
61.69788120834529
59.755107839868025
61.43877038278646
58.23807030488109
59.02476257593104
60.22525229668303
62.206659559678165
59.869922146471566
53.64072063039062
58.212572751404224
57.35844720102223
52.68017817080384
61.83566777849206
61.37613506446642
57.94711211405657
60.12243470021708
62.71893339480694
52.618897250673214
53.11976259276814
59.15247138211005
57.77425191550124
63.12453691174688
49.32519118774451
58.07871837304366
58.820579641392094
57.393070726064465
57.040163274939026
63.26332830027333
60.08094532951728
62.05779154249662
60.10215462064099
56.02750858112223
52.15591791527484
55.10322318240244
50.99998586322272
60.600645342490054
60.84124207109945
58.37395557646925
61.66013984895367
54.89468469921603
61.51518254167419
53.12827389058039
60.66120069161947
58.60310792292911
56.13018004412302
56.29439642573895
63.88518545280461
59.147600741902956
61.210583808435494
57.17373501005086
62.47428764898726
57.601571757415854
60.38508439640067
61.517448676736755
61.84400601956911
59.68738809246996
62.25457059158453
55.373001734235885
55.2013430028508
61.16428871175099
62.72420312388833
58.08079777635233
59.22850963151823
62.038454188149245
56.90654637840425
62.25922950178101
53.91228832446873
59.38543214919533
61.336081176103804
61.74547013023735
56.55984550658738
62.652269516442864
58.608441243001636
42.29043267956838
63.82956411497441
56.44897230398697
58.161359142817446
63.5535578312749
60.13559136556969
51.53945557309707
54.80797747800724
53.0004147060963
61.23772833559775
54.99435325544359
59.12763486075412
60.59416305604258
55.552452306254125
57.79341789514415
63.75180674383999
49.69749685228925
57.4333627801288
60.689927523127835
61.28013089737353
55.829468014291905
62.48323749307636
61.57200601337106
55.385699914821195
53.40077551024889
60.56043988210446
57.590321950524796
