53.994767059937246
62.941265812574095
58.549157460536755
60.763407432053285
58.07559107625904
54.53164523199226
58.50701207882866
59.14400136737058
57.01568154485836
62.096042932240216
58.92004404938694
59.9343288229777
53.21199656750808
62.86132740502784
60.12430007279708
52.956901618772065
58.436254943747
61.48133920249103
62.68825515105383
63.14156629984622
55.23448733210815
59.77697464455261
61.32427953226706
63.436683961984826
55.513889754327614
63.73928027370459
57.5347781483422
57.884431574547946
63.9342703700101
52.148042822287636
60.46057505394806
59.342754023469
55.748105793672124
56.62803771272378
59.707943874297484
55.350430526925805
52.28631965202299
56.89445892663855
60.08588645096874
59.765598333332896
58.187157817820164
62.69495930875909
57.96464507455835
56.27739886340512
60.395004698209135
58.96213280571491
53.47159626468139
56.45409718358705
63.33220807697357
57.06323075964782
60.34608428133334
57.041140825546975
54.429749179552104
56.50721215205519
55.74198058197238
57.48690272900082
61.17510725901633
58.53432691942277
58.677070206599595
55.61188772041879
60.83984334831909
60.426868774485136
60.37477389201769
62.8226455596439
58.277752190884996
63.00993372528347
52.88507724276816
54.898090104494614
55.50534330041198
61.58232371183928
55.747425185596796
53.906575637401
55.22617669947142
63.027286192848095
55.7330593418469
57.03212951665746
50.609401706108294
60.5814881446289
54.64936121037799
52.99030596768332
54.59893017224233
53.369287330738224
52.5673641437948
56.50322907168081
50.49222289766128
53.49003166922447
62.18634783916234
60.1777265039839
53.75557129285244
63.09708031912146
56.24673015394688
62.1842620708899
62.28839163307342
63.98261642713621
53.98880825848985
60.77206970980736
62.90941525271141
60.65253428166151
63.34110953292554
63.90047973839977
62.52120001789597
51.17377661592372
57.18793531789593
54.107938130418695
57.36746361286991
63.51929680688498
59.2418969951265
56.17284190669594
52.78918532045348
60.2645985608377
58.621526647590315
54.103457796331
56.25554400117541
60.68300012151653
55.97585409230001
55.89430257314358
58.774137108035916
51.39344738705165
62.61231669875429
57.440516426369086
57.35060212591024
56.76174207369127
43.31122786454202
54.476539580845255
62.24587666418647
62.57454411836504
60.07697924698024
54.87368831345884
61.98597113778127
46.69913438994752
60.98712161199562
63.7089463757025
61.81437606757035
45.747121264840146
61.57800349718619
63.27919025987846
62.16364858921273
60.58879935607252
48.339528067191246
59.089262439919196
50.90666757952993
53.245749176414606
61.09507334030986
58.26726360519156
63.838564197186045
62.38590406265148
52.41320420489534
57.41670319246465
58.36187659730902
54.99132078577823
59.324635326425536
56.22752451754319
63.534644879810735
58.25365013253007
60.03703105627415
63.37337504205762
59.61756877439879
60.51075149383256
52.49286663321661
59.987180740649066
58.42007475247085
54.615809462079966
55.72207991588254
59.91504651770909
48.30760039046099
58.983556109589856
54.733694589565516
58.47213178715468
59.69649879299735
57.422132862750225
53.584198202425526
61.257172664006376
54.2336736331825
61.32799616788674
63.78964127838813
61.69726666903078
62.86821198148346
55.21809358524768
54.8661775017942
62.40500837560722
51.87361250298247
59.2268398705996
63.94924841950953
51.3539298410156
46.64319562736633
62.97477530570352
49.56349007762113
59.972822444396975
60.53671692647111
62.34138256146823
52.12115741400231
57.213673452629195
58.04529401948865
57.565569721181106
49.37692848875042
59.63641743914408
51.13185157409391
62.39139970997028
54.98294661250662
53.63242460626368
58.685000562760024
63.503660523641365
63.370724892018906
63.854322043206125
59.76777758538596
56.14476610602409
53.94334195007
58.68060876386808
50.026608415351554
51.45120329121397
57.101954370555106
61.473849329140684
61.63956098397792
61.10582257195575
54.77531403496113
63.09587569508265
63.037485495031476
51.0337174317304
57.01258161734725
55.007709350560354
59.480194021449364
63.84708169071582
53.51679817576763
59.50756544641325
52.07145986992828
59.31637099305378
63.08648284995656
54.297546693223964
58.66640492453065
56.79182055977513
57.130913731217746
53.065272001349946
62.691473950826385
61.76539974709854
51.18406500045293
60.16231350817372
60.28791770452452
57.66052316678872
56.14360929139067
54.935535670532886
61.190356331002135
56.794542831708476
53.77476773107542
58.16430356597688
60.706852294091405
57.26268946555886
53.3990853975703
52.329370873378345
61.124201567716085
57.69003499733727
48.30977673424673
62.061764984343455
54.40490086207479
55.60427025450663
57.302844262107804
53.2354742560516
53.70536964633381
56.69377667036167
49.34525946662694
57.37948906766737
57.65943080158231
59.24604604608553
62.29069054404019
59.314661476828086
55.602050168857396
53.09436415937033
59.36601617368441
60.76821244299402
57.68167346527837
63.8758298823409
57.66828127130669
58.24068356103662
55.6942244343518
61.73707334947457
56.031806972239394
60.826390395174066
62.46320436229973
57.33544404303301
52.48660385170806
57.86235178536958
54.472434388730726
57.19694316204273
57.27127319489544
58.81096697411333
61.24686706199313
61.87379319752902
63.85764551848487
54.45483358832209
53.47991829099034
60.13131856255584
53.2559675543871
58.81067018175632
50.39859831845031
57.53262083354429
54.366003987933915
50.377779319665315
59.8255429373533
61.65134335802333
63.52151419551622
58.605105679772954
58.98780993453481
49.91933454442212
55.241174611003146
62.005546671019
56.74600483385867
63.5579939197912
59.97333266308964
57.83613064928715
63.18940446655612
63.77428507373513
57.316119706883455
57.84302347427059
62.34787900465883
57.946237696988746
53.81511748014566
60.426208375131765
60.36590537257226
58.70762023392534
59.59462122679343
53.38698088942005
61.86094318741423
54.63809875915583
58.337005668045514
60.263440954293564
58.89929650425816
59.66702096303492
57.91574840280467
56.418143503832546
59.22703786964989
61.892378732049885
52.830945438037844
55.19002649226496
53.012874221700244
59.81388634385088
57.911662624647015
59.24681394337526
54.13507863022438
58.376429387550026
57.06560773877888
62.023049288550546
45.5475375178709
60.00594214412073
56.74413389442384
52.743681055968814
62.667753951986555
53.85793188930243
61.12915581153728
53.62479527556438
62.971187527021975
53.90175213718696
60.220640286429855
63.456649349991054
61.614596572689855
59.614958859748945
62.8132105944889
58.182523475823
49.93271141299454
58.45018897595703
55.36979798282966
56.365084375760354
