61.37671419506629
62.30146241998944
61.96258723041287
63.984563502296815
51.86265029716509
57.228753871571925
63.379620500635745
61.29600466839064
63.70322160859499
59.83753892060931
63.83279072716837
60.321211449672944
61.83957115633144
54.562347569486
62.304315274894144
55.47861743586549
48.382965582442274
60.440195969655264
57.7930363562572
60.13641841899781
59.94989015310354
53.823572225670496
57.38801869403909
55.62943969404396
52.629749739771455
49.87174081433759
56.045871288342006
52.618248291337125
57.068727315984574
51.73415217092924
54.2639936389409
57.350640635808176
62.58054792789386
63.36743056099411
58.082126807910356
59.55353822947119
52.859920222508926
58.559958766904536
57.24756940896957
60.72399532221534
59.524233231473396
59.347907437555975
57.544722087023615
55.645193958537696
59.67526392293048
63.91601219813178
59.02919800461651
61.93007906471016
63.47641276675631
60.27272754975718
52.40622109777504
52.77494344784378
52.546081696709926
54.30650985109981
61.538766130927094
61.13115898424896
62.483021871282254
59.18484492332645
62.70655519021865
63.122254324072145
52.52169942491794
62.26284134865615
61.684790742381786
63.614374114991264
62.40202027055152
57.148342084435825
62.53744305209862
50.94600320245906
58.11738148230845
61.770274029367066
62.49817385266324
59.88334315340339
55.436163993688425
60.81565649413509
56.944154100309284
60.869852973865754
56.08674043703678
53.469324910514025
61.665376154740876
58.81925131317032
56.85654507586022
49.482246239899276
57.84642805036761
57.55268852755075
60.58278630451854
49.80534132067477
63.53857550038351
59.32123716131099
63.76795865963518
55.22212229903816
55.88098478285697
56.28057457502668
60.87861852694859
59.17104878373006
60.63563080199144
60.38881033998023
49.02519252984594
58.1424615725318
60.9106973301444
58.10750675898555
61.178817396980214
50.833937871197236
60.37445995273069
62.362193473138
61.178928207677686
58.08681102375793
50.190900890589866
57.82341321448945
57.50136232943181
60.82929470438347
56.02710037032256
63.471857214841194
61.463862612517595
59.57962875524324
55.3310219592064
63.68684389883802
57.263465728419185
54.472906687682666
56.38210885521616
53.077496347906916
54.66852122610806
55.741897882566235
60.99605477005421
61.941715821842706
56.0274379223969
61.97545012948715
53.9081684744811
60.11925057016558
61.170119131858904
63.42039966975327
61.656067824905826
62.67266232436864
62.66841344093449
56.1700831001677
61.67648542596112
60.21633950774081
62.17071353787899
48.47723316837932
60.73632940829695
60.70694288572722
58.994750120076574
57.918638446423635
60.973104908208995
52.902649886183625
58.33115547835765
63.635152618243104
53.90772258662491
57.103950352822174
56.79959920455355
60.634730330848576
63.23424857057367
49.59689660718781
57.95051231118283
46.425400663072615
47.273779609543666
62.44628703681484
60.95328066993172
62.468377165604
58.40301308486413
50.17567672083154
55.47004914646511
59.331529714351284
63.00545917923329
57.064544739212025
58.35167320165254
56.551772287760514
59.108210814247656
53.23136427906541
54.96475685012749
63.32355375377547
63.95063447604806
55.1994618218649
61.27628386176717
62.98979748205926
56.079421369156535
59.410228449831735
46.01722810089234
63.14558636119403
60.02747318553007
62.31513200979495
61.52941943412511
54.41586496719888
58.45683396447453
62.321658094125546
61.232143571121334
59.77375830936617
61.654848942425716
61.826634921670085
62.005682245447844
52.153884828835494
61.481275622401604
62.498005636595416
56.85743652994701
59.737837674615946
54.21026494390522
59.65873603653458
53.38731336436584
59.324597357053946
56.87845690970545
63.91863016542644
60.885565285379435
62.84321614269731
57.59692860589496
62.29217334804101
62.0961787923895
53.42976335878767
61.21017278451142
53.09521594147674
55.16212585169133
63.94242472979869
58.47146954569861
54.88116576986423
48.557000288726975
60.37324154747438
61.64401964795464
62.66320139080351
56.23223816712645
60.78091747670227
58.88980679074682
56.872803621742435
62.0700311626407
58.51588838347941
55.917003699969555
63.279751121069054
59.013199667810795
60.33032075054019
54.83705893627658
62.95383788276289
47.58805359505386
62.644212379365946
58.34080261669051
63.550405258267475
57.84328703849004
62.18769124446805
57.591298024059135
50.234387913601026
57.13679813361716
55.61406183000625
57.35003198660898
56.47912806281805
61.56024843134518
47.37639929840157
59.00842430272147
63.415754523673314
59.33032745833394
58.53323388417951
55.13108569711412
56.45531250205686
63.204093273810386
53.924033399114734
62.109764464197276
59.66093212283197
59.75929703181932
45.152733707697735
61.97754970776366
51.960757604147176
53.59711916501556
59.56641272259721
62.62751701648403
57.796246335985956
57.09592220392825
58.31760023298851
53.92473180718965
61.45033079438968
53.068483595330875
47.79132662015128
59.553694209707025
54.926484889203124
59.5374626093966
61.49587395177445
60.838108997448735
48.84813076879043
45.2418124752663
50.39682185872414
59.52354810290282
57.250915870600714
59.445253217686776
62.66619095731503
51.95842830479031
49.937587002168776
58.11563722671434
56.90243800212008
58.35263861871914
61.317798726583966
55.41854428338482
48.470582735309634
59.17464384582186
60.09188040012971
56.1246346537345
56.87418217875097
60.78165463432732
57.06602745764102
54.20611860188849
54.59575949418044
54.960638986356116
60.40700687592391
59.632714239163
59.623680478892794
62.40832419411031
57.787239523248374
61.92011021113701
57.22595273906795
63.18651455687773
55.35553338199319
60.228043903962586
57.0090405828082
58.538563715388655
61.111934080000104
51.32600975734202
62.35256964686937
52.18765574210263
58.64138044814569
52.96783714422644
62.22098717751211
58.90917224826454
55.979685283532426
63.885811965794225
60.911806281515915
42.36419485546953
61.29412488214522
57.89443828016602
56.801260265631754
59.58287837390777
63.31930440502563
55.27365551965755
54.32948673408753
63.85786801816747
51.15814158030832
62.617774839926035
53.46749646138341
59.30563461368604
62.3692350737856
59.7400042632463
63.75895837453936
63.95620176994623
59.36840623368525
63.60493432667319
60.44170091037323
59.42304944917859
62.23727930134283
62.35694370037193
63.95852773639849
60.055843213229174
62.66241837845227
61.58660044905031
49.92812826784462
54.76823127451344
52.53547566001309
47.19529562550698
63.79313851686378
58.55251751487063
58.77978641902821
62.441644903476075
59.35067435903743
57.338515966669
63.57378507927127
59.71351749829571
59.31255799363325
56.54147471259662
61.462920668273284
