87.10954658478829
87.04130401495782
87.87203565990966
86.53680110627513
86.01967506808398
87.64707009503158
86.28569432548565
87.4401701952005
87.05221198875692
86.98373694714527
85.45815736498508
86.14425848954862
86.81129337290172
86.9843311971867
87.69388745474423
87.21470839634331
86.80017792370315
85.6384122385121
86.34053019968208
87.19193795620406
87.36158906753457
86.92275807360039
87.341633420647
88.45692533991003
86.77866215243456
87.79815624510745
88.26435253746912
87.81332929766592
87.65178274802847
86.84213217316865
86.9555648830648
86.1024722220176
86.60907643282647
86.79519009290381
87.81599660846264
86.93824328983142
87.46507435140462
86.56814774341234
86.90115536176012
87.0455353154379
86.9453004230148
86.95667972334647
87.84002203451345
88.82482653308897
86.81083196573287
87.10595872630854
85.77021044091563
86.62939350687427
85.95853387352993
86.91905344466845
86.0761933333525
86.38998166600054
87.98123085061309
87.45189756725418
86.35852057334105
87.49505567776812
86.29847551651226
86.3925333625404
87.17663278659055
86.04980196666601
85.39149814993068
86.73352285196019
86.29635103894776
87.39645277060544
86.34320471424728
86.657986782215
87.70471937733389
86.97742545563953
87.09261773324684
88.65138276354004
87.59825891934685
87.6617030325354
86.66045343497368
87.63686458782404
85.8769435245219
87.15478043278472
87.7697805614221
86.50361025946647
86.17398782605012
86.13255745733075
85.98063780475957
87.77475563736165
86.5498801590804
86.66682031294057
88.30648093428094
86.65142860480616
87.18573539205306
87.41244614089968
87.13355858241191
85.74302150730246
86.65359774253771
86.26252279888344
85.25808437773321
87.50313796866396
85.62288034626792
86.9561950158059
87.52630723745422
86.20876826007085
86.45410241643496
87.63643779227456
86.8553934469962
86.86188184500693
87.20502125450163
86.29197606840361
86.68072254894001
88.11420891828442
86.2525628496835
86.39339190157679
88.2009678355563
87.34542458210713
87.60665683302854
86.92448252217278
87.37028049481304
87.05398384027268
86.6046753831314
85.82591816237945
86.68954127767488
86.0893715136392
88.12197725098146
87.43421836903477
86.57788476432879
88.14561312123601
86.37698227219641
86.81311373142998
87.86883099551336
86.68223460941265
87.77245503116862
86.95331413963036
86.93463433125957
88.38604023288299
86.96951228436598
88.24641127917477
86.3900787660578
85.70883953565144
86.6615505730897
86.27040408249594
86.24953558054932
87.45253043238901
87.09659465591783
87.2030030889507
86.32667469395699
86.08030270610438
86.75352118391608
87.05782551875048
86.3637007506331
88.47958657689516
86.83662208022659
85.85505778900122
86.14954300792687
86.39411605589018
86.6600194347412
86.87511472844685
85.14170362935867
87.35386309753466
86.34137668590826
87.26840953883443
87.87084473749235
87.37210111757831
86.4673436075128
87.17352678961568
86.69894231647892
87.7310779849733
86.75232908159082
86.757081974248
85.85514072416122
87.34039099204065
87.15060927691549
87.56221564365161
85.42551847688479
85.82123721625017
86.68902348700651
86.21456254180985
86.50654290275949
87.07869356690254
87.65052341367891
87.79069557611797
87.89838329025028
87.62457203995054
87.72695844928438
88.04313651313089
87.40031755005595
86.15065757779115
86.96693932416898
87.33301566366289
85.98375754064764
86.4358590532534
87.25886399935169
86.17678500656206
85.70023203305217
85.98843218892183
87.2102423631211
86.56393102267073
87.72898841220525
86.93496737707446
87.17404917745799
84.7619554870996
87.13962436072511
87.97028945670446
87.3777369573027
86.81639250489503
88.49877590402218
86.82645627999388
86.46771575344489
87.08127810450526
86.90008238726234
86.79377204614045
87.17063286170716
85.88818101312188
86.27832430036015
86.44512555602519
86.47521005792005
86.8541445963782
86.14810682649015
87.12752540589169
86.45026421054366
87.80456550490243
85.91049816510406
86.56293093632591
86.45699623157635
87.22815808483922
86.60181661750069
86.05033556810055
85.57920044704855
88.68829083826596
87.34341804590535
86.92462392000671
86.85789100078394
86.49606522523408
86.61815255898648
86.17546551625531
87.68253538120831
87.67717767181576
86.07286894776638
86.35251919221867
86.15607034613797
86.43613014266374
86.0626916119809
86.51072954999631
85.64989806044483
87.40296902409084
86.55833702433344
87.56363425422457
86.85327298019352
86.0463000892343
86.91231157455907
87.68016014645515
85.5793473870394
86.7522448260381
87.91561051322364
87.11018678100925
87.29493308701785
86.66513425803802
87.16037657125041
86.90362471651004
86.2714458324915
87.32700572650256
87.62100149367835
88.0784425177367
87.35805140603348
86.34593148794328
86.15222442821687
87.88988843471138
86.11103906561384
86.9607500163593
87.02546552375992
86.56746234305719
86.17978928368504
86.8045377568353
87.59820064059485
85.59959725648288
87.59525782765823
86.94374640357712
86.57702490110492
85.47578838510007
85.92794637018571
86.78985179185307
87.83683720384244
86.78461747803317
86.33954318790914
87.40293509716635
87.04895089216333
87.1028385280762
87.32001261642796
87.04317337957139
86.67144591938793
86.81963675999667
87.66548185048394
86.94135969286052
86.84613717929348
86.93549751002104
87.42511181752587
87.13505153750644
86.20004608905941
86.38651526836748
85.78382387713249
86.64633075624148
87.71110144364127
87.28396505754924
86.3191283170163
87.17888018287344
87.07115097081808
86.28534283541919
86.85175007725013
86.66574714207611
86.62443526803801
86.83265391009127
87.85759042542264
85.63113003227807
86.7570319442234
86.61453615724652
86.68377307546527
86.46074162760186
87.39471666709727
87.79814268915584
87.04169584772572
86.23702946136574
86.94733863564934
87.4193251047648
88.58795450165935
87.46579059515875
87.68959649607805
86.90550122372508
86.42252813351188
86.93373662679376
87.72864624628063
86.35403129712653
87.95496912367996
86.08072322039803
86.18721076663857
87.77859913125361
86.19099435145081
86.89735909390416
86.69714860609005
87.77770948389484
86.11981853532784
87.13070149762983
87.5493563728867
86.1233331871329
87.87608753964089
85.63079220621293
86.17348978630604
88.00370185204146
87.39598141198339
87.98450281842824
87.60354332521952
86.35070351644035
87.00894868669585
85.92760512037049
87.52143408872564
88.31263007109666
86.28843696593941
86.75615739081289
85.55541838387019
87.50739484234654
87.72935308158624
86.6485295318369
86.27146303004056
86.97314951644931
86.60558772434702
86.46873096099479
86.67982430311268
86.65338381384437
86.77329087753479
86.4165559584693
87.34566662639469
87.79851854941668
86.59946170754415
87.00779932222235
85.63850424618873
87.46866498519377
88.83658286552784
87.35696745220201
87.02631507434343
86.50970578877642
87.58626448073107
86.89808581830889
85.92001545783319
87.96276944723925
86.44848424875046
86.89070029989566
86.22905067493605
87.23660192379072
85.88755234989193
87.66886490729493
87.0635161736418
86.57181222051868
86.70455379124247
87.32828851593014
86.82186455656942
89.23328736899005
86.97105454659592
86.60722652884665
87.61542210934816
86.27716511386937
86.23800448277115
87.56926801257157
85.80533548314264
85.60827855373036
87.02869899466532
85.97254584978704
87.96652698378512
86.7953424222675
87.11076004580818
88.09968319584702
87.46832121825426
86.44581690186178
87.24838616140543
86.4500026239176
86.1019717329006
87.1718167635916
86.95598751424257
85.85324146828998
86.53553958671328
87.56037871261103
86.08193207067201
86.97461221748075
87.74263358320997
86.60204212217273
88.11547608054889
87.77441204319129
86.32024319675702
87.43880119165765
86.60305484310926
88.08278535820389
86.44514657688462
85.89838593597712
87.18610613676141
87.07297159821103
87.50621365168651
86.2087877515745
87.17552979482231
86.38417597316645
88.70821914512683
87.39719677505548
86.44330275421783
86.80845411361402
86.85219098665803
87.43133166397135
86.35891739710173
86.41234258885109
86.6736234522592
86.79718876244411
88.82407860825077
86.85182412334375
88.29386857343651
87.05672165313209
87.13179718909998
86.65000247025324
86.51286289971733
86.74200201091135
86.90117126959434
86.06494306397389
86.49212178886134
86.98872695634273
87.49628849795322
86.31734066465799
86.95591666953263
86.18941653609735
87.09577619412593
87.2764014689012
87.14245594558223
87.57043731873716
87.45659660966696
87.8424690561422
87.54900684244153
86.55457648807283
86.72928671690703
85.90553216125967
86.0659809198195
86.6716481319335
88.18226802566177
87.05496580042993
88.67904836317737
86.59017396959439
87.17753295916388
88.89667824286617
87.8334190436294
86.48872630056577
87.53935007000712
87.03579103428432
87.80117134511718
86.03593668857887
86.30506023825235
87.01653406008947
87.49620987716239
87.49210070822724
85.95537336888013
86.7954295879672
87.14371980343765
87.89275122743729
86.63645888503595
87.32232644148249
86.18326606737004
88.01789766457125
86.49707626960341
86.83931972128475
86.66529877018722
86.28169664971345
86.86794581192729
86.75831344651813
86.80696234535705
88.168656577293
87.00230889229607
87.71767594830364
86.91238404725078
86.63453716879842
87.89500767374317
86.74590799044596
86.72524937524237
87.06255876856451
86.7179048884417
86.44941678951369
86.72872648476182
86.49278377152568
86.30358734307751
85.51675242692554
86.69197350588429
85.78352856667084
86.62773889320155
86.68176583137488
87.57439095937005
87.26082464569075
87.60552717818132
86.41105611379135
87.04330282910813
86.81929974236387
87.0453933724324
86.89310477312463
85.95195013329035
87.02175585906224
87.38633109184387
86.4697854369577
86.06475947405963
87.2073522793499
87.28918682288909
86.96788963211432
85.68660679933005
86.81356907218651
87.25219807634129
87.28443517349287
86.8332375729219
86.95611644972325
86.68919706041476
86.24022601039697
86.78647951245523
86.75260736694791
87.44232036610617
87.59975829273024
87.24961335837673
87.31598077776046
87.6122058061103
87.27041462505532
87.90028285402514
86.67111905118539
87.2555589960402
86.97690820878995
86.833325810183
87.00956120428276
86.09251143363456
87.35766203046872
86.30767185234738
87.1902443774718
87.38505922690307
87.20140365000843
86.23048951412926
86.86594549085683
88.02636264948877
87.29207600963272
86.98055431904416
86.31843509705811
87.69372975680139
86.99322775569007
87.07234974790725
86.28327285100222
84.87037174685868
87.08014024022746
86.92753253937524
85.54621410251556
87.22620691820104
87.71005632073327
86.7261744575966
86.87596050564011
89.00662662589619
86.89087016509211
88.33675018601967
86.24223115419795
86.69878319157999
86.42263694859018
86.63312200848573
87.21530592232291
85.56785540240669
86.84722015757907
86.3885779688058
86.48965565487788
87.31072800125064
87.50436032404687
87.46004823360173
85.8982049914197
87.29513195432446
86.18636090202624
88.51385072418401
86.11384787346455
85.68267926512421
87.00635730822697
88.16585374634519
87.35345625291653
87.23872566685941
86.89478430440968
87.06276029883408
85.72307569047352
86.74233433153005
87.08351084932724
86.88236886953965
86.86959579123342
86.11468615488465
87.85998816769218
86.99965394500559
87.28640888684153
85.92936102798583
86.63903842615137
87.37470051115655
87.50943627748795
86.27663074278892
86.91202834744102
86.76282371866496
87.17118475852952
86.49360265223997
86.39338361009058
87.10539197914805
87.46255935859845
87.27325745244839
87.01014206936739
88.09706961762146
86.81955640635684
87.23582219700833
86.51945863419635
86.7529010488339
87.17442740764938
87.53536856382871
87.1735236901392
86.58667439528499
86.82694028418612
86.39787263956306
87.12240297397581
86.46176968875236
86.41515238898717
86.52872828248516
86.69615079168538
85.06815005227115
86.77055506610554
86.79445647435435
87.29739212039385
86.6772766652158
86.6431122847775
86.61881668390676
87.07040900654363
86.1595160682489
86.04862708893448
87.05244289159161
87.62226938122171
88.16329307902494
85.7494373514915
86.45989644032497
86.6123044014209
86.79205786656584
87.39473594638987
87.17033374847874
87.58179960668117
86.48190285305206
86.240305492255
85.60014233376837
86.08361774412239
86.41816953717898
86.3405060587507
85.64799885542844
86.84174714651289
87.36577792415255
86.15045211059112
88.34579946880456
87.00240933889887
86.75381392629733
86.51587602212972
85.78170654733411
86.26962083376456
87.42417855807864
87.76825464579824
86.56579392963539
86.75338042791337
86.59259805601442
86.85063587534903
87.32015005727283
87.96747134062812
87.48981464663586
85.6637104615692
86.52446178579437
87.34475612645821
87.07284108005014
86.59631244725689
87.15651721831337
86.06512636977361
87.37262162008892
88.68311594525092
88.61646623909527
87.2382729819487
86.58219548066958
87.01241318088604
86.62750825592192
87.08215396923957
86.85106368807051
87.65055385416517
88.0288472659831
87.19050040321935
86.98157835306444
87.90718668987938
85.88841364211271
86.00869146796323
87.71346376606246
86.14407569910237
87.10493878998547
87.35715712006179
86.69576770714094
86.63262189008742
87.54803934927146
87.38894697137079
86.28002967156507
85.97810061350488
87.36256855419825
86.44768808073282
87.84469145075809
86.32571523552062
86.40509281448747
86.44786881061718
86.6511847791608
86.51911361217138
86.73976802985554
86.19640154898514
86.78467808961754
86.43088112084894
87.77383208794852
85.95435774860391
86.33093001498544
88.0767293939792
87.47781612194352
87.24176246209171
86.51238371152306
86.65641760931985
86.30713769020461
86.55856373527932
87.43492733772872
87.2783742409552
87.02214117523411
86.09123765407942
85.86867211106956
86.63946150756337
86.26219009213283
87.30383944766875
86.01490423258839
86.08398034851311
88.53888011384777
86.94895859833422
86.97162613628548
88.35105679122849
86.35599356280844
87.90839333224604
87.07510835315726
86.66215891763042
85.2398379079469
88.33318618356884
87.16621464925133
86.29424126447337
86.6615377309491
86.59832714026305
86.50508593560983
86.52854233846357
87.70866075458824
86.83469228137622
86.81448506669278
87.30319749010995
86.70434746854067
86.20973876061707
87.45590049662293
87.07088005094037
86.34408215616435
87.21362420970404
87.63669611913105
87.49524421329474
86.84564441467761
87.10769362919909
86.55469821131604
86.92263520274948
87.08159764563203
87.75443544126523
87.16450504451747
87.38165957039355
87.87680201568095
87.26936868255703
86.80573195229418
86.86554059438417
86.96445293745423
87.3433656631647
86.6655290721226
87.22273003795209
85.9450919376948
87.2435684571096
87.43302359277644
86.64923378532028
88.25468359040617
86.17992894504728
87.53554300745466
87.57287341199068
87.43724017772752
87.2586498340999
87.13712997250204
86.62018927442797
87.57192717926304
86.76942838847279
87.11706552976202
87.02202648705875
86.3940080146113
87.81477073603936
86.17308671896653
87.60005989807676
86.9456243335407
86.64120498430002
88.65591527384072
87.68173685195755
87.82409528253076
87.19445061121108
85.63051957689464
87.02018267726109
86.45553175612564
87.0309768846462
87.10606008878926
87.99570911421469
86.79240264267159
86.16531948861832
86.45653231623203
86.11941318930675
85.82666522794466
86.88129756232475
86.64962591883187
85.92463359947587
87.40305828711311
85.37268681783404
86.76168575161702
87.05419556711858
86.80487426215792
87.09661902909706
86.46188820650528
87.40237018751594
86.86309950458117
86.50954595767877
86.78923593392014
86.49002305766506
86.62254412672372
86.76726585900168
86.94761567378777
86.68737037746105
87.45190026498635
87.59124291911733
86.87167240653766
86.2536696206123
85.6450877180063
86.62292993610879
86.35705831851718
85.89395562906718
85.90784844751458
86.82462182818426
87.26221108136237
86.09567961130033
85.95428738176034
87.47880441757944
86.45687312472086
87.77536440294459
87.2651712194175
86.73233769420084
86.9887288751321
86.29132564548358
87.46263361307186
84.95840973132718
86.7897498888971
87.58667752055099
87.15446557871427
87.05801232898752
87.03376665183835
85.69598732903495
87.70693521228144
87.84427490862133
86.7400061695171
86.86675219198146
86.16802635220948
87.15736941809936
87.00938550671582
87.77678391358108
87.12613283071897
87.29349441665703
87.6711802026941
86.77888613878788
86.97782359579027
86.16473069180648
87.15941063426418
87.38339374960404
87.90180561093625
87.59074060350365
87.09485377470628
87.0690839070141
85.16779452724742
86.47572064157333
87.47262949521334
87.46596285098774
87.22071961014223
87.78031996100586
86.83756879427415
87.05313886026136
87.13962622391334
85.50747073923206
87.05424074378493
87.70031105248458
86.74656580396069
87.67089029300965
86.89539544133524
87.26653811907318
87.17596153887357
86.90528174217327
85.96748797572887
87.7941860344513
86.19977593880462
87.04179659231774
86.34007976092049
86.74124916138479
85.31549024828225
87.9223591725471
85.73315168325381
87.19205353866836
86.19554440787287
87.42660445134545
86.26859221878794
87.77448155157694
86.12725937880487
87.18585994716328
87.50314498393699
86.50109809775
85.54549017901111
87.92313395251259
87.10609611863964
86.78152475031777
87.4144390575568
87.30260905124511
86.92924781510541
86.82702608525757
87.21089103828137
87.67501489180053
86.06166278008068
87.35587956298272
86.44130431090667
88.12478950642449
87.51431440592879
86.91663158122427
87.39825115247596
87.08230712186563
86.19275711023977
88.19538463070216
86.95153607595545
87.88164269618918
86.80550818741466
87.1831764507254
87.37748871371329
86.4598969017507
86.45989296528997
85.66131130935467
87.20949134876865
87.87486632159238
86.71582828456053
85.83737133323488
85.79621315703729
86.7267795613049
85.81558222014272
87.37335790857854
86.30025750532056
87.3449337710798
87.43072674887631
86.85373175768545
86.80540504686039
86.88872591346443
87.41740025272011
87.56748131131599
87.01889265431731
86.3571662446154
86.17998877544963
86.39802927886065
86.03398359776699
86.56771120252297
86.19216066952738
87.87860436476983
87.86262904965756
86.39364036792554
85.68036954541633
85.58206386996709
87.0155593513423
87.0274903773299
87.29220121652934
86.13392866161294
86.67875909844348
87.92234641567245
87.07381765135472
87.6932736198724
87.7195921545817
86.86769751344214
87.93400810581343
87.02765943605804
87.03476029399023
87.04314531457028
86.06349926792116
87.59528422862634
86.82243692603609
87.40116734436195
86.53251466948078
87.67289403735766
87.1700592344406
86.6920305921046
86.72503373723498
87.14843765881851
87.19119873211193
87.33235469802663
86.54652110656261
86.82552897113929
86.2135772512514
86.0868192523512
87.27887705128256
86.0883810352697
86.9967072595669
86.73965311901074
86.67288590489669
86.99590278000032
87.04028490888668
86.40711112568734
88.22860351421949
88.07477166801871
86.25766577589962
87.1899094192202
87.7791301693627
86.72487904461431
86.54457199284602
86.06591649016362
87.67094185780135
87.44305295191675
86.84799375766379
86.584982441613
86.46016238387102
85.86112030176704
86.5547275925263
85.71165190628483
86.30376519321649
86.79947447357193
87.25883197498032
86.87550276627623
87.91918848134773
88.04591076677877
86.14895899693677
85.70346438654789
87.03306443528112
86.83824741870988
87.20858978393825
87.69844100639123
86.40381847833486
86.6233119383598
87.47544815537587
87.19600523479727
86.53401039303635
85.60179430102333
87.42014219394366
86.27037788293407
86.60197445701753
86.89167505826924
85.83676686213471
86.5513736448194
87.77974124334015
87.64701219110498
87.73753694477332
86.56838784385323
86.47754264639728
85.82278155251109
87.37588750203649
86.99787222088358
86.33056289823817
86.93215432035865
87.06311666562566
87.83154355833072
86.99146006914512
86.75633022001864
86.45935871018827
87.68911039448442
85.96241529021873
86.78609595096178
86.37964094315066
86.36694592144386
86.11478670532443
86.99344548680325
87.62968600167095
87.25955422200099
85.6025800364662
88.00393862641197
87.08513277076752
85.89004400756815
86.7410733226238
88.03631370398908
87.15261676489708
87.71267186407714
87.0217559691245
86.77692254956251
85.72573580838025
87.40622525397791
86.86295565691427
86.4293410053365
85.83590488891988
86.857650766476
87.3491013643753
86.67864455160432
87.02143127219819
86.40831679380044
85.83513871421502
85.62668211253225
87.39118712441915
87.43334434299246
86.59812759925848
87.50166242535113
87.45913832607664
87.31892624430556
85.65955414906004
87.88446512216396
85.66302031458325
86.75293573074225
87.16479243557751
86.45763882722909
87.29888128420623
87.69114827974833
86.83417729113118
87.47147284513707
87.29004945598476
87.15524217245202
87.31721173120309
88.5398636964394
87.53045902217282
86.62989250106718
87.57672958724494
87.21517407764593
86.49860044107736
87.74644999837024
86.99512288942196
88.07813074571402
87.47994522372247
87.23232335383416
87.37108850362802
86.46453485477939
86.31066824361277
86.50200821087248
86.62009273863033
88.1899025068506
86.72895951629762
86.64607969411416
88.40973018186736
87.01411943667064
85.65310723848152
86.4315582223669
87.40370191403302
87.27950069930938
86.87157757296602
87.31639934550559
86.49822384968509
87.02116871862775
86.59531929258152
86.485595821087
86.53298412639161
86.46130580257854
85.90387076517592
87.8088476233733
86.17144947062475
86.69441465951101
86.49438129929285
86.10783400027407
86.60845758972859
87.15282868139327
87.12311560647431
85.94206961223317
85.88078064426377
88.4407602203123
87.8041241380562
87.81746663252251
87.31996403674738
87.71713968708492
87.23448397373107
86.98406377580953
88.02596432271672
86.63181674032525
86.56603545020802
87.62025016448086
85.97724918170405
86.59812498433622
87.31828337052579
85.90409988803393
87.53661457263398
86.85791897118726
88.06357891814201
86.20811195904935
86.11722579630036
85.69626057679596
86.84802742755322
86.24262981367458
87.5418564477637
87.14319230580836
86.30633708949402
86.02206883067178
87.31529392862643
87.10445385402461
86.65935781766213
86.14432293674398
88.31264379647244
85.33629600819113
86.07866122984672
87.96066901623517
85.84697535130319
87.81961392133499
86.19630277560644
88.12502254489975
87.51772298957388
86.65474715263477
86.4284344938983
86.46544027464697
86.46769692354404
87.18623798466132
86.72725209416703
86.43723918144667
87.28021966368048
86.80829490609013
87.0953669955715
87.3580463744488
86.61551202754278
87.52829219893243
87.6824163743779
86.02433152335206
86.28148343833456
86.03500070257144
87.3408985047085
86.0748691962054
86.7421055623998
85.89330429864508
85.9505877393043
85.85845370592308
87.04187471148698
87.2955404689997
87.07617426568558
86.66237738725111
86.74675127257021
87.54268333728756
87.2403262416714
86.83001680116949
85.79906228438246
86.82924756938027
87.01059223927135
86.70153402720548
87.37035547275069
87.89390590513915
87.08634658355174
87.1499605474299
88.12892648903947
86.1833717400323
85.6516599140008
87.92919728365088
88.45064040645475
87.85737106109093
85.9557280904048
87.43080941052087
87.49905369433155
85.94590422442954
87.71724151656468
87.04820855566761
86.49946525618103
86.07511887770407
87.06056057049953
87.23437259017437
86.55313557713728
87.66020636852657
87.39978680540224
85.91208447515581
87.2660884906237
86.9501378818746
87.07318008031788
86.61577387204723
87.06717213899239
86.02751033913937
86.79938359925791
86.75814635729057
87.39903730822734
86.49219449627091
86.45755513746983
86.82115700598091
86.24095844349127
87.60853496539862
86.01073871201422
87.199964703444
86.59514763086305
86.97631089408931
87.82658117884425
87.3903951170058
86.84936475497564
86.08786284588466
88.18029625482983
87.38571537727763
85.91444998127417
86.63371006967641
86.51253256417925
87.34171469123366
87.48935396105315
87.73242112860059
87.9697823783105
87.56540585219891
87.7295307007557
86.37194272051339
86.70557609299757
87.42631490785072
87.66216372927268
87.36718317360094
86.64744321131795
86.79827418745928
86.09441343012939
86.958013017349
87.00042663533807
86.31677874315795
88.68663819840144
86.90880911884359
86.84931050302367
87.45897486245792
87.60181657890502
87.7597029951677
86.84630818284755
87.15981694342558
87.0748390511596
86.82756167202939
87.36453134416743
87.55924158086343
86.44836486840643
87.15704399303404
85.48583313720887
87.2819040285294
85.86653973087282
86.1039442663659
86.16910269502469
86.29863562075843
86.80141739910566
86.00508945528708
87.30692858119087
87.1017635873157
86.19035656465961
86.2108736956492
87.76076242103785
86.46607554498603
86.91258448271614
85.94385523495185
87.23949436191155
86.90533568880485
86.43941499962114
86.0810695192831
86.4965614458014
87.75534110233895
85.31420028479553
87.65159673974185
88.28724603795726
86.00419190767458
87.22626691315317
86.93244998021588
86.95306160057372
86.01707233095395
86.0617894468018
87.94383252848381
86.62960923900346
86.83317056347882
86.3659862188756
87.6725849718556
86.50719623266541
87.34846195710043
86.88056130893807
86.10307155679625
86.34111160382584
86.49151830584262
84.74094004935279
87.28687248495385
86.316768805105
87.25589200557656
86.72872637993311
86.44072659557864
86.45094178352765
87.252482112169
86.07332147443135
87.01995233077496
86.17940304260857
87.41937366589794
86.44851334231718
86.72297797398969
86.91317888005929
86.71892191602966
85.55222582262134
86.27249647123135
86.8672192471995
86.61561104615761
87.3632829577886
86.70266623569383
86.96674550146454
85.43518345973831
87.2058720317573
86.554555466598
86.81373655891541
87.2570100770415
88.29721618218537
86.26638727726797
87.21038281017589
87.93635767196028
86.55490052056282
86.76990425749486
88.03991903559225
86.48326289975502
87.43179625246034
87.51686536740606
88.00318561773173
87.45877364507088
87.75847770657235
87.75450565765615
86.40517216499856
87.44865669090898
87.70614220821396
86.97257271756038
86.98834292764235
87.9487990520098
87.41236262002906
87.06679690952913
86.31694761123657
86.98703548933547
86.6588946007171
86.88805763619024
86.90694616161447
86.45305858750736
86.77287166840726
86.10340725959895
86.40625073354164
86.87994161459133
86.55296139079705
86.82755456991282
87.38195015047725
87.19693859286198
87.03682329887513
86.39238600924936
87.29961434981804
87.0777122894197
86.60297180453149
85.57502486584801
87.21855815971652
87.53686726697504
87.27495515465253
87.18707900163177
87.39461113258236
86.97569634501146
86.42271924743383
86.14749003208547
88.10067698861121
87.79623800048753
87.88641624661457
87.65615704050816
87.16671332023388
86.57345113410503
86.36152374429184
86.5029315365641
85.77937748874291
86.21140474391194
87.06270171508676
86.62167460965811
85.7932129500415
87.39912218098428
86.89632105931476
86.9458228050919
86.8413886712026
85.83179028817062
86.72936928433134
86.94338948613192
86.60263225591252
86.58042880403474
86.7264313014135
87.85690470559298
86.84197950478084
86.26822872417233
85.38457213050559
85.49105529300952
86.49160372570726
87.87453908748809
86.60843858875741
86.19777212611523
86.39005536059312
87.11300254552408
87.06028149944909
86.38140112649849
86.9152091279486
87.27365394908092
87.33435584760389
87.14057087380262
86.38162548952054
86.70450240812237
87.90945277253203
86.63262954435403
86.62149274462948
87.01548116560068
86.33426134079959
86.23629517703667
85.96573078267467
87.11385918085537
88.19157189002736
87.27693579151257
86.93508808444835
87.24788188424164
86.62891088859972
88.10596123229804
87.68702652314364
87.63616075290292
87.63038810463833
85.62832459896639
87.28213354215357
87.57850488237831
86.50006264820063
88.22158826018409
87.44400355808305
86.83299709576282
86.3763902743738
86.9954865362789
88.02477611702598
85.9445694832972
86.32643677120788
86.20263214757685
87.02310994182393
87.31650179996359
87.03441953693208
86.29264683412536
88.32877683769222
87.77149075269826
86.01351811191928
87.5407384052637
86.85263323368609
85.21145823969934
87.66813424340852
86.17660457535392
87.29338150065476
86.66026865646293
86.31443453598071
87.0425018544796
87.13837812471088
86.39077312140908
87.16022359604945
87.77620341952894
86.8414324234544
86.46548097641663
87.84833736112104
86.51303124027719
87.90897544261207
86.54192867893673
86.2354662333498
87.86842435676836
85.09443973934546
87.1467730302811
86.6074984808103
86.4857713178872
87.67552923668302
86.71666291622033
87.34233137563552
86.91907021286929
87.45619837294483
86.44132769481531
88.04097681170408
85.9813707352699
86.44269523032816
88.09078078120962
86.41351254101279
86.96760823800696
86.9608850014339
88.07173804137648
86.76088359351414
86.41801792160746
87.02784720302476
86.35749070218915
86.54385978539614
87.15983696923894
87.21767142451297
87.16859547165977
87.23480955881521
87.9603815497054
86.28441202616848
87.43136170924264
86.55419278870434
87.2302576010928
87.53040557996171
86.00185049610542
87.40219793072471
86.0990293590473
87.17816675059804
87.34738138287682
87.18618270608643
86.78401664472634
86.97005594832574
85.96937473852519
86.8481276671603
87.67460109670421
86.3556934577071
87.05494136175575
87.07991629065829
85.77305938676803
87.83698427093692
85.76236080272061
87.14680923486375
86.82615231039449
87.52234891739842
86.43007581093907
87.10275760699133
87.01470263183037
86.3348306038614
86.50944943060105
86.40656242400615
86.74829481276717
88.22565195337596
87.12026537091681
86.92142466039638
87.29212323865451
85.3336764015181
87.43463461072089
86.66080377651944
87.13918775232973
86.64884557070116
87.91075561095835
88.11560758016651
87.11766586404717
87.51893292055139
87.06607265599591
87.02196231575157
86.66701156297546
86.57889656764672
86.97500628449124
86.42787560474842
86.36699428613521
86.56090746965451
86.27250583421296
86.81198265264013
87.47365228527816
86.96444109333775
86.45235681006938
88.11647462902046
86.97968302731827
86.9109377075676
87.96647940744202
87.41842473024208
87.79797110349043
87.60848240358034
87.23559346542048
86.63503913933745
86.19757093399707
86.68073659596257
86.97799939816558
88.0641605946009
85.38092173899821
86.74616356416131
87.97977565045548
87.1225666368378
86.46390128612933
87.57890211141476
87.08084178066531
86.5465134406288
86.65783411763066
86.81923000303671
86.84847151263574
86.49106969135724
86.29171181228719
87.24051745945192
87.01944315606977
86.49276245583896
86.81595440245678
87.59555718580994
87.18487154041591
86.47085034771686
87.95644267758847
86.7532344873228
86.34228914460513
86.97521178378865
85.98588354674527
85.6335766853932
85.33987969452546
86.0151478389342
85.95318223603427
87.13022631439966
87.20910406156462
86.88013449834162
87.74052445779553
86.11615372917721
87.47342386602395
86.96426780267417
87.08767863314561
87.6001938352285
87.16625863467338
87.785568355744
87.50689069373539
86.85771713766219
87.02687693736397
86.23945399304317
86.93045646399881
86.0931945558105
87.22287818635363
87.77815815389057
86.37535807167329
87.00551990746155
86.02781297410186
87.26671198677542
86.14234904547088
87.67876266828829
87.65169476672371
87.36405295939085
86.12782402151285
86.80434450793314
87.08184351610898
87.35323523576587
85.92803447989664
85.84165815702538
85.65266567579137
87.02907389784704
86.35666530971025
87.75050000611726
86.9871312040483
87.40660328307278
87.51135959052709
87.1452888251746
86.53683016990615
86.39655854041787
86.9350959578384
87.54792338012254
87.5221971721078
86.86692140800622
85.76701710724399
88.3535382434433
85.67361842495876
87.1918510530296
87.24891046043936
85.86233208102519
87.14237203802615
86.8520044942704
85.90743054110392
86.86423029434603
86.937539092915
86.39731188103701
86.61966616052476
86.93934596641915
86.6448701734624
87.04340359500469
86.93905337844981
86.87535493110191
87.45541818382434
86.61918902365144
87.67240340514446
87.83197074083351
86.77268723904979
87.12435563317824
86.79412403266322
86.39061068897797
87.54073181854795
87.07019239806829
86.64469018119566
87.0670493504837
86.9922995795319
86.63720517242733
87.04229873803358
86.4134998727709
87.10388325177036
86.55329236648558
87.46955484096193
88.10388390016844
88.21164683774418
87.51721242799663
87.07656647343529
88.82209776956283
86.89859135211942
86.55873777766315
86.137852657921
86.37587739332302
86.88239611849893
85.62764631331602
87.21823182154859
86.39831146461
87.42105790200539
85.75085138086929
87.40883231148685
87.5274437443988
85.83598238482577
86.22536194510309
86.02162904337305
87.85113780113771
87.44712311884473
88.21469585281223
86.90018417850025
85.86708683055467
87.56201838751824
