86.3711500893476
85.34155850515872
86.26500233829725
87.98308602661518
86.62302201858266
86.81159844648109
87.04374528959835
86.99812217611385
87.0228003252485
87.83269253515292
87.0680790257589
86.6069203914611
87.88210190105339
86.77563342317836
86.7661917060277
85.96062269471926
86.33345456492053
87.04146865412058
86.5500853596548
86.6210457822968
87.58322989122357
85.68156777889895
88.10394337878591
87.06176413410412
86.20713874330976
87.43146559138675
86.42099201310526
86.80628126256677
86.47344925079697
86.96048304715227
86.8482617808117
87.5405503953229
86.73797970246869
85.84755474831235
86.36157186790052
86.98123889749348
86.36201177148509
86.73390416237012
86.28336030148978
86.45003404666475
86.83878213634755
87.55191310534224
86.77873793839025
87.57039770218682
87.03669211780567
86.76638316840314
86.29378067568905
86.70570469574058
87.21216162805217
87.390445267971
86.12020400790261
87.66610364349643
86.7685201187131
86.2167362444008
87.60948530017153
85.94711107309074
87.37834226948995
88.32898356745869
87.06026509112692
87.10050440925923
88.00416628975209
87.22901048000261
88.13132279878624
86.67268731162987
85.5250564952193
87.41422169111759
87.10576726834708
86.60305594240015
86.56727001446767
87.8495340709797
87.49225952684286
86.686056483818
86.84209511510608
86.84392734595248
86.55404607051237
86.13875328674905
86.41446640384083
86.21634253487211
86.65099038825278
86.86242461517975
85.3517614852798
86.37369631539592
87.35169307089284
87.56044239135137
86.661158442326
87.1732031489879
86.44741110450406
86.95944148040223
86.3412375097622
87.92682575866627
88.11351101933025
88.19090912662573
86.3223087693141
87.21538022796392
86.23017880789598
86.98224495311953
88.37046312228213
88.29762481071941
86.60258357764197
87.14373326688784
85.70102520115834
88.7194143402252
86.7731879920904
88.11645865323197
87.24588712199012
87.75573140044484
87.37953785476867
87.42652649536195
87.61001275123319
85.81533912742118
87.62644347905184
88.0778699791602
86.53854270955871
87.3959096946751
86.97849894396231
86.4369937693877
87.57559818882856
87.01155039965842
87.12411599714211
85.81237099468271
86.5126586105918
86.82841759165915
87.00875038244737
87.86161064094408
86.96418374174368
86.61773213842287
87.39353359718496
87.18447659304628
86.32023656677684
86.84128787595482
85.40494579934354
87.57612726001953
86.33331035199289
87.56843872117621
88.100098305392
86.77355833787412
86.31445972952918
86.08838562385291
85.9119605171092
87.20583098254751
87.37109830991243
85.69895160108962
85.69150760854356
86.84838913339799
86.94922861644501
87.08661038043526
86.21540211867345
86.76784154922954
86.69116172019315
86.85350955334337
86.64117844004873
86.44454716511619
86.93366305976534
86.65873051691706
87.9968542453841
87.0494619927013
87.45348979952412
86.79840909727568
87.29282573553505
86.67240279619276
87.05850111311814
87.15990711844483
87.52378452143569
86.75057015792629
86.0544593140981
87.10156365872272
86.15216848780662
85.64425944897683
88.18222427626213
86.55850763055358
86.88152754765876
87.59710371426637
87.26222690857023
86.67638689525663
86.79824280323915
87.33897544179052
86.96497044917629
88.40099309006467
87.16027199427843
85.76617966808801
86.48885997194438
86.02586877995633
87.43963653573647
87.80854687331845
87.12992694954711
86.99752828159941
86.78816524599549
87.1265268177412
88.11194795585185
86.58045109577178
87.07075950390423
87.4859533001959
86.51062092395566
87.6217560243635
86.07622149993358
86.55157004474802
87.73493387618198
86.20577481109774
87.35552456417729
87.65631013378142
87.1571042664766
87.2762848083058
86.790479285064
86.17866179261932
86.71624160544975
85.6078990072193
87.35176670734279
85.97225589501747
86.14676361100476
86.64189470888219
86.56428474798193
86.24217031778697
87.81718706857376
86.5105292034251
87.47604003653085
87.38974650510009
87.25039987160989
86.89985616199458
87.73200298368523
86.35417007253368
87.3041343015042
86.52140438221691
86.74793560504966
86.97136836105857
86.26237377737834
87.53274309991265
86.57313781060422
87.1969957116313
86.63163281372773
87.08987415260448
86.6270856392912
88.01920191703195
86.78098291976056
86.07294648078452
87.81509741073884
86.76788696180667
88.10702487128297
86.55563779149433
86.67517080352322
87.55394523020641
85.84736784923682
87.67675047501464
86.30735337236605
88.02158027208598
88.53292218993592
87.25274549806763
85.79972727704158
86.56588335596567
86.76868988310102
87.40765663430489
87.79377076216315
86.73577504657861
86.9720837624249
86.84710913608403
87.22457233809102
86.82361151630772
86.48342313235385
87.19642082179048
86.39185270757584
85.86183345533398
87.18216534783706
87.46490533018235
86.41858452758136
86.68182307585346
87.20494072925239
86.76722550444416
87.25897117903484
87.22248875863868
87.2655741483351
86.06119160284499
86.26601371084763
86.24737725129344
86.52934338184151
87.27826646634155
86.48870892587028
86.29009296219579
87.2162173198397
87.0959018450364
86.72067856430554
86.83883417487878
86.86002650522354
86.46436644693767
87.78473239710137
88.43989328769027
87.60174823354947
86.5716963865406
86.29072586650467
87.19316176157335
87.60849207056957
86.5934501271889
85.47110612559696
86.04744707907524
86.12567022868716
87.0116994693628
86.0981452670219
87.3792692761413
86.30645344290268
87.31503099122237
87.66456456074116
88.26229869640575
87.94860911709203
86.99091019927317
86.58726227602095
86.83743136169335
86.5208642455687
87.13673791791614
86.83986725980849
87.28820400147815
87.72046517936694
85.82587814980087
87.1176418027315
87.12441231890803
87.15259513017429
87.49879140315836
87.65323720363966
86.62515162125516
86.41443247374801
87.42080519523225
87.26705591652171
87.64635534010007
87.19223342697107
87.02289761262709
85.15076536412018
86.8299571428858
88.66625211004254
86.34047425542092
86.88342875943961
87.2335908814636
87.11515938726717
86.95988490560183
86.49743984265467
87.31097042430375
87.39242309548004
87.48096432178633
85.69989260339747
87.03950571424556
86.51627706795333
87.24142716730711
86.80328279549073
87.64281245232569
86.6580683007492
86.28857805674359
87.65679253459221
87.66175882271376
87.81210520762272
85.95052792038786
86.75490764003324
86.22181043768587
87.68380102180055
87.78619530566233
86.55273241954997
86.9969998089121
86.57032980725386
86.35159682987147
86.20278414571747
86.33722101358528
86.14219410986932
87.71194252613779
85.55602130073379
86.05802037156552
86.92915178421893
87.50257669314364
87.08471278924178
86.63207490891506
86.9772320616548
86.37188034246991
86.78386021135108
86.7361807416733
87.81904049489117
87.35783268926889
86.67270410659282
87.69649803233469
86.8167006462365
86.29712633419922
85.2496137165029
85.53059809447603
86.46683428267457
87.4782787218884
85.68987876072975
87.06188484195117
87.66868633477247
87.10107852707294
86.6561189992639
87.46451012611095
86.59549228267713
87.00718908076061
87.19867507449992
86.69655927018984
86.49534749110389
86.24313617695204
85.53919753427891
87.00346355224202
85.47228310737572
87.54250752500745
86.99637788733165
86.72199277925814
87.24360734003018
86.81532500154864
86.56662347900354
87.10270427021614
87.26054409810077
86.54066815829918
85.97799835585096
87.48455708796715
86.18589075387258
87.05674671584987
85.56036449436218
88.3702105272798
86.85754901129005
86.92968613307906
88.37533857811194
87.23187984861808
87.27703332495203
86.51771035710536
86.93014796221253
88.01088187414821
86.5787711392612
85.78390749579938
86.7918396719728
87.29571294282417
85.8746906159238
86.17658717202666
87.67554333331185
85.866810533801
86.35571816835292
87.1696711906839
85.9619785732257
88.99416815046044
86.52045113960872
87.74442403667892
87.04432153490231
87.37795001336427
86.2304380528958
86.56211653002836
86.2745280615693
87.33693193411268
87.12881375865081
86.50262312001001
86.9908700298093
87.57567542441909
87.9095431517015
86.7110343943749
87.27127543354216
87.0424992020867
87.19723794289692
87.9867841694453
86.08697147414549
87.66103978915788
86.21099704271849
88.4024441146392
86.97113372331386
86.7608089378975
86.2440239442617
87.53935007663522
87.16847779923073
87.45326237298697
87.42563044389065
86.37373883627194
86.83108297823999
86.59972475013245
85.85085572984867
88.0514328424574
87.11591381995049
87.78141677689221
88.10214407883382
86.69023269331073
86.90311242991463
85.46958901655756
87.06670429895033
86.83313676154356
87.00735274804494
85.96374490005232
86.66677304370252
87.08442757370243
85.894040708637
87.2707992382963
87.81321635943473
87.42337396648975
87.47298473613434
86.13739867102464
87.9522735634289
85.81191425091276
87.34369543540862
86.47798163074991
86.93929820812451
87.08794895302094
88.04613477241544
87.34111221999709
87.04311157787612
86.66559104987063
85.4118295788564
86.52254336521993
87.04397129492817
87.00955300442956
87.56107548114763
87.70749446468024
86.52993079516365
86.55631696070397
87.92294899433854
86.55785238289383
87.13475941894322
86.97911778559983
87.97230918404689
86.42681784026391
88.42912101170853
87.2468246836272
85.98197221775372
87.84210679701621
86.27112398391122
86.3352691495141
87.74870539803494
86.26417920784377
86.21398681603814
86.84821007707176
87.19917871964911
85.75177759827541
87.80585405601825
87.44428093499091
86.90560957469525
87.047442635642
86.44966617438718
85.2361622767898
86.6855142876236
86.54069250667041
87.70249613233993
85.2348724486141
87.41505641308481
87.04010823517183
87.20650484341516
87.52448530755684
87.225586175943
87.2192053007451
86.4501501909315
86.73263059624179
86.98217250352445
85.76516287233113
86.63286449511848
87.05576296177125
87.05476773200104
87.50264677603698
87.13877173024586
87.39301946483528
87.06068266245666
87.01009073863067
89.1034636709159
87.1268782334802
87.44236077962786
87.46457043481703
87.12926119192106
86.51926569219643
85.91669870256574
86.66327464922304
85.76245085658003
86.87266514101819
87.79049351166401
87.0102637790017
87.55591527363111
87.18749878310366
86.7919400967375
86.21298764100518
86.68158723931386
86.42117903768252
86.24467024270125
86.63921553607008
87.5944114405091
86.09595993594434
85.9846796633682
87.24846842208295
86.68146824251615
86.19162433220747
86.57940419206383
86.59329115983431
87.29220197634154
86.07055099238673
87.78657745505117
87.22280656678835
87.5997195018589
86.74822209548596
86.24383770121776
87.44844154970811
86.75262406921267
88.01226986910596
87.28464580758515
86.08728210952145
86.19700993215993
87.388030693611
85.29706425704774
88.61585168548703
87.64228947822524
85.69147885326757
86.46273144377456
87.09645467793622
87.30675250954822
88.52399263623245
88.06894583683686
86.4167671209685
89.20408287007417
86.54403899459389
86.65562842732693
86.48398834699717
86.98493375500306
86.77457303993027
87.19397071998779
86.71653497819202
87.13938796782446
86.72102360859314
86.76025927689051
85.93769724920926
87.4335344499727
87.25081875094075
87.07989296631214
87.55186200832617
86.00086617971868
86.94229692007998
87.32296099833441
88.22460245271573
85.67819093379636
86.39431303820548
87.50064640322263
87.79379680307864
86.72381805083248
86.32738977690431
86.57711441983673
86.32000455562671
86.77078624469601
87.10385936359329
87.07471405589189
87.87457575754587
86.84234786490748
86.29624197891708
85.67884789525135
86.43523035176695
86.34802050991111
85.66576440469845
87.42944458100969
87.99450655215603
86.28425139406788
85.73886903924281
86.16408751387482
86.63241364441042
86.97266620771525
86.71734380848677
85.76046510499651
87.76436255210801
87.20547730478752
86.86811548438264
86.19000557006954
86.56952669579115
86.33531965778172
87.23932701227967
86.11158486881024
87.27712983540147
87.30428858823181
87.11384970354929
86.86272298288613
86.4211977985377
87.6077753837325
85.87219872892088
85.94059875565378
86.40772986297699
87.02617914246474
85.9588067682709
86.70600807819689
86.8857139094984
86.41056437075459
87.21105453877324
87.0082071778821
86.69736598970188
86.27639533146106
86.67157316679855
86.07570610170254
86.16771268987084
86.91107306604486
86.91968871493977
86.0123911789039
87.61360264217655
87.6457512222245
87.48132702514026
87.09590443279615
86.31058346480458
86.79528037520134
86.82359641646654
86.67131805539248
86.58490597812627
86.26017553707487
87.96101101004345
87.52822653549366
87.30954103658615
86.64647804544549
86.60130582369804
87.65828996989728
87.28094728913446
85.68127653244134
87.56461706856088
87.31412555783668
86.21011885082464
87.87921321661675
85.65875508685859
87.13825679069225
87.03896878990498
86.13293248235983
87.191774255722
86.5187473595978
87.50730826017886
86.5005333495621
86.82687754552606
87.82414757002353
87.43526133498825
86.59767211148466
87.08771069482258
87.45378089144097
87.17448093740839
85.79995963210898
86.22096258225666
87.65260444665049
86.52615646215231
87.3508968537268
86.1536521426954
87.05617680230564
86.52682517566646
86.37262063602465
86.96954893128098
85.95328921486859
86.51472687522475
88.26092489966388
87.46526391717049
86.40275507238074
86.23704259674187
87.42597017523356
87.09141793217302
87.86673591819255
86.96587931169296
86.36761228128672
85.58357211144916
87.41730365428903
86.90133418610266
87.16657595164922
86.60459315519282
86.39834313639193
86.61660664310445
86.35255663502598
86.21445437055766
87.082529555713
87.14478288756315
86.30925134298147
87.26869520970703
87.52563705615987
86.71170269714592
87.4421893690978
87.21833566266348
87.86684543612671
87.35215225107994
86.36932014214271
87.24424852324962
87.40577133597905
86.92180936881614
85.69392314237695
87.95159508066119
87.13063587992673
87.70130550859254
85.88483720246127
86.72978574206634
85.37530513900312
87.17279591226465
87.47291270014904
85.89507593483316
86.3395010974672
88.26538031874865
86.86323772618115
86.56330736497284
86.33182168515683
87.57649562793138
87.06905652778985
86.95956519886151
87.80593149729305
87.53259209466417
86.36026369879733
86.13459508241708
86.40111162841849
87.90881691454331
86.87316493199964
87.45216996442181
87.99633141237477
86.6731147767601
86.97574203160919
87.451052199759
87.51977928896473
86.55978725885929
86.83293954340083
86.86094745315742
86.41780347357049
86.98524068945879
86.59050503817942
88.64378628243531
86.6069105408758
86.41846557657398
86.68492864618179
85.96149857998371
87.34794723181682
86.78762265449075
86.10179962199453
86.49108788843215
86.36359225376948
87.06160441220293
87.17665227341531
88.29049732665995
87.20344591787303
87.49464088191206
85.93593686760504
85.67172864752297
86.95757689479068
86.42328851715666
85.7856174315111
87.18804906957101
86.46690326783057
85.0335167816036
86.41957989834384
86.65831959089716
87.31259084511214
86.21296606195557
87.45514156682547
86.26158042686002
87.79273888571194
87.71412928589491
87.66656642101826
87.178496506042
86.01993677669353
87.26040371812763
88.28747170454973
87.18769909474744
86.40523925451461
86.7715704609228
87.45859605482167
86.58570273517354
87.69612048974935
87.37590872644283
87.36278258962334
87.6223565768779
86.87328865248999
87.68638702772297
86.58659852025029
87.69287319410158
87.79776501239071
86.2386081065064
86.1102777468728
86.8811548646832
87.13476448503692
86.46204195934054
87.69500345761026
86.07720683303158
86.43773083482327
86.12489378583616
85.60511907897731
86.69689468638482
87.44011026145988
86.51763065561964
87.43392603905771
88.20352032718615
87.42188843491473
85.86276131736966
87.41882388632004
86.86027736954637
87.08308537075557
85.98085523751969
86.43494019236726
87.84939435379582
87.28668476565825
86.46625577455616
88.1466975533758
86.66022704429311
87.0872771165098
86.26683598100253
86.26779928081775
85.94478744009086
87.29066298257922
87.2999477678943
87.40298602162095
87.64986944602873
86.1940405039529
86.96575064279816
86.87518291740274
87.509559352964
87.4048204200949
86.25525192637906
86.99711477266577
86.93263933501075
86.92009651023504
87.57527700750585
86.65114411966616
85.84518157240674
87.05127475135444
86.80217799865216
85.16209345822101
88.30665466725935
86.72191958583342
86.89090777397747
87.26505713950732
85.93378973385143
85.67963773726547
86.22046720355083
86.8089079957729
86.7016228845449
86.4999741908131
86.88671496663027
87.70937500976717
87.29717177461502
86.46766925979026
86.58352786240265
86.68569431916819
86.97516498978017
86.00643047249817
86.87092370692355
87.81875285465993
85.53530603764186
87.4342348031424
86.97965314557607
87.08508986707544
87.65113429133736
87.22605856915168
86.89169301992509
86.63108504767855
85.82638642440183
86.04291345363514
87.14272246882008
86.59202808911792
86.38635846277144
86.81613339995505
85.9184735316476
86.7064042529321
88.960490730831
87.66102485848613
86.83438434026247
86.39355603281834
86.86637442034561
86.07444779485374
87.0001439347028
86.7475557628208
87.23016440988398
84.72093685129869
87.95134315365617
87.25299862996843
86.43902438478513
87.92747886721389
86.21803546847089
88.44883133939834
86.90927078097221
85.77472962654458
87.68178846940893
85.83837579670272
86.27308838266423
86.25837551887919
86.09536494650955
87.31001115854755
86.53562032283827
87.12439410367362
86.32856591907853
85.89918432784184
87.37057296581675
86.53479401865351
86.04199588442474
87.52218630228275
86.4422543093486
86.67416686292434
87.18519942710728
87.9552785850688
86.31888427707995
87.31735275087365
87.04061785019914
87.42873782155996
87.84013472160201
85.45824294823669
88.28644155852972
87.29791098691726
87.70555826825266
86.2447225160736
87.96579584538338
87.70162998756125
86.99994618528241
87.67182442967037
87.0850917017343
86.97293486683914
86.83325691136073
87.11094098662173
86.93500952886473
86.74633151949925
86.68968154539459
87.02249710871516
86.63562717889995
86.04926103036124
86.82199513419971
86.95675352086722
87.22792799865145
86.66044087778664
87.12229132852399
87.5948442151285
87.48836701581033
85.95789168531898
87.20603303900832
86.80234392083186
86.45257166227826
86.02200186484227
88.01683148212601
86.69609537558672
86.61093757134616
87.12671253010723
87.57933120319959
87.04260717907779
86.70188616905601
86.82407192238576
87.68239380246176
86.73308591636261
88.83874429576865
87.13383294188877
87.64008558290604
87.02289937183531
87.39656184427115
86.9448030297338
87.30724015336459
87.82885512582446
88.11966149773706
84.89793663076784
86.98056630366305
86.62441513051877
86.72215470544477
87.50197138404474
88.02138159392041
86.89646301103625
86.1565990859242
87.36447186946027
87.90175250302616
86.33015140072031
86.74466992801085
87.08129718666304
86.19278246139334
87.40077386299161
86.50367389888861
86.87363892998349
86.39180527236432
87.52526332264091
85.97400443270249
85.94586471851484
86.54909583411333
87.61156754899474
87.93321058349524
86.0521255248099
87.91243394492503
86.85331135451672
86.53529431041301
86.22061846110861
85.86588854171993
86.69494799235191
87.11243017489944
87.97018494482988
85.72985584980766
86.74356789361232
87.63249817084281
87.19464676861159
86.041926291523
86.26993622077885
88.03505016784611
86.76489347473256
86.36370305924916
85.87752980565106
86.82316053361492
85.80160097596514
85.97289479855516
85.83402328616772
86.4575128958128
86.47340494429974
86.12757757027917
87.64004758805224
87.71651822709617
87.71843287626311
86.91336010552307
86.22850066215022
86.9408361704118
86.39989645580394
86.66668874212458
87.02041848290031
87.19869787083651
86.04814190415534
87.51201881328474
87.72484996798339
87.09384500181784
86.5731307557307
87.08334753118052
85.59917844699267
87.39550229945739
86.97953791483796
87.26584446000385
86.35646846548855
86.36536704872006
87.43917121459528
86.70765123910697
87.40170494685441
87.1504088511604
87.64937145127044
85.93516885853076
87.14312624600662
86.97660177486416
87.96472208331421
86.86554919611659
86.68445424044444
85.32382062615753
87.086000046851
88.11121990668974
86.70719508724605
86.33256813267107
86.48195241754097
87.57294820167053
87.29982257519556
87.05110143711036
87.86687831592722
86.95930179936471
86.77513111704701
86.18836193565339
85.60604765665586
87.09739261501272
86.15892380507488
88.77584628762158
86.55030711237696
86.68891262526829
85.51494308702584
86.90464162371237
87.31627115159357
86.49716036483954
88.03181069169574
86.31225282888258
86.2849301518914
87.08645208275891
87.03528551325311
86.81532844649855
86.11092524751143
86.7877556820358
87.6514867972797
88.23204193554245
85.59062528550412
86.0251060933656
87.16627083318656
85.43214495761129
87.74886321168351
86.38221932633992
86.8748226855651
86.79182855826728
87.52757758920926
86.91462493467647
86.022941394152
88.10051749198097
86.21591136124799
88.2754132980329
86.42860577605217
85.57702138640386
86.0086073804572
87.71524322251894
86.29512625612885
87.03536713863257
86.59384894763379
87.92346833606001
86.40523423528091
87.20863719298596
86.31842926719956
87.71943674690183
87.6478188618364
86.38792267773552
87.12398832216594
87.14483852693189
86.91105669958225
88.4023099929528
86.71616000159612
87.42544917316395
87.05788199988956
87.15382326518375
87.34402565180223
87.45923813569347
86.98279979391107
86.04265224602035
85.84650188619646
85.85071378627548
88.28173895766942
86.07850232771867
87.11202295135783
86.64372002190579
86.51603009904142
85.93281063883063
87.52730868850561
87.41704847040229
85.89199081460369
87.21804507112755
87.84314562801326
86.06948171188736
86.92773846127227
85.56242625599235
87.27704911986989
87.57489068588306
86.0915924011868
86.65720236407702
86.73837527026895
89.24583426598706
86.81333500367563
86.27043392548659
86.30123320542374
88.0262226712072
86.75083346758281
86.69293068101199
86.60541719948446
87.1396397488164
85.67153884925777
86.0198086907992
86.00741878897212
87.30912318679108
86.28853988632247
86.34464034268485
85.91690978167595
86.47525342387037
86.6070488391872
86.25622470787489
86.98651239186093
87.26053329270253
86.61198915880097
87.05847001687522
87.66784686610103
86.64189185705953
86.92900824264309
86.99176673450987
87.3934771901638
87.756792537023
86.59779871040574
87.04052127329669
87.32479356778165
85.9941152135266
86.30120372257464
86.24884496934592
86.86856631892644
86.77598474588922
87.39449093575067
87.33711889501087
87.39425976337327
87.48908342031677
87.54788190815229
87.19248894364597
86.38364346532134
86.79155634911797
87.10484920428004
86.70625913538164
88.18672107760366
86.97327886968945
88.10651963147892
87.15717906612856
87.66844470124461
87.51502680675527
86.34813073601408
87.35668907652835
86.02472853462166
86.88280367701014
86.2147510491392
86.56274037994274
86.27206141327358
87.2575652543929
86.70048517616566
87.6979891984071
86.58813717999675
86.51842753266563
86.93928767019496
88.05836022865986
87.83424959942191
87.23055530561443
87.2255221853792
87.7727968444649
86.07396585378966
87.17546323465356
86.88934367601678
86.84341835022258
88.03242319426951
85.51511695517978
86.55863728176563
86.88115535064398
87.54436347695719
86.76359429888579
86.77526145781793
86.44971504196658
86.56733202096943
87.12856593729933
87.00448656048104
88.11424671778308
85.83422532166227
88.43869043054355
86.86749040213438
84.81528503999553
86.65008437560812
87.28849786333467
86.3998085518124
86.85817742126419
86.94792511841133
86.52362147070579
86.22118420394584
87.14899485274871
87.02474876225655
87.85103270741396
86.14881580799144
86.6055306925054
87.08422599686327
86.87434250476169
86.64943320054492
86.36264572682532
86.94033268390622
87.9565373685477
86.66457564940997
85.15054450655074
86.91728312288247
87.00159353766182
87.21993577602656
86.60969971313827
86.14863020465155
88.18260100865999
86.57678716325375
86.95949914060733
86.96634052906158
86.68440505945667
87.0440889332043
86.79481647066656
86.82891221041135
86.57131280460473
87.06441617433774
87.01624058825406
86.25079546376327
85.61611042350235
85.91132042691082
86.64376076760094
87.67250325629189
86.34655937820398
87.32868792577959
86.97961485290746
86.24475485781855
86.66649786218683
85.93712651373903
87.31155258064192
86.20475480186494
86.51632137933758
87.08719203082994
87.01319996384184
86.04302512434342
87.39167700420647
86.89537507208638
88.14910213916349
86.64439511669109
87.8261080095153
87.02867398468241
86.93483988824008
86.96984033379196
86.89641019467454
86.34532281180029
87.69301599155268
87.2197280253277
87.57367834380017
86.5944798957141
87.70352783768196
86.71311779284548
86.84859156606872
85.7697696318813
86.86387115090335
86.37985415674784
87.77328278697993
86.67560763054009
87.06500169591375
87.0001109108734
86.95621345357904
87.21098109370729
86.78694739811992
86.02632867816091
87.19451307558128
86.46553627188419
86.66983485398795
85.86865141578637
85.61963195186638
85.88877268427596
87.78420007613346
87.56790348127237
86.49342523801863
87.1461997940292
87.38072289951006
87.18948511940489
87.34283163213411
86.23441133421866
86.87329373141851
85.5803678165229
88.09849881488441
86.97165503898191
86.97983189856689
86.93074176337463
86.51710539326203
88.74758027338045
86.12373435483715
86.50557248802308
86.40074918747956
87.07499433008509
87.74566185224933
86.90065755147195
88.37688966452492
85.71657150828375
86.88191020447933
86.02578898987223
87.37802545822136
87.28488790314798
87.29054060430511
86.01204008404935
87.1527833421978
88.02084414753392
87.42585791790385
86.73167640182983
87.94483130895246
88.19750031702914
85.92564562096433
87.07558554602082
88.04514784215758
86.644563902287
85.81797052295144
86.51223914557747
86.76507733515056
87.10465570333754
86.01015980697812
86.79200177011845
86.69494739321188
87.08497035628147
87.12589227475057
87.99755961371687
88.13524536464287
86.60495401246027
87.155707301388
86.04129225815674
87.15341003761726
87.83847890025805
87.40538026479217
87.62461816206202
86.70009129677788
86.89708960217
87.17950962618085
86.8994915302214
86.00486002212278
86.38424834543193
86.09376528425717
86.32462522888603
86.69792439895892
87.55813629065332
86.91369831953132
84.80836765665899
87.09746076087315
88.16078692102205
87.61098714310285
86.65467188945622
86.2940141128745
86.34217842264647
86.17213843332726
85.9579025687877
86.90420344211975
86.64834480991212
85.94194504986446
86.85198285501068
87.21378597366326
86.86140408288954
86.13852664096267
87.43635676245302
86.75204918577961
87.14380734482701
87.04510790098
85.74470356511655
87.31155813106156
87.50740373010572
86.69871467199671
86.76107771044964
86.93253427330795
86.72747504499814
87.59349779939551
87.30320439015502
86.6716825476112
86.93476069579388
86.71011255428397
87.32505848327965
87.75702929299652
87.88586278189253
87.30783747064118
87.12291907099595
85.99160708038107
86.89693681578694
86.83735443927024
85.55517983277025
86.13950311634343
87.01161185599558
87.42939359723195
86.76268206516104
86.7029987363683
85.56099145379935
86.45483424732902
86.49854342386932
85.21297499261422
86.91227595743753
87.86444985832308
85.75261946799095
87.3197811768882
86.95565809192034
86.42588230443354
86.94973538676531
86.47469055988968
86.75367895282753
87.97920229746086
87.2124874318795
86.97247973127067
88.01352200665005
86.5386058294585
86.18841120311549
86.56870608577499
87.59529004567902
85.81429933468006
87.73227304909403
87.69279212936969
88.29775630440884
86.64548753292344
86.72268645714082
86.69632530301145
86.5746821389507
86.97413034451328
87.47626562126494
87.70680741125332
86.47862247126213
87.51214524115468
86.17309829984464
86.9772342910688
87.62765445085911
87.23119158710641
87.33182132029025
86.21115748923897
87.11765863150643
87.6731982852061
86.99962233950815
86.98087623819441
86.16229572071666
85.7393649705416
85.32441936188854
86.71754855926729
86.80813940158906
86.24657036386316
86.0659707133644
85.76495080812758
87.28817061390576
86.3234556521863
85.34999408620303
86.36583674312006
86.75727183586078
87.87118007321229
86.79533626333382
86.80480173278556
85.9767730232249
86.33667614098003
87.57435782036899
86.90944092068291
86.77855254120435
86.42196376928277
87.21573193248992
88.00358045509908
87.07947482185568
86.93417972770501
87.84417664634297
86.86041522074784
86.37842114627175
86.20849485719276
86.31826994373614
86.93601195732485
85.92535457289081
87.49760720882298
87.03181608357424
87.64186473351464
86.4409786471839
87.30800908995231
85.97480244875803
86.4764347322379
85.53795020522404
87.38687807000308
86.6053207659428
86.21808125778026
86.64078939626158
87.39820525745694
87.50930854696844
86.17499296864338
87.37141333871485
86.91433379224793
86.15823063623996
86.85788452175566
85.99109678236078
88.64104911301018
86.98347341601539
86.43380851680988
86.39948129141041
87.09357524703404
86.67418185593873
86.77191548365316
86.48868316412513
88.00776038678445
86.22725836545389
87.03966247298523
87.01828968466128
86.9701016579914
87.55741629682025
86.66471057089481
87.95547873338526
86.89839951812523
86.55498493796247
87.57636479138075
87.36336664798772
87.08000835216666
87.84940994963961
87.27236450560908
88.15675378045168
87.17715729435518
86.92429266788685
86.7444569142146
86.1418578684095
87.36723562512525
88.00221429526775
86.73890451113809
86.35143316705972
88.11526979142991
87.1003721857265
87.04329714092992
87.68302533170015
86.74809714628941
85.88769017241762
87.63809002386644
87.02605964049211
87.28553821761734
87.21093046951734
87.33647600653603
86.52698836975729
86.0975607379279
86.85978535169701
88.01054767665856
86.37959106001362
86.82458861707335
88.07353354279917
87.34798348101054
87.69829096686702
87.57016639104737
87.16197650841104
87.62053598480568
85.89499190628007
86.81261717091961
86.5829957105646
87.90434171412141
86.53866292216006
85.91494170363465
88.25183321222642
87.44753857193388
86.24439106653844
86.92559847221494
86.73385557159708
86.87423478885749
86.89538212436032
86.6123522411725
86.907179416739
87.53637408349694
86.9047276010287
86.49689193243464
86.82144159336187
87.33954979044066
87.46836951169121
87.65096879134232
87.86565290907038
85.57839949404382
87.0201310891163
87.69180821372792
86.24210132339113
86.06841254110822
85.67816419446375
86.57862736281714
86.0730893895752
85.87015623526852
87.17896808676947
88.02443311147185
85.7814855374048
87.78581171288079
86.81562869360732
86.35235999771159
86.81013702440264
86.53928324934739
86.39879866911501
86.4889473807563
86.61214647296983
87.71000196780176
86.4384071420836
85.07990620856104
87.01288741963057
86.08540791334325
86.17168009207549
86.98286167149969
87.26310403959006
86.79534694826569
86.21939298528736
86.81530335002873
87.7798020243927
86.87452997920434
86.4682501715774
88.14812402493392
88.12753909389721
87.28427483451638
85.92148741840218
87.23978190406574
87.48432496757522
85.66716461988827
87.72734861670592
87.21736959539295
86.45887878702744
87.2044205014759
85.7547370027385
86.83246402332865
87.25001678582437
86.41924339720097
86.49830909768576
87.02035673696616
86.83106887077697
86.32806568457615
87.34056929788021
86.0842231975388
87.39403948195297
86.13941074106316
87.46287711845495
87.23647455870778
86.502679172398
86.76394778141437
87.18753049461841
86.13299235220268
87.21164720915938
86.4055841200414
87.20070445638544
86.07444686336731
86.12320852295953
84.41715975149468
86.16314638972018
87.0361157404955
86.83032175960312
86.23000306202755
87.05326700877286
86.74739587288414
87.96282568727261
86.71991574435843
85.70013275586258
87.0898691864292
87.25140948239059
87.10586792896378
87.16656365241779
86.77009476417295
86.49647816338137
85.5982578015013
85.41181885118402
85.96599731673015
88.49982961124752
86.092817436959
87.31543173363002
86.44754867874393
86.69839123474397
88.17258459200117
86.4157167470144
87.62090596541492
86.52495311069816
87.44990719251669
85.86534038107767
86.48577122808078
86.51089599776445
85.95061556393264
85.2946046717925
86.48487185190196
87.09646833981964
86.49647127779598
87.32813669869061
86.79972873903901
87.83071535632365
87.00808117063566
87.04623105792862
87.64959808310043
86.31152115656921
88.16708101420777
86.8540183278777
86.9374609004297
87.89283476295368
86.88584080680712
86.14956886955184
87.07515969195967
86.6414548237681
86.81532714248802
87.21492215824092
86.7966887012049
85.54132737225918
86.0237179104046
87.51146567734692
86.86396310810157
87.72128858785658
87.17260499164057
87.33220381409964
87.39406307275847
86.96356440524104
87.87216667126354
87.83489007157051
88.64866681859364
