86.73558232703829
87.78384182736907
88.33038805992199
86.79039939448396
87.63583555296985
87.89638057055835
87.43224348609941
87.000068892374
87.93418220892053
86.26132286325414
87.50689736640385
87.79582568262269
88.25991798870915
86.69368074704082
87.70132897325094
88.0247720497634
85.7469344227479
88.29751721762351
87.6603153915349
87.51163080260153
86.6396061356923
86.58287889846504
87.63106927753
87.73606816385723
86.6501273635597
86.86176485561855
87.41620146273168
84.78841459334521
86.1690052709899
86.8481938169332
87.42884459254883
86.67722526546514
87.24091181235517
86.94544085212551
87.15352227463413
84.88929275029093
87.2031664766623
87.4885323543102
86.93729832399751
86.65247454134557
86.69406127662586
84.83267607983241
86.70062311615685
86.8905209098414
85.84141584020813
87.05932915940376
87.033555566898
86.79961384463515
86.81213847266966
86.75934866002672
86.79869544842968
88.760858214116
86.57680069008973
87.04177566894734
87.64774531226793
86.29881483079315
87.3744632547193
86.87862859908516
87.32689144171528
85.8307809061238
87.77372027554448
86.20222171399705
86.88605733945597
86.44159448138647
86.93745189996754
86.80345777990631
84.6892154688917
86.47132613988877
87.31319077200371
86.651954242841
86.89799335034789
87.24118326838227
86.52807440003124
86.07609845912539
87.09256323928949
87.47207509910781
86.48686269051393
85.72792669341698
87.13133672149839
86.82317523034239
87.26763109807901
85.84511903770226
87.04460060794983
86.58685202892586
85.77597458741438
85.49655908292642
87.0782765516836
86.24745118814586
86.45314500682015
86.7330808700291
86.55944241546443
85.59481760983509
86.63332513166604
85.58468719302925
86.32354306989149
87.72270941624036
86.86549080862761
87.10343783347794
87.231171904565
86.43898728654486
87.23684908556994
87.01039418784505
87.6299029340999
86.84641262670972
85.45105103215681
85.62698324032165
86.29944031833608
86.89824086707682
87.00930113203978
86.86808590320578
87.80846706832797
86.87834708006648
87.05120674444994
87.73304876634708
86.7549183467592
86.78981979109285
85.87716663486033
86.79084391402877
87.59657402380938
87.39472846403036
86.56279893781853
86.00614749416845
86.59919096112303
86.85961949174846
86.287856867561
87.13033977936487
87.48250540847677
87.1528564999616
88.15616413336915
87.3954133794148
86.38213414095647
86.82800931704438
86.19237136253126
86.64912894223764
87.42583122524339
87.57096758086405
86.60773764074897
86.7959152037099
86.55512897898438
87.62601387633043
86.86964364498796
87.0549782312378
86.95297005666296
86.91299584931055
87.78430926678926
87.45246783908235
86.23087582160427
87.25444363521234
87.08223740427614
86.62215677144019
86.6155274989596
86.8937739185209
88.47182945963208
86.43370269567062
86.30860205290293
87.80237934002587
86.75018705903561
87.10476014970034
86.13741105735204
86.82760202836151
86.62042350103977
86.76337401768973
87.68405890597705
85.81690035955677
87.10115926855703
87.62274035313139
86.3202262458265
85.80742750558188
87.8464800593833
85.29989119921179
88.04977588625535
85.76285803751834
85.48996593162259
86.4745387765892
86.32361683833895
86.52315015766047
87.1902233737445
86.32096284211327
87.15768038257802
86.31249150966391
86.66508900308065
86.22172356690378
87.30853136082231
87.52882586018663
86.72256233757106
87.33622375041321
87.6595888402077
87.9933027257463
85.89453758239324
86.8955358447718
87.33274770683916
87.29495789490504
86.7606448534454
86.65464376332768
86.33248091977973
85.97814389956062
88.2958304729618
86.33404197743889
86.20554015599147
87.4737830310866
85.88229352567612
86.68766648595712
87.45291361708695
86.72863985519479
87.50927975266013
86.83510944309991
86.79143876413532
85.7726795258855
86.83349306648553
86.76293797597482
86.27928841664044
86.29477884430482
86.81564462651485
87.00603702423109
87.13438169454582
86.1625796081153
87.6480284912379
86.98553740600381
87.3220996930876
86.06449379606723
88.3039506470444
86.13622973102936
87.51101453498359
86.9501659833737
86.26767628194605
86.01498298153314
87.03411341073105
87.77970296617312
86.58811997927633
87.63452956550863
87.79301811230624
86.60227523465757
87.34708893077965
87.2905569397666
86.32723209912888
87.5347072692027
85.74659121736238
87.65175675183481
86.47687742124158
85.5204026390961
87.57288468210872
86.84364775879347
86.80683778455186
85.96770543690289
87.78445326222712
86.55894014947458
87.49371020995683
87.34581353267117
86.70671280471379
86.04056992582073
85.82404382244653
87.0249473365779
86.63581413346748
86.60497124590874
87.3702118100304
86.56402022284774
86.00574449598552
87.17806533351784
86.83872884086887
86.8495230498901
86.14517995250849
86.89940620454294
87.05295247546906
87.31141259534493
87.50967897557119
86.52262121695495
84.93154620039957
87.91744969075927
86.58167514190482
88.26346091827608
86.68871879449513
86.93508045122752
87.04175588458928
88.13562558841053
86.86663295815094
86.41859229654247
86.34007700372953
86.74837613592716
86.6943646796866
87.88523819001308
87.39395958653242
86.21453584146269
87.60330426051159
86.37928640285308
87.2584753591803
86.69516997145004
87.00148074862811
86.36883538693738
86.92103310732904
86.92880746826272
86.34288815410503
86.86481300867742
86.61613084816415
87.10986164347564
86.65261308370025
86.32220813333873
87.11417133837074
85.34844912308797
86.32888007231755
86.57038446341076
87.32523603653887
88.8652378266804
87.04617347876142
87.5201305544383
86.60822055141288
86.64852600130253
85.7978762742196
87.53086419230429
87.23975970043722
86.05329085359675
86.06046720573092
87.11550319260567
87.58553652370315
86.84586367286076
87.46778220169867
87.0596646026315
86.7306086360898
86.86208754908455
86.82945471368204
87.38884023167235
86.60004813578539
86.76643359163803
85.86483060326883
88.02768623561882
85.74965664572497
87.04355535330039
86.66786965859868
88.54736260162063
86.86793230703698
87.02484051402654
87.70621404010497
87.58836385055328
85.97527330254704
86.9837008164446
87.57427125452772
85.69887256620737
86.76437288987289
86.53475635016626
87.16043680560392
85.9926666988342
87.33151367236322
86.58407010251135
86.31778146061103
86.40419558976876
86.86040211460832
86.35739417435947
86.27571083192382
87.52741424680393
87.25234943711453
87.54209669145627
86.5375457305291
86.43992609063979
86.23469611813408
85.9200389525956
85.49959398609208
87.50898145275032
87.42770517370018
87.76647347802204
87.45939691412237
87.50002387550089
87.75481642386542
87.475896137619
85.76809384879608
86.20777785856471
86.54083199086493
87.1440814909956
87.12962539477137
86.27304866365954
86.61887500776022
87.87893762613552
87.61888347003706
86.0214266688106
85.93669530607409
87.86274713400017
85.93654390611995
85.84041563070437
86.54151901917388
86.3997140503538
86.60281014533824
86.74321283461721
86.60411054567052
85.61592756642219
85.8485937288602
86.13847422245375
86.8200826500742
86.66829359365727
88.41735333899892
86.50712564086984
87.54387071897052
87.63699541610028
86.60315675865475
87.17154050390235
87.28990880885145
85.49711270434227
86.38073467379448
87.15744271274426
85.16953797578208
86.28207735993944
86.99850276473472
86.92796614850263
87.17033641614245
86.0849228187212
86.2938255934857
86.92241239591543
86.84130630161863
85.89900181918559
86.51634104414126
87.26501731484969
86.5532627600774
88.3703655525478
85.9984287916543
86.99248697467553
87.00674942318594
85.61352966287703
87.49223833750251
86.83152399745485
87.52014352768218
86.93556793171419
87.92669069246918
86.44823780719607
87.38959513356318
87.09255090033315
88.34356508385981
85.29030940000162
86.79677743072331
86.68376573825961
87.8949415514557
87.51443563581337
86.75452788530818
86.70220007178924
87.12460136722763
87.77980889713808
86.61695440568609
85.96667112306746
87.06701220055555
86.98593664869726
86.64993374772084
85.95577781770076
86.3430465736067
88.09819964750542
85.8315147817204
85.89117826807323
87.1378687303917
86.17195259737596
86.78994148237834
87.9377535306795
85.8999037243845
86.50700483618746
86.02375643954696
86.95519670701253
86.25897632361666
86.86327206183225
87.67384478669544
86.55870897543406
87.30529340398068
85.98533558167807
86.79728913979976
87.29879589757914
86.62183844515604
86.49807165340272
87.59564349450638
88.01998506200067
87.43513352848132
85.98899655781986
87.61419736059327
86.73107377773005
88.13733519652503
86.85245432036476
86.5542276968809
87.52477572257376
86.68590057987943
88.23334664858912
87.08642201143986
86.35383340556955
87.16369940379292
86.90077303829672
86.1756613175167
86.51351504959773
87.33498774842818
85.985069936569
87.06456248569549
86.95693570158494
86.48528027408544
87.29699954587342
87.39462776873464
87.09313001610066
88.70489356579623
88.04312443156316
86.46811198556271
86.31665890371004
86.22960221531345
86.94901834620603
85.56257630714023
86.8812193327695
87.3445376505981
86.43041748139672
86.45581278533335
87.30962521929102
86.86672607914636
88.42003835378208
86.68613522816278
86.22530898155746
87.1866651726403
86.98612853979974
86.91023755492353
86.73233999577525
86.01695010276282
87.38156941876683
88.0159719309948
87.09360783310187
87.14800627000673
87.25817766678246
86.63075957211841
86.41969226626205
86.97502327394585
87.3105104356658
86.97840930370654
87.50386603702242
86.75302630066388
86.47265343217117
86.13295158572426
86.54952243754097
87.25792010229297
86.719431324978
86.62946065885266
86.77067486206737
86.82381946172912
87.9891899379081
87.2828488015535
87.74209332951119
87.56349029562324
86.97334196624745
87.3135447472179
86.35235343330405
87.31407639370643
87.15707716554697
86.8355722690443
87.35492506078249
86.67483058636788
86.43728422536384
88.39070582576018
88.01045854659266
87.5216054529982
87.35727088958753
86.19254158737917
85.57651970306402
86.70245329974217
87.16933049143918
86.52603265079544
87.39337469968574
86.69313523973591
86.46822025232527
88.15791755402114
87.55470445391634
87.22669368460268
87.22945593416125
87.01523354415072
87.41205153897059
87.14540433539277
87.26825581426216
87.10153812661927
85.44113728190734
86.15388197506928
87.16715060887476
87.21978719080214
86.40333992825319
87.03209911072518
86.85383963768074
86.2229211985688
86.1877840485237
86.01748853560544
86.36550603849453
86.77261667152756
85.84043819019443
86.89124840649703
86.38329589278882
86.46632136145848
86.8928787678171
86.49928413137854
85.65563897754983
86.42478614406274
85.61207262783732
86.73414414938973
87.70922672678982
86.84382330561458
86.6110462691738
86.21850197872025
86.82151631366452
86.25813570468911
86.45318235239662
86.26804753037396
87.11797824132866
86.44478598047999
86.55942308890234
88.05162431816431
86.79462519685615
87.04481029725726
86.19331435581277
86.76906576428266
86.65403627315506
86.28330523848344
86.75922279167001
87.43833940235093
87.18948045913588
85.55645264457497
87.56731256519274
86.62079199019138
86.41212768961474
86.97617667776801
86.68586118680633
85.87446863253057
87.16079633272577
86.6802031993428
87.9623274312937
87.54988379967891
87.69405076193381
86.93332599521109
88.24220869702297
86.50296550493998
86.19113286657532
87.41348314796153
87.22352178483189
85.73304740342577
86.66466624692131
87.37398722606517
86.23698071976234
87.30485735843934
86.1185302330613
86.54956734598906
86.82255045354314
87.0820654187404
86.38669965779802
86.67226994332826
88.27734906017277
87.53700646459723
86.49808600420658
86.89516159573381
85.93634453176432
84.92946579524906
87.63806654559238
86.88346420426623
87.69246483571007
86.11668383451645
85.7414636401959
86.72725982413444
87.20806907002697
86.80929098437407
87.65407045142017
86.35936184182762
86.94559170157572
86.60262007756384
87.92454755627877
87.40586109859373
85.0824390371792
86.34512915893764
85.90859335305689
85.79068013925621
87.41110071126772
86.49953519804038
86.73798761766916
87.18362445172434
86.655052649857
86.86456778871525
86.82535200410796
86.65729590314952
87.66984102201829
86.01845636019479
87.50296801364394
86.38769974743319
86.39212434380431
87.26919068517536
87.42461108910005
87.09611155459154
86.65837637284562
88.79161657923875
87.02068855441385
85.49988066819726
87.13497592924108
86.3739192045898
87.03623489912142
86.90277645233297
86.42262712867146
86.5725187112085
86.47724398234878
86.20085145141643
85.6222020874059
87.63406430620888
85.75903165185888
87.14533405102948
86.30739052842607
85.8002979919949
87.80396130608811
86.5850891422602
87.4255989734571
86.96637733044406
87.46422916777748
86.40340433100572
86.86659692624451
86.60885344271466
86.46373826109816
86.54623046816799
86.35246736032953
86.84370262885378
87.17145247690073
86.2112260517947
85.9120149933813
86.66851548047325
86.0675359057546
86.86624129219565
86.36619974086953
87.38946847095724
87.02455256283484
87.11454767526658
86.52271726009891
86.51075269459207
88.28111930052103
86.25789574521067
87.11427034652553
86.92237274619795
86.43668350544786
85.46558905300121
86.47302910324808
85.52837920648435
88.24860979738807
86.04612790230227
86.03363639067442
87.45359083396137
87.36926326938044
86.67721981533904
88.05551744407558
86.79844676666595
86.58087792941829
86.1825753379553
86.66650118971813
88.03136858768298
86.82071832248606
87.41174818339182
86.44378656191404
86.29785392118433
86.57299423271391
87.03470349091047
86.70870114029127
86.19986221283672
86.42901876563779
86.11948208795141
87.32381707048816
86.03219034106951
86.828158016932
86.64312467086486
86.58940554469633
87.96585264896046
86.84868469683471
88.71184170128633
87.38006028752957
88.28948328874142
86.44972002343127
87.15757316197022
86.20484060878286
85.32332361470871
87.81970935168935
87.60520320930002
87.74599899937549
87.06796222588821
86.75477560421292
86.27048550425833
85.80382687303849
86.86455338238767
86.14578636794235
86.3476977561221
86.3840870563496
87.41209391977824
87.49896663705661
86.0180581461839
86.94819301803231
86.48634467809437
86.68122017494858
86.90636979046411
86.92370343993456
86.78402565877062
87.19913913753406
86.75295315880199
83.96420892298363
86.86613504105068
87.88009905975431
87.2982504024328
86.93920904338071
87.6911375068931
85.48042948670349
86.4050859468674
86.64182257671085
85.96733746081242
89.00152295732042
86.60271657190194
87.11182345082509
86.53104894081588
86.54208377076154
86.01621274762631
87.93370891836211
86.99815360777968
86.02391546587579
86.2764176212775
86.42288996777371
87.47558705441186
87.1480312981977
86.98288557115801
87.86168811106174
87.60618642828048
86.84497510224486
86.56697121208417
87.79634486875032
86.04685932381233
86.19699551399417
86.54348474672801
87.30800372206392
85.73098222951204
86.45197663184534
86.10991113335328
87.42503962437625
87.20266819922414
86.29475933508822
85.55802604467897
86.6475270481018
87.20341480213726
86.12897322004677
86.99918032595713
87.62316522891054
86.94932068064718
87.23088623512984
87.2548022292054
87.09914101314904
86.64834531300056
87.26056354186056
86.56709288587695
87.82156975889347
86.48008586565527
86.98075831285325
85.39685765136666
85.56768955443415
87.44917563785697
86.28548173964337
86.33633796593017
87.43923337418721
86.45858644650805
86.87925343232995
87.84944063211462
86.5108546574625
86.77368473897685
87.2367450199171
86.77613540917247
86.83144152866578
86.56979489957546
87.2028108488319
86.62833895794007
86.4866736813036
85.91752121880879
87.42895134358199
87.28606939020867
86.1036052966632
87.40205170991352
86.92556125978327
85.97768869647078
87.30753384322779
86.5732343005681
87.56886981299888
86.0846233712773
87.64009980913451
85.9758695637791
86.58133175250389
88.16527819761451
87.76996040184216
87.44235776405809
85.50858948855726
86.46575935949497
86.35427904053873
87.4217586518603
88.64918318521069
86.82834298102308
86.30629854195496
86.0028023528519
87.53834600330316
86.7999933767965
87.37076672095344
87.35148185816308
86.36323121873542
87.12275022998489
86.22648293373496
86.90328354767146
87.38418842133258
86.74593991777776
87.48712855050259
86.10406210540363
86.75834924954377
84.86440845049027
86.71002525012861
86.79308928815827
87.77169014613162
88.28529065314376
85.71724846665158
86.56798814789818
86.40041746614835
85.87841777670364
88.08208008181344
86.13954839939905
88.07494456543054
87.97554762377135
86.26707379305999
86.80388433850561
85.12988264193653
88.44081156155067
85.85781465436008
86.26128685406064
86.55480007478376
85.88828123026278
87.14399869285822
86.57277276621521
86.74058302625549
85.57585486862708
86.46632768999653
86.29936144986146
87.26237015026734
87.41040833735934
87.75405284183576
86.60564984388299
86.62385015845075
87.00222092472839
86.93945186775755
86.6723082178447
86.65228585983046
86.56557814037045
87.29104526267001
86.82595886765698
86.48409395260681
87.61362769748769
87.85143797936253
86.253539422863
87.11839642454024
87.41903354944316
87.02568168494196
86.35710500699537
87.7505729674523
87.94213842958317
85.21053043477833
85.66636410537993
86.52044209135566
86.48580228123687
86.50806140249271
86.89723185176321
86.77082365328268
86.94192633854473
85.53972932202663
86.63652773935755
86.72369323032912
88.0605763459687
89.05323176953628
86.67067830942129
86.42173750470145
86.65938345899212
86.84641085388535
87.2382085182199
87.3121725474867
86.83546982203603
85.17753061149827
87.95859752388984
86.6752332321902
86.65814245067425
86.9550329838375
87.77780674580805
86.1312099276542
86.59354775937798
86.62416417495498
87.22189322671206
88.12169726696476
86.10960987704512
86.51351125340723
87.42639287233558
87.7959182120968
88.12400629407531
86.82197919164373
87.31435408568245
87.68270568802448
87.16415358036038
86.11594200549003
87.273690218834
85.80655577709229
86.68421665589406
87.0443505768796
87.22449391419642
87.52178018014531
86.47137845012593
86.99645155949803
85.64576059420621
86.47210057464235
87.2272390332071
86.60569475345235
86.33955235948395
87.26916196025198
85.83122784160955
87.10303699673884
87.65462696441675
87.80113838728067
86.41501076374013
87.56108046442918
87.28355816283937
87.74454557493856
87.18656355577377
86.67977730703677
87.11090460620053
86.43655488524509
86.04530388601009
89.01001444192512
86.71770923239596
86.2611158402038
86.68666638123219
87.78847673096114
87.98642732321495
86.50941842369825
87.57149810494622
86.94317415522627
86.62876971958426
86.93456794006013
86.83701732536466
85.76188927758821
87.60634937674587
87.38259063294797
86.80117647437663
86.79045718170372
87.18696031631086
86.87547437393464
87.46421287624746
86.6750908134912
85.93473921490677
86.83990572701804
87.36721408295418
86.5342476169645
85.84114522525024
87.11842581177093
86.93204181144195
87.84650273039368
86.8169038401864
86.83185820486354
86.6007733915123
85.85517039052223
86.93705946824696
86.32578134966153
86.76614662181426
86.43254781084605
87.07519469477384
87.01009640491472
87.62695106791308
86.16164253099993
86.02663638471431
86.72429432521524
85.88631667413289
86.71485687660201
86.4905753874151
87.76278770607841
85.69067848607851
86.55664564022791
88.94164262218241
87.1282395044917
87.15208191904112
86.4930080771987
85.7811858113802
86.9850538384617
86.48913747958485
85.38846706928521
86.27247120518835
87.64399049674186
86.94513919421284
86.31943817739072
87.63110612691126
87.40457661967125
87.40658708779641
86.92357948166949
86.71927623055116
88.516357905318
86.37009681288555
85.58257141890273
87.79913108961827
87.14518367178756
88.85853793315921
87.67299089317407
87.87242585109117
86.73331875600402
86.4049126777741
86.1823048381968
86.09989727688955
86.34614465016632
87.31694390929653
87.3733415312895
87.29972466254986
87.19221983138617
87.12754707838131
86.54821897084662
86.40288881392622
87.10387437709839
88.09605437143091
85.3277801949257
86.11265368907243
86.33799399798987
86.40604396792227
85.50223979565082
86.61830100237343
86.69414991245334
87.88080768719145
87.35220655816468
86.51058749700503
87.66233151062795
86.15415986632091
86.78558168567332
85.5188305903159
87.76673094005959
86.43717519600459
87.29131908430669
86.05018556711367
85.47813034112825
87.96132784725248
87.37760397428907
87.64342169015387
86.96844968606179
88.1778356491681
86.82949960232112
86.59779240439981
86.76283862798853
87.63878560071113
86.43918235589723
87.5959243876718
86.78197458907286
87.26871796153857
86.16804290524992
86.6839926443971
86.27428878757614
86.94217520766783
87.05275671185187
86.87351196503566
86.63594311460297
86.6605474817599
87.64578502186376
87.83874315813233
86.7116625762284
86.00408189065745
85.99718506282194
87.12580695828163
86.19830939619719
87.85542994211296
86.42421924281713
86.21172412826527
86.33322298026235
86.59089157525665
87.32438301778406
88.30097703496651
86.46572109621052
87.15388482527923
86.62382198933561
85.08606430028011
86.80172087525617
87.1057223135698
86.3571965536794
86.55516762806656
86.42016616992903
88.36879596844338
87.44048779103322
87.27282766221514
86.73379434028176
86.65497699254551
86.88081755949841
87.12503010286065
87.31335690430818
86.74661426763879
86.14250950688982
86.52857114239553
86.92510967342204
87.076924512423
86.88928736055816
85.9514074877758
88.00820015617941
86.35807749740047
86.50411478758376
86.68737582312282
87.22805116185714
86.87164702043763
86.17500545328976
86.13902863465064
89.16969485711549
86.73130070139923
85.44167662921166
86.99098221379032
86.02441874150244
86.14802662529691
87.06154551647967
87.85665411166191
87.86558082794204
87.76922523812063
87.03384342385732
87.80142969485051
87.96052385676721
88.6538634105773
86.71950943451935
87.5000358856531
86.90618728416025
86.40930208044823
85.75913196386414
86.45780773677431
87.74100970164402
87.85188808342491
86.41824611284555
87.41917218610445
87.48920870491833
86.56498594326841
86.94089163313994
88.64842577559092
84.74351037755704
87.5692134945733
85.71108489077425
86.15535294860499
87.08299430629145
87.79697499251682
87.36021862923776
88.82741576137641
86.8364988863437
87.06981205233814
87.9898028364401
87.33400837594706
86.44074065263536
87.511857256791
85.84655276231305
86.05097772735817
87.2563945387934
86.37513963251953
87.57783075182769
86.3363644593943
86.2811933620772
88.43806276986663
86.05607945148924
86.74006548861406
87.20077707479865
87.67314728359592
87.18801286367963
86.9085952652931
86.6909852312573
86.08648101654896
86.91028417633142
87.10138846893652
86.7992664568853
87.01380207293738
87.194837983912
87.0097104853803
85.89481235057146
86.50397633279839
86.86456687442688
87.01354861999444
86.31023866838031
87.18447675964066
87.16800280440418
86.82152667280074
87.70822676529835
87.08457547118635
85.67743889958199
86.47916926658353
85.91620999634856
88.26721611893572
88.05149201413003
86.81575321434245
84.67767030000432
87.4716003513875
86.1037488420547
85.04615497343123
87.4296397865207
88.4198298833304
86.06345450298171
86.60739925600396
86.89164162694406
86.58519449858393
86.33398355471569
85.8383313748495
86.88277696547226
86.70501351335606
86.75228396415275
86.35704806255782
86.21925341828
87.43644326078034
86.84113789717064
87.01769116640445
86.77919013035427
87.8506661288607
87.01552914412557
86.9004697368288
86.89830290894862
86.26472891248615
86.76091008563667
87.40254417600525
87.66995892016926
87.50890090979574
87.86580431628319
85.71348516844495
86.34419228052799
86.83179403821792
87.50089124021788
86.91157738528013
86.86895537371339
87.3012367050873
87.43497499807127
86.59547793779501
87.0361533415137
87.36683943012811
85.71707567246541
86.55975364093747
86.79495946473114
87.44872985000491
85.93929479276909
87.49573886631123
86.52405267808388
86.91627078856237
86.78261387503225
87.6662268157847
86.68239580855673
87.17841252455256
86.88653469785645
87.7351274066446
86.10261200240437
86.72037623721617
87.32307558886166
86.52519687036813
87.2027458818934
86.94287143815858
87.52203855713164
86.95715341562533
87.56543062262716
85.92925058931687
87.82180150037478
86.11431408379323
87.15715451013764
86.47581385399522
86.88338904311482
86.69600785687543
86.79474444701921
86.76646725029987
88.46126819466947
87.08563889117288
86.25029298841146
86.69582694773777
86.49545569990265
86.0968316422648
87.09563737769234
85.55559131912273
87.23475385222604
86.00499157486419
85.8740887132254
86.70089904136287
87.06054063171955
86.8502657573431
87.88402149032848
87.3713788801344
87.29632810624817
87.16959985449903
86.65902445114178
86.66465010020615
86.72964146190307
87.19326146135973
87.3743746612991
85.31369445847292
86.845327013331
86.78374561716205
86.28807982842778
86.60929160748655
86.68283619936373
86.78460141450738
87.68964614344276
87.77775945737874
88.03691232680717
86.91743103859311
86.65826013478784
86.23894222424101
87.04105773226924
87.27724967880532
85.91956033799266
86.89723222775454
87.46776304094854
85.39207921692099
87.032114481162
87.75106019263369
86.11070091480933
87.9332345108293
86.34325042776274
86.80639909565012
87.27236312820233
87.2749581981078
87.78434186915537
86.48920158477169
86.66043632365043
86.90995915960629
86.81708423214788
86.59549569318544
87.1010530228842
87.81281901361562
86.34543786608076
86.6319780299592
87.773096752458
86.93471733277026
85.75340774312791
86.87772132117607
88.38133641138361
87.69853830250298
86.18066821377289
86.50058625588444
87.95109925098198
86.70316032145618
86.57400975146103
87.02424026241553
86.69160611472083
87.19487149154578
87.78290577123884
86.7152004657846
87.02073182132766
86.733459622335
86.64799721297493
87.3070104062421
87.08691885135389
86.8625516276615
86.62065376916938
87.25953245724047
86.0683297827931
86.91332982689713
87.49862420462846
87.81793142512491
87.2079413568368
87.41506306010339
87.42925227492677
86.8570442007907
87.3649866063028
86.66017510444416
88.1325978040559
86.55890860255877
86.82061229588646
87.22674144640344
86.53853077155053
85.68212560077605
86.29252955670675
88.01061645892976
88.39512112459633
86.89224810341953
86.57064241962252
86.07155443002239
86.80131863545033
87.8824231193996
86.68397876449926
85.42050987611731
86.53220748411164
86.84685632111115
86.25539295894535
87.24668246832398
86.91340797394129
88.12150137025338
86.47058200957937
87.38791412413468
86.63911408488475
86.29005761866338
87.21400943176486
87.83304573178052
86.66517109948057
85.08281308159798
85.93856475607612
86.04289382166104
85.57059324986726
87.57769212275133
87.53786155574805
86.88038086077508
86.23733082325342
87.53946707515584
85.5403472271221
88.54775690873757
87.55239416748526
86.24760715308346
85.37247807127306
86.44606108839231
87.63418983442553
87.52932796357001
86.28657280865664
87.38864291225856
86.08120143777309
87.07410216229803
88.43854261655608
86.59974231778595
86.26082267335866
86.56639014497995
88.6456914360429
87.18204726330097
86.05997712882878
87.46449682687641
86.88702254938372
86.58764557017066
87.42166346713402
87.23147411048775
86.43675609704519
86.50230309422896
86.895040090827
87.33102068439402
85.71188268883155
87.29844474888945
85.63560461224004
86.86144127684702
86.36875338103208
85.97269942168958
88.35554839532492
86.65848680225949
86.05707611434507
86.60774641760133
86.63302952295003
87.12405993680491
86.45827079150283
86.63476886565518
86.8495782123338
86.05460127201795
86.9583015117891
89.01382408546912
87.3824057285102
85.56381642442403
85.53649227617127
86.68177532946031
86.85916372132424
87.55452509211119
87.62985585856407
87.43709230502589
87.08471751778913
87.22598555591874
86.31188987794165
87.22276277512543
87.30777966720798
87.84328447780878
87.51279375968622
87.75157181134794
87.6200975125694
86.55391448269026
85.57506175805258
85.8915956130904
86.12768170929887
87.27265822936286
87.39955127536066
86.23531815809478
86.6325747330449
86.84790828252743
85.96733382492818
87.74376430897148
86.93519018969818
85.54508231388391
87.47103024470024
87.56565539395999
86.1360380851246
86.71860751745153
87.11240807700169
85.11900681698557
86.38024777001232
86.61784067086316
86.31297739270951
87.58173339283722
86.35564206658337
86.60390119337788
86.53914812041444
87.98581110875926
87.19556307874112
86.54314332768159
86.69281851487598
85.77892969260205
86.17692966462315
88.34842920645079
86.41493083519073
85.35187983475403
88.23139050041955
88.2290691044556
86.8759584932705
87.73677330791853
86.63828861697353
86.93537059946117
86.58387772557316
87.82279705466566
85.50311904684142
85.28295138201939
87.03604530993259
87.22062321294311
87.02064629514982
86.43308229862915
88.71264276483639
86.83410293243293
86.9856231675135
87.94049831498234
86.87435741796463
86.4371106287335
87.06313722249655
86.90001047600366
87.67609291820719
87.77665848083723
88.14973366772162
86.62162108669794
86.63040426041779
87.82902924178717
86.84061800650929
87.06946020381531
86.34962929909794
88.26522451846883
87.55044824101705
88.16047126085223
86.70646346544343
86.0965992943683
87.37509234322312
86.64797968013748
86.78239189995769
86.41599012668168
85.1725923148911
87.5136245869357
86.3765122523495
87.2196651720222
86.96396576438627
87.87988708032461
86.07817295686553
87.69779222738896
86.34282793600197
85.95580230894724
86.53934173781515
87.20390043887708
88.38315269415062
87.3307789759574
86.38684163573397
86.10841542469596
85.05393379411434
87.26940049558294
87.19462186206627
88.25086569237361
87.77649255527736
87.69652586806811
87.27939604401033
87.23202849526734
88.40575263190397
87.0186626714414
86.32512637528676
87.38139803755799
86.87864024490541
85.84054960548343
87.30806960472933
86.04491936774114
86.57364731408835
86.35531133520674
87.28083085867553
87.1126274435945
85.82457046382976
87.20198394564154
86.15789939668805
86.72759746189286
87.1309062018084
86.64976218598034
86.79974455478784
87.41128240155682
87.59581314134829
88.79854265071027
87.12717671337025
86.34031302710952
87.68110389611165
87.4047354736796
86.48702666122009
86.47363469967097
87.87279855759927
86.45866430885957
86.56842675592144
87.04489604440444
87.41357659025556
87.09831011142658
85.83277671892475
85.72053323132313
87.68114105343533
87.2709252715376
86.4077905003788
88.21349486791465
86.99345101634407
86.7454460170875
86.66625810792017
86.8907976455747
86.93230113429203
86.88848893286756
87.04763405372042
87.57399357405323
87.14465556197608
87.16496734618903
86.65477710580025
87.37364777388322
87.1797777765202
85.7675894509866
87.17767626651914
87.19400247961174
88.24777372411975
87.35439641123777
86.3931773783676
86.00958729124395
87.55217169952144
87.65419480501924
87.63433420102064
86.5084091664198
86.70852792359159
87.03732939921034
85.98140415939913
85.58102592804782
87.09703444627168
86.87458475919153
87.83320508445748
86.32125566761766
86.77698425274419
87.68589467300816
86.94315449416597
87.59113887950417
85.60206462685477
87.12079872558668
87.3088532940977
86.91449798912954
85.61481016143341
87.94443273868275
87.18958092863559
86.20652413161854
86.10644370309531
86.16196672621597
87.04326589621334
87.30923183280157
87.63765528182248
87.07957025661128
86.23461490311473
86.42943789181271
87.18164142074963
87.07699782634468
86.16616104292955
85.94560608666734
85.87850000615235
86.70038129069506
86.70492172067794
85.85800989267956
86.5549671582006
86.53195743832053
88.51274780979332
87.38446582233536
85.63946463664367
87.4050779109808
87.77973092249259
86.1240883737853
88.28500654806892
86.94734994381845
86.30899812540827
87.60711077469082
87.14424573739655
86.72395711573273
88.16401086592101
86.59866350024886
87.77458849963863
87.12117709921712
85.97104486743464
86.85895483557304
87.86368453552046
87.41415489592241
86.03506239888824
86.8066479362066
86.98042544802595
86.8460775402485
86.77082246650559
87.57585525344123
85.94788017687047
86.90874865540964
87.89454102755157
85.60326354400122
87.1234841050969
87.18986225733833
87.076629848302
85.96426472277379
86.61129028546328
86.53469700567392
86.5045337668885
87.51018787610761
86.42281209189736
86.86835209838459
86.76705371440522
87.92953048338101
88.5680417604705
86.78352793464077
86.67852942021274
87.0461972020784
86.50619915762198
86.67322582439941
86.93383078107964
86.65498674041727
87.22174327491965
85.38256597784026
86.11051880554307
87.91732243896915
86.36629600481122
86.42078797448116
87.12770406025354
87.19567630741597
86.34298533702058
87.57799256088879
86.1470366537556
87.34035612048356
86.94651238493785
86.79727728912002
86.01035240450109
85.74387429256498
85.31366324720811
