86.87641622050235
86.22683722682629
87.94447045235594
86.52269388679481
86.75629612476666
87.72257407235665
86.56428672937521
86.51324855436383
86.70928558829674
87.33454237451386
87.17508095996179
85.82014494543876
87.10264369038507
86.91205622108757
88.53990664124451
87.03498570390153
87.62303048736023
86.68065157355048
86.38734072771594
87.464289958722
87.930915612699
86.85154972701694
87.22819773682676
87.51789010144104
87.60864131033595
87.94761043676934
87.26455095526784
87.91607896719442
85.8099965322306
86.7479716120029
87.38119508662163
87.41447904627267
86.93939414910356
86.69478541499815
88.26861437172691
86.95282373690695
86.7892205431433
86.0030261348986
87.76416486280462
86.24054530719022
87.35847953470919
86.59163631516594
86.22722757012743
86.83687895025787
86.27389357923373
87.08870797201666
87.35056748180433
87.57307254763926
85.23448654501317
87.07076096030957
86.46827922323088
87.82072918902354
87.28626329762099
87.10267372293748
84.8444726710142
86.84059834579695
87.21112121462504
86.71840440224
87.14844224138265
87.6023098137846
87.31616044767955
87.60051703411321
87.1395580578905
85.76294756507069
87.57589442979611
86.85799301870192
86.69499979134947
86.25031649835189
87.01883076484134
87.29140192063845
87.11429733590764
87.61839413898647
86.76231108191892
85.70037644741006
86.36812356318798
87.50848733623447
87.1386644366512
86.93433786017557
86.74063744662034
87.93635362179594
87.48683913382246
87.01156037582462
86.2526989645922
86.32658827150551
86.39623393243744
87.01692073119027
85.77367901666275
86.74659221971363
84.87113437666794
87.36948950155761
86.71441887061167
87.19343031980179
86.37304567569063
86.30336421387358
86.8953042258763
87.73261652888506
86.64917139326536
87.18782089928918
85.57044995280602
86.18318741695613
87.11799298748008
86.74691217743495
87.30980338755246
86.52474241423423
88.30435665404048
87.46677980933345
86.19556650997075
87.93667602717402
86.94168563149329
87.16554040662494
86.8161092229792
86.65814925982912
86.6193211749552
87.31716132007439
87.04344059225053
86.21164409318236
87.57736576167568
87.39017811118505
86.47442463064658
88.71956015676818
86.8970610743502
86.31797117795792
87.48487066889786
87.01814416363315
87.11034065620184
87.08232861764317
87.52296471325023
86.16322046073707
87.77774147181567
87.25650698363538
85.88254177714533
87.26864538401648
88.09843592571555
87.88709757244283
87.8875830797099
85.93435620789202
86.284079345142
85.80702338156473
87.0313537514033
86.32500887052304
86.96577061152678
86.85285039078462
85.76939050809202
87.68088407677251
85.94674678786636
87.73619948086667
87.29801275423326
88.61335151487847
87.47988614357114
86.43799519524669
86.42212822320369
86.3328788452289
86.27771063178372
87.5883473467226
86.79091703851402
86.8513507174671
86.22170663533646
86.53238590887253
85.34788591798983
86.63168941307599
86.95705969250174
85.72409184539899
86.32307655724833
86.37944347253115
86.47499016451768
87.74389160220213
86.6857881760548
86.13409092248705
87.47722133266943
87.55958101693231
87.24605470968396
88.13412314365615
87.03031066050646
87.48487050737211
87.61976789601056
87.84958519538293
85.5089296756901
86.71799747320689
86.48016123516402
85.97937668956669
87.45194414834378
87.65878614647661
86.17545245280998
88.81871243766597
87.17978978687795
87.27857341482476
87.07822350183375
87.03708952957352
87.60548030281343
87.13280400027209
87.03078483230574
86.10923903839321
87.13647943039778
86.78589080250349
88.33435825514262
87.00007510930519
84.8575276113437
87.42306045831181
87.49449143217024
88.12389515535952
86.13278259157434
88.17898090998509
86.6780499159062
87.6741661363799
86.50494681453254
86.09571444551955
87.35872663583123
87.37246169425782
87.96624900917624
87.00933632924226
88.36098883641073
86.71897806368504
87.18464332060559
85.94898949370435
88.5866443885292
86.27693794527673
85.85994408435025
85.72029915052312
87.6998278480045
86.26317609564776
86.25437281767607
86.271959614908
86.55014994995062
86.66026846440651
86.73000075518074
86.87319043344873
86.62695327148182
85.80726802120964
86.58479790572396
87.61627981519572
86.48978099891501
86.0693042536414
87.04826312752422
87.5724270494801
87.28394420887618
86.4335367794583
87.17623895714007
86.69906062185461
86.52171241759591
86.73267679025588
85.38921289343112
87.01203093694708
85.89728550899838
86.45284866099928
86.15974182598787
87.53958795946485
86.95477764083016
85.29874924808344
86.34085657167869
86.37979106201414
88.07515897579414
86.78638421743052
87.60291992213888
88.05654755650964
88.49956564047547
86.11412791599959
86.90490835667597
86.31408894360204
86.36306975342444
87.5928025306442
87.05357552616454
86.87111755218478
88.0103044358645
87.43676229382272
86.03380717800378
87.18881323127053
86.15851669810938
87.71511361442417
86.68549390721392
87.27260288788463
88.06916901636224
85.67834700024231
86.80052494277896
86.4659549237754
86.63604441968425
87.05757541589934
86.18307987679415
86.74381904333846
86.91047358476986
86.37756418173954
86.07732703524395
86.68717886580131
86.66562362255718
87.15201397519661
87.23677649098168
86.80075630041416
86.43234895556095
85.7838089408407
87.51404203224952
87.40022185479317
86.84414288410231
86.96691584595915
86.76886156404585
87.67593884520981
87.2153221610007
87.11568593934301
87.60270810608665
86.63826957322276
87.16779429228663
86.0392515944764
87.68413643665428
86.39273922300842
86.35682935927098
87.10086093180333
85.30422049838864
86.30438080749657
86.36715176064115
87.50172495385486
87.85175750662704
87.2531467010044
86.28406559738994
87.36854286633141
87.005055360444
86.89197251357201
85.86223513582142
87.17885182252492
86.87422279252036
85.73915323731778
86.29941733120965
86.94538800809843
86.12493507568551
86.99002716207399
87.69675757474053
87.84456490863587
86.89352989514305
87.51055945270386
87.389444729923
87.28199433267775
86.66942364837496
86.0970414711446
87.73273148750738
87.59761389464842
86.88496809655538
86.95548618383101
86.59848119590339
86.16509587242061
88.03661704547926
86.38322662680639
87.07944949212484
86.33552961096197
87.13269987141433
87.35206356255313
86.60050585121205
87.32672249480038
86.18544621711483
87.44508603656014
86.83021282372465
87.11297803683792
86.68872414086594
86.50572520955315
86.79765333958213
86.26042058961094
87.98995162705242
86.59303548924346
86.38714545187254
85.90421050830504
87.85134089631657
85.77335815699166
87.06946823716233
87.67485997592227
87.16484409339841
87.33900766825207
85.79253632529547
86.20445366080165
87.07581745359514
87.87350407944882
86.48414149663824
87.47757502820878
87.06361730581182
87.51459183165404
86.82730261237411
87.91207271084417
86.00952814308069
86.08372637481528
86.01511387239034
87.39732018713212
88.43779019341734
86.12035243775942
87.38732619273247
87.25347776727651
86.09186429830599
86.89193952677888
86.0536824183292
87.27789426206945
86.47939465872743
87.54599373415621
87.36804364336436
85.78021605842045
86.48048337816928
87.20626096533454
86.60908992284376
86.14370095195711
86.5191331548806
87.3323588893524
86.52233876575326
87.97322978257341
88.24845134430514
86.81374299239053
86.62999510495428
87.7791754990526
86.62829101282668
85.0274110891946
87.7995834466088
86.91334612766695
88.67879760259176
87.66425244089096
85.68955639153995
86.90826960533853
86.81492703326427
87.49657322703747
86.6573874006797
87.99000174580308
87.83246543199988
87.04029109418582
86.45893055890939
87.75495473374346
85.96191269852432
87.23489117518672
87.40263935674578
87.14313993435776
87.7676370761904
88.29389344595587
87.06005309975396
86.74425753274436
87.7669846978785
87.0404573444545
86.83055912576663
88.55695558194597
86.71141448490069
86.7565543281875
87.16208005923946
87.9875714804926
87.56113967315157
86.3877847813498
87.00967190103154
86.52281388349682
87.50196217580367
86.70805931086659
87.06302298317942
86.42413132616545
87.57109042933159
87.31642508015136
87.01923301294887
87.5751569572081
86.1446226272627
87.24099523131956
86.85672154017519
86.20665776388014
86.71593545852602
86.6001436065373
86.08629706991029
86.78525727648602
87.61956713749477
87.66518122890359
85.51858595059234
87.08689084280806
87.39908553783555
86.44059523586515
86.3826644289287
87.35378604367027
85.96650244130896
86.1518314358222
86.56458603243165
86.64214572813447
86.68842929451019
85.5891548033101
86.64382137411472
87.3129226665445
87.01641194341198
85.92086955376595
86.60465941984275
86.26038399872823
87.05109132425336
86.97140320999891
86.87647208257759
87.66797323501328
85.78069572742366
86.15985682601274
87.6056987191306
88.20398375110061
86.00869497602699
85.81186561691813
87.40668239073867
86.0980288605142
87.95494727935672
86.99597559882994
85.92941654035799
87.31094513037378
87.33368766451127
86.95828846851991
86.16128594104228
85.99286622370138
86.90683811031704
87.62339457037395
86.27678711667573
86.91196199601009
86.684217451585
85.40575584684267
86.41554746827391
86.53666025292499
87.4831519533049
87.77507225564763
87.27570713547095
86.36766773967739
88.15563654415183
87.50023491543989
87.5360884066353
88.19944108269402
87.1883031507669
86.86486243505277
86.64187519567885
85.74091889800322
85.48123227797416
87.94387662900897
86.337140470805
87.0923382693988
86.8871803880466
87.03692309301722
88.15880966883107
85.92301792262283
85.81306019152044
88.13093020760451
86.3343255383797
87.158178185442
87.01249591747779
86.7273831009166
86.56714186951272
85.45294182737089
87.26663104978486
86.4458645822126
87.66222842294883
87.43609916267889
87.03912717691615
88.10027070901197
85.74273298528321
87.18841150883974
86.51983672241509
85.85530448572943
86.00059871063547
86.51378811566306
85.89503026645235
86.93696690644964
87.60589204078826
86.36850905445742
86.96194961254244
86.58313977773484
88.05210739690989
87.42869640587584
87.35380433335364
86.9224516554844
86.59870520792539
85.3382183482848
86.69373435777963
86.55274038471487
87.37981423835282
86.18352850862516
86.6407263572732
87.09904739900811
86.14245459178117
86.51880608803918
87.11380671702032
87.63580125204078
86.35388786768709
86.41737909178282
86.78010998010107
86.65724057896746
86.63485739850543
85.6951449923222
88.03507698026327
87.73714436137506
87.7405943640878
86.25123447828557
87.52314661253598
87.62709967249504
87.1260470045938
86.94020123068788
85.83799590400896
86.88894498857229
87.5486687209237
86.30490298911727
86.33504015312536
86.46654562174977
86.73587306211336
87.8418254954982
84.85505554515608
86.684396227973
85.60983229240499
86.52431963609376
86.32953184935904
87.06702030149381
87.69371310270608
87.09206639371763
87.78080866055852
87.02428266080108
87.05714607183788
87.95961567934663
86.38361884894681
87.2868146211008
87.0810017658819
87.03756534164486
86.95907439715
85.95629313138025
86.86967586475994
86.63400048219388
87.17829293341488
87.83185469353126
87.1671261298553
87.52423553818886
87.13644727396877
87.88933674734751
87.61298086285072
88.05028095910842
87.25025829449912
86.5083294223001
87.88707641322848
87.65648177402448
86.78193388313511
87.46845854841244
86.78743691807357
86.61097788057785
86.31465424347323
87.33257246081703
87.18706434820635
86.96545354051104
87.23190056257963
87.07076817675402
87.68549819944346
88.44594976408607
86.89136763887909
86.89558982233716
87.56592572732468
87.09689721948644
87.22339817583325
85.43979938840835
87.62440328350006
87.45060843273549
87.68157867924836
87.1332947729508
87.01851311800637
86.75373703529631
86.68442766707207
85.73041421215011
87.59620708769941
87.50978374639062
86.63240021138857
88.15100760879358
86.36242639662353
85.14681623868796
86.81878898055334
87.01780728105884
87.26744001309439
87.86409048078484
86.34841779053687
87.84860951628168
86.91985283380143
87.1136617742271
88.31909431586202
86.60564636620238
88.17416481509137
87.28921145060143
86.15277867982716
86.71808963397477
87.46452394442665
88.03515472921478
87.28496018325502
86.46246126050848
86.56829194850275
87.45344887048982
87.17197308173937
87.6167845326305
86.4596070309187
87.00753505360336
85.76054570136452
85.74419758476513
85.68297336965477
86.85666563321489
87.60082847208709
86.04161596406182
87.09097272852105
86.72404568993407
85.79688796512326
86.02479927645936
86.72306613669474
86.02213868647745
87.11842580898696
87.63840036752424
85.55787723021686
86.26269379588746
88.8389588633649
88.1879404220334
87.50430132606581
86.83903148636689
87.03645087867534
86.43851789103603
86.58666352677677
86.63570201051948
86.15582544486867
87.25541264591686
87.27732938786482
86.25774165495247
86.94657332118162
87.16282005340403
88.05942361261657
87.9824877536295
87.41467173015779
87.50403338331232
87.10495446690038
86.63258387169324
87.00575912665906
87.72149133985026
87.3769745421804
86.68596496283931
87.07384285024794
87.1130408085783
87.21822990435709
85.9026054391582
87.83858844291049
87.09831361629894
86.30067466029436
87.94130509106782
86.53653051812992
86.94576991202838
86.51216315571861
87.33653155155783
86.22973628093696
86.91266823707531
86.55180612351245
86.39112937248727
88.60791417284919
85.67106558319182
87.88926136821779
86.99224869528202
86.57286244261199
85.36386453763765
88.5041383868021
87.15694519629801
86.45663822889146
87.10182084585004
86.08642351452005
86.00255571786553
87.05862043409988
87.08175790953551
86.08762368443288
87.5295101209914
86.71663420080412
85.94981029605958
87.96160874526096
87.2608221421469
86.26105904313205
86.95184261245286
86.88949753161047
86.42593626913853
85.32530090800718
87.78325641800315
86.27384874178888
87.17978262602907
87.27702163066932
86.97105451498037
88.50097345748614
87.94366281920836
88.35310863542179
87.04010739416819
86.47990656315771
86.77973413598173
85.23724066549136
86.72159542824232
85.27621830496723
87.49203300808509
87.27424279423973
87.2562130674361
87.57321723166048
87.31082568097621
86.88320721944332
87.36457366014452
87.64598571317083
86.37936952879521
86.99303173877053
87.7850617002701
87.02397034715453
88.13314770562988
87.23868556031705
86.25943372437412
87.00873689239053
88.0711946720678
87.87537428042798
87.36998595863398
87.16637161416129
86.92469442309908
87.09508353042293
87.56168380333114
87.67445157164224
87.11374081361011
87.14893513172655
88.25064777625127
85.88291427149396
87.76761467572234
86.91769122151184
87.17202478261166
86.67655265218922
86.27880714460922
86.38808771594258
86.66649255384371
87.861126030858
85.18387684994711
87.14832647244859
86.322903227777
87.71698676416233
87.17733360058462
87.10366059104838
87.11826571158076
87.50224599026551
86.4742733932189
86.77580759846705
87.01932167487172
88.74083225491448
86.35147682271985
87.90590772564279
86.3427527120665
85.80584256200349
86.98241949036432
86.7950163738114
87.13451030406102
85.41082559571842
86.1467751792122
87.15739333327133
87.3534850802425
86.46985072854694
86.98652359519538
87.13460802850983
86.8275369759689
85.77076042663748
86.58473433378285
86.2328251894811
86.6815242380555
87.06891874855815
86.7875892310076
87.58760412439764
85.9864220177105
86.08934366016372
85.54423186013287
86.62589902172198
87.84450907743563
87.39213265437772
87.22807477077137
86.44332616720038
87.39866527440476
87.53292275985942
87.99682585620543
86.52955053827395
87.2450288529992
86.96787706677776
86.60895360661532
85.99698787328381
86.48127290319306
86.57637841041708
85.84261637830738
87.76480407999684
86.8479545491697
86.51339145617695
85.62649005306183
88.19808411412549
87.07943515977279
87.36127459842338
87.10048487703506
86.76948933209046
86.89084896130444
85.87055149938854
86.77385379541558
86.30965826534771
86.92974373361525
87.4321676235191
87.3053356241631
86.69537652475069
86.72073595839609
86.6281373469412
86.98334497587354
85.74867884704378
86.60016575567747
86.64178849560659
86.33978605974613
87.52479231339389
87.26519196752186
86.78546142582265
87.41730269329
86.2634364762815
87.6103407144248
87.43624329091247
87.02053781503697
86.30867885488944
86.94261670160213
86.7072307383861
85.62240151885035
86.07319400297257
86.89876422298067
87.19415568057897
86.88007493356432
86.32474785439419
86.49366514971743
87.71120544529646
86.4060096872731
87.50961989697053
86.57457803657707
86.1501418710716
85.81479049345894
86.78581683415176
87.74282551448549
87.50627454199658
87.08334892335897
87.6880516653573
87.05670183597456
86.59529256919477
87.48548669563287
87.32076277855873
87.0599473234434
87.29352759325934
87.91085183300983
88.55750568615495
87.40845680834106
86.86024584296489
86.7846872352739
87.25578739696604
86.75134825238702
87.20559937772495
86.07089077700395
86.21390826284032
87.39807206010393
87.2747482178989
86.8510439458335
87.50100359361853
87.25641103137036
86.91946848769786
87.32564060863447
86.09809473034836
87.44333717098581
86.75309935938539
86.918102701563
87.02766207636971
87.8096972767005
87.40649681454033
87.62009682883485
87.06922602973988
87.65949565507631
88.02958505960409
86.46365790708346
87.6631906581895
85.42449036686034
87.36125716787305
88.13315756704256
86.59366248313039
87.94756827034566
87.26624334042506
87.24281707417805
87.04586065007403
86.72784724805327
87.87751220013811
86.81124462608055
87.2393156142174
87.88956456563616
87.87380618228516
86.65803400126491
84.9222671156742
85.90032876097595
87.23721879499017
87.08375369646055
87.24083629859182
86.67631048100702
87.34546700292181
87.72967795704416
85.79325282349635
87.95979660518637
87.08157355688999
86.44827605248548
87.72750524475671
86.33493489310487
87.20635023572078
85.39041404274653
85.42299843720109
87.77830946550755
87.45661990111924
87.52909352972573
86.73954304489179
88.10107220998374
87.0174910980044
86.94289579529696
87.92363313409717
87.22481781797158
87.89567115244422
86.90847345917388
85.65205145458899
86.96353278951426
87.46552765695408
86.78850692969542
85.94483071893781
87.5768482963284
87.01388509719992
87.18632348150294
87.3814913535445
86.10032365195273
87.24282555887626
88.43005151514389
86.34431865384386
87.53248049355912
88.08631413251726
86.68092142305744
87.06425580791297
87.58097112571099
85.57320732077804
86.70642133180732
86.22681193764109
87.54849654251083
87.46057110961469
86.17562242335163
87.03005097351833
85.75825064123678
87.2291573737047
87.27648707848043
87.42458371233639
86.75606998229138
86.32391237260404
88.05930706204555
86.72009985662191
87.83941936668666
86.38658601686672
87.6040403070628
86.88816446263657
87.09585867484391
86.89380424292017
87.10096783193379
87.07216228928853
85.73399456923944
87.36620026775284
87.11679044982215
87.40449664196991
86.91928069398983
87.60269769680806
87.17672251803906
86.46658148162717
87.23390956192392
86.72530989806532
86.53882665239057
86.39149061077588
86.84042444611109
86.690322278833
86.59012454485224
87.20791037532138
87.09704946270044
87.93515766633489
86.78157257280071
86.22955537015712
86.55282182585648
87.41400475725071
86.93511606725912
86.04928895047992
87.20338840051708
87.06139177815031
86.90119619866344
87.41512040709006
87.69867064691796
86.2247405670082
87.54211536749267
87.61115564049766
87.506575030939
86.12631356729013
86.51622842832288
87.18163590505449
87.22167822274295
87.62875011821289
86.58953545087294
86.16024358229132
87.45636216696342
87.48194458142022
86.8006659332607
85.89688633850753
85.58297273547731
85.97349151027016
87.55224193488507
87.07941914826033
85.9781946135872
87.4186273073515
85.89150319254595
88.03873144926614
87.1557705586859
86.81265772905847
86.73323018533141
86.10714850430736
86.80808577735475
86.30587128231561
87.55844708427156
86.26912304877841
86.200978045143
85.47495764551884
85.75516281835822
86.41594220505488
87.53572611736078
86.96537661029966
88.76817157109124
86.28356454439758
87.9347139651413
87.29842236624911
88.65519821729544
87.40003097276828
86.56024015438645
86.5393079054961
86.5918319794108
86.73747768713987
87.96123502221057
86.98184932227932
88.09489735346344
86.79009661185862
87.47742152726931
87.61644691778658
86.17096545431825
87.74587232208087
87.02104421878681
87.45786719318453
85.93350584476106
86.21410196896417
86.21129794293758
86.59320266668594
86.79259283088788
86.50614146881982
87.66271052540239
87.23913657498026
87.81950619598135
87.75795077136308
87.37189650585272
87.33870244854995
86.47519834513889
87.51908404345937
87.4648551445945
86.79651633898816
87.8162242519263
87.85181421696005
85.74599655616468
87.56570149507428
87.24666545616607
86.0393068848909
86.81635504936557
87.03937266584093
87.28232291800897
86.47846336012208
88.25141103634418
86.28552909161972
87.95066854388118
85.45369775536045
86.85491564192422
86.31310831970976
87.27344866390436
87.85470213720066
88.16934091728794
87.33615605705181
87.45157640622065
86.81480919349377
87.90232288008593
86.8390230850001
86.84516089000365
85.93375519271198
86.50800424897572
86.287120451644
86.63094056698142
86.81392113124448
85.66459105259611
87.82306238330048
86.86625457249842
87.67384574087076
88.25583093782684
86.15741152990194
86.62871121165615
87.27240406000905
87.3258786418059
87.37785347695063
87.48631838255208
87.03338307108535
85.54464146439608
86.87992930649283
86.8326735408177
87.18201149260335
86.77815995087701
87.60669209841195
86.77129054582436
85.40974002216025
86.68812984889438
87.55952555318204
85.33650017443159
87.15159408307731
86.53741470730316
88.06686903992139
86.56708166746193
87.04164568963962
87.38078135017545
86.13996353018241
87.1983571063282
87.14259703368575
86.98814262734508
86.31487083500343
86.02716551060101
86.78314344360435
86.88479695214791
86.58222168998752
87.06477073237897
87.54548869586233
86.20476337687099
86.4964735147924
85.16157003161294
87.0365081005392
86.47827007641311
86.95490554922512
87.1287068685715
86.22259023310174
85.51149523784251
87.22714040994863
87.48349360819773
87.23119971371483
87.64408814336622
86.3416965704451
86.9833025435336
87.21221822544757
85.45378474599057
87.6812438214931
86.61460284200484
88.36023714707196
86.71252274875513
86.87564395852127
87.04533831773415
85.41779906172839
86.28729874168002
86.50533746840043
87.50441383805502
86.46532936681801
87.1609381218408
87.3622060812339
86.8781511748519
85.60585665878345
87.32348652162158
87.09714074950423
86.39229361025826
87.27576249696385
86.4238309052796
87.75952856163899
87.64814575605169
86.68047335303967
85.76695920925297
87.04317309748602
86.84838641751985
86.67997751644133
86.53193581152664
86.79105362760268
87.01928578819393
87.41538435952634
88.27785600934666
86.31385192314626
86.11823093049289
87.28331715427801
86.80309225572535
87.88433678410458
85.70832152679672
86.97213264564894
87.28251077731926
86.38760706199882
87.23286039445001
86.25385699445437
86.91489269807914
86.72388004718776
87.31386169254624
86.03017305936716
84.90493862748903
86.91709944080112
86.5506404828324
85.8329149038531
87.24858281443797
85.91123226824214
85.61932449454576
86.49731251136336
87.7632201466169
86.16428945169127
87.38821863113509
86.57969396096954
86.87548926856266
86.82004944791247
87.05869396906299
86.19119413525956
88.11326545141203
86.10680542062116
87.52183939214565
86.21902098993756
87.64823294539826
87.70338667096223
86.72922968701221
87.10851350197125
86.57651849760411
85.70644672492983
87.09194689369885
86.63717092999434
87.67549956329223
88.14873903613471
86.19149515138359
86.53667023689583
86.81579588692979
87.12409849426884
88.97010788877164
86.79276576062863
87.03956688353162
87.28649938129081
86.60626812086107
87.43757404394995
86.80120353851316
88.26566574079614
86.4826829371967
87.18063272374556
86.30836499610557
86.99921614207358
86.77860818056047
86.47282695651337
87.26114544866411
86.82095588433197
86.78597360245713
86.47838236774913
85.57508106238211
86.31996710040917
86.82296031116192
86.47567709477525
86.5861737573546
85.99985992850924
86.621798229747
85.76253867955685
87.07807805580413
87.61027355394039
86.99247544736401
86.73207656338917
86.98876717627763
86.48943611638175
87.26755459149864
86.80009862674771
86.41170582101421
87.41475559741747
86.84065469110566
87.19704198624719
86.33194032454551
86.83585740838105
86.90378752746905
87.53697758528556
86.60567389307292
86.25881053484143
87.23171088975606
86.6804941660163
86.59676560690542
87.95617947748552
86.06382924502996
87.32198107217428
88.21796007485517
86.47023616107745
87.23482108159921
86.7633794752681
87.6998833175842
86.01756387989859
86.8014385635424
86.52519905013914
87.33729116439004
87.1258349645158
86.72088181273318
87.22262276418023
86.9757495077508
87.85981845192131
86.8123997499332
86.74756253711489
87.81071539139461
86.13234582117042
87.79777251092594
86.08904914777855
86.0430653447774
85.56346840557683
85.67100005075007
87.2733009482598
87.01814754507612
86.59911242859329
86.99414309511134
87.12017987250668
85.95160530012039
87.44752511076281
86.94367928790322
87.08192230146587
86.7867048518161
86.82752235755959
86.52382875266015
86.60476804680145
88.53004762178881
87.54825497340323
86.45866066060785
87.70421280500149
86.88628974271234
87.25074358819118
88.39868668169572
87.57689541962469
86.53213951709674
87.2040069962907
87.01174855800343
87.27635591656546
86.40720062650999
86.91576769624628
86.07921272330415
87.10288121372633
86.48588190746837
86.6123765862631
87.93495944613602
87.06558474311281
87.45368053520261
87.3746546810956
87.3380433045913
85.37533848912581
87.83660504534906
87.97987391330102
86.76553690501399
86.5359425609536
87.37939554868444
87.53112262877657
87.9144581663837
87.4295081903515
86.0856821017933
87.38850979959379
86.95553914011204
87.87148250790045
86.951471866187
86.64352502730775
86.01223375490251
86.45879484362884
87.19068310656752
87.59233150322189
85.30581603874849
86.57645016895378
86.84417588472493
87.05522159707188
87.14513653584159
87.82956370980524
86.52264694302136
87.07379583590347
86.28734841783209
86.5864239701367
87.13236073831486
87.12861494629612
86.66582328688332
86.30380383847758
87.26040866662974
86.33501606246843
87.85537581008805
86.83852345320871
87.73091466578568
86.60068699024477
86.87655756005164
85.87982919386945
85.7003563535337
86.8395120462873
86.51862246395615
87.38057830391898
86.07867952077481
86.15260552621305
87.3025922245576
87.03727159086418
86.9339826446208
86.26924311345793
86.84472538753784
87.21489345986238
86.95445733234261
87.46810315247774
86.05960087546516
88.21474695811965
86.51581466411139
86.65572527841141
88.98732723216341
86.77532290947461
86.41218453001045
88.47038426573924
85.34116086756336
85.50133344729055
87.16618772920594
86.8754871390611
87.75556693936561
86.50238013152232
86.34257909447867
86.53731926483668
87.35547158544742
86.29853131555113
86.21101883691126
86.70740768016604
86.16330846096568
86.16336387840016
85.77747857411445
88.21541017768452
86.68459604315395
85.15388721731085
87.16774685791718
86.09128330817013
86.87703159092217
85.85823904013891
86.0625527143095
86.83460744838793
86.76623037484407
87.15078169098929
86.54195031784307
86.92411564021039
87.4069211856214
86.38760764903341
86.35826875844758
87.2485732713111
86.466777980195
87.31559343254857
86.8329084829378
87.49372559807905
88.00955885076466
87.00259863864825
85.90564936196904
86.16790396001753
86.83601364451867
87.5052525733655
88.42663413520609
87.00272701249776
86.00284081767143
86.56979574535303
87.16541014552021
87.76888127813999
86.98570565738522
87.14453606624694
86.04539678435609
86.94680930447635
87.89466016543271
86.77096077744785
85.98476986550892
87.56287137563652
87.02630898453144
85.65569558040742
87.10602133838947
87.67316742307762
86.57200630825288
85.89700588748832
85.81447395509271
87.56141471491559
86.47816088399047
87.88473031989922
87.8314484335514
87.53026389039601
86.28654807506747
87.77548834690651
86.57836432091693
86.82597358493072
87.46169091943776
88.31026036245895
88.28240034505069
86.82544467343185
88.43372394566113
86.20650047257666
85.36658811313087
87.86759351901775
88.04915088755493
87.1495310470434
86.83266098597981
86.73320121613698
86.79600469414127
86.43575025477055
87.28759385625943
87.93046164700746
86.57849990803942
87.00921770044478
86.82103273395066
87.1702283044212
86.09796022209262
86.31967949646277
87.33287546290931
87.50385317358638
86.34237073241296
86.73507816671129
88.43314743009884
85.98617510449078
88.12760814523764
87.2426091434167
87.50723799235895
86.85951615677813
86.88824791147799
88.447293060327
87.61340524770094
86.62561591572468
86.54354254502006
88.17801665406485
87.46725817440569
86.62934847137196
86.4907388280731
85.93252619641908
87.36491106103443
87.71226838635391
85.63873241083932
88.08611647379398
87.13563439709323
88.36894298943378
87.62266757633866
85.81251412015705
87.79075482272876
88.06091556919193
87.42145167570504
86.70416596693322
85.70806037462036
87.54900721094835
87.06612558774388
87.58843744167595
87.18397179108366
86.30157154904032
86.24971599642673
86.42916803731755
87.26053334062601
85.38201207629999
87.75145593648125
86.32399085156835
86.21833232640617
86.35377321418761
86.86853615850042
86.10799606277732
86.92746012408827
87.34230393995189
87.67600241405202
86.88802192523752
87.03108713569756
85.59558703040757
86.78696152978479
86.81888332005896
86.0404281030952
86.19571985121172
87.56539904299184
87.54976530854854
87.78506419038754
87.80486467031079
85.52189739984071
86.58748686742247
87.98802474720512
89.26669710057577
88.08280784915807
86.12062022108107
88.60922926392617
86.89037836155786
87.0025674861742
86.81034042821715
86.40427238247342
88.19550014583292
86.51507760498171
87.61950160055085
86.31909315693518
87.618297926974
86.39848306349755
87.05932066255609
86.73239200703895
86.50554178289019
85.95866169078806
87.822496342379
86.47499172327282
86.9757009441443
87.08477563720442
88.72637374599536
87.08146628016948
85.51366504222072
86.9061583292127
87.47933371283919
86.12174773685781
87.46912800919745
86.7695774369399
87.01383215929525
85.84547119792433
86.48916886530085
87.09060616429004
87.14952278101221
86.74019398863712
86.21176229367839
87.12002192279175
87.33991940190106
86.76261954236183
85.9727768353469
87.69471696994192
86.15574724678761
86.336895912066
87.08852310463483
87.37195612228328
86.02696457652543
87.77824548577685
86.92208057812644
86.96663808381538
87.1994501851215
87.04355620657228
87.14975317537342
86.1459892849745
87.16388110374068
86.33899065917953
86.27212114473832
87.04257364648959
86.58456080046889
87.41577731621229
86.91082100509314
86.78911351108293
87.60483101992077
87.12051294283908
87.44619144564669
87.29005298877655
86.33906791138077
88.19409394727994
86.83995473276232
87.0270742670239
87.06483878635773
85.54880351765038
87.81354490143939
87.85487116187556
85.88411402196417
86.99781768305287
85.52187444980464
86.66426744163579
86.29365592923592
87.33784481269062
87.06860260236274
87.07400592618876
86.73808433507632
87.91793040749134
86.87554952153118
86.82004756494622
86.81283192169194
87.54541995927106
87.08538120826996
85.85779785690464
87.22425101165148
86.40151163400907
86.70973165703464
86.23469527477344
87.32937983941389
87.24077889965447
87.2193863147411
87.86127140926152
87.54109454438603
87.53879885794153
86.5089234199236
87.71566165932224
86.78110873281925
86.28710065252676
86.27300516540066
87.2596818312226
87.61265465167715
86.32472274635862
86.64492585665205
87.12197584910096
86.61188547446778
86.83998866552257
86.8439212868096
87.19353877486348
87.07667838959283
87.01938962764157
86.13374029836157
86.34209499407054
87.36022532903415
86.3994055713069
85.55487290125976
86.77176231103248
86.39368445737439
87.53332024033743
86.06984668999165
86.59754914583631
86.65345594527324
86.70993937196307
85.72541679081571
86.38307158181496
86.82815488088691
86.93896240967966
86.45992630466158
85.4074267980876
86.90356229880942
87.29023281624661
86.83452724333792
86.26244205959222
85.89547333236571
86.40016123558723
86.96276854669361
86.74453272338958
85.80823551443119
87.9581199621447
87.67303647256615
86.72960787404246
88.02946838644733
86.68887867838949
86.22539862276506
87.20198341925773
86.45752666154912
86.9817335706562
85.17689807040766
87.59416278394008
85.84483651080424
87.30145635501523
87.37976175407725
87.00099470297779
86.5783495199507
86.86544523646181
86.26620738035521
86.66780161665773
86.50507288933156
87.29922091688307
87.29368059143181
86.32125530336897
87.68578984349354
87.10099711431883
87.49194774742105
85.59155501900963
