86.18567517800501
87.84314991147612
86.09460954267004
86.37660554511204
85.52758267192192
86.51934714131893
86.33644719654225
86.27959135833578
87.2266900166731
86.65992149051051
87.23240967765463
88.14525902868881
87.30092596715296
87.61707051231814
87.57150372204201
86.4462028534046
87.4749995413194
86.91077242786562
86.55412064900946
86.72186866319322
86.97893779444311
87.25633392045746
86.7747505339724
85.11951917445238
87.61247105200141
88.00973375883434
86.41127129047487
86.20754955956029
86.28279877024471
87.31111723256184
86.53661009182083
86.74465091926452
87.52718235395604
86.90252849478641
86.19817494036322
86.53082827048067
86.82657976974967
86.62636942473165
87.4226170162701
86.4230811803821
85.46162581233153
86.25336098482552
86.60248369205458
85.84384925459022
87.90518388486645
88.39993091073262
87.97308953544827
87.4184590247086
86.65819027228457
86.54978224850859
87.54187338179523
87.16083137698843
86.40335139563952
86.7138692528076
86.24298109825571
87.75669800928884
86.65056773108115
85.74361457124476
87.8337503304696
88.10763833753003
86.34914965462106
87.145256178684
87.87062962930682
87.98126942379042
86.06148956835473
87.66256132641581
87.13172301369804
87.45379590381178
87.89261761742311
85.65405300304487
86.57699647733263
87.2321639715662
88.46816975711207
86.18540513269254
85.13652325236626
87.21788639551384
88.20803338128967
88.33809770840703
86.81673269816724
87.83989562770869
86.29905735968514
86.57699533604298
86.37984954742456
86.67958008631486
86.81187287937117
86.77723479326026
86.91329806527698
86.61471188973873
87.25655441117594
87.73894594392092
86.96898349880695
86.50171159939147
85.91439363079682
87.81439445372855
85.8261193213573
86.81139777193424
87.38789146469902
87.53298804635423
86.03088092896054
87.11328307657331
87.03709916048814
88.28878697086326
86.85905846040927
86.80297331560544
87.1201944460667
86.37888322076593
86.96120787408324
86.35748810726706
87.75065093430474
86.77724487041
86.8347777402294
86.88029481582726
87.27537041774063
85.81220457251753
87.49615111843168
87.14643884816086
86.61382625866388
86.07375261737292
86.22149955798065
87.77432442714739
86.23350112004242
86.6005750697673
87.17078652397583
87.6399260947235
87.06984581623288
86.41817941007314
87.9451861463814
87.6273598595776
85.53003734934293
85.91072394310937
87.52472297668237
87.43171066503439
86.83730148824347
87.36855899432075
87.4729362099612
87.86602858435725
86.55425134626927
86.35734522913792
84.98229890816856
87.04711029774437
86.2906435324821
86.12379768579399
86.60172775328604
86.46748384132034
86.84659757594969
86.90165210092673
86.35029693418358
87.07258271410001
87.07639168310588
86.95649629736724
87.0406145189387
86.7969071357799
85.82547976714764
87.59476596826786
86.74822215151187
87.06154824662568
86.48037778001591
87.09461154090256
85.78021416797598
87.16449723568996
86.61006080350171
88.1203880820275
86.14954750930374
87.4561188928497
87.05211360718528
87.0983819589745
87.50638004526016
86.76889398208041
87.40076477095813
87.0536528771517
86.76254375147288
87.27058819789448
86.87893138687338
87.24720942378698
86.02563188512872
86.46984573688034
85.68742040976298
86.49259649784952
87.92674827685178
87.53196912792619
86.47186815520995
86.52341877308304
88.58082458380994
88.05838266719641
88.19117183454566
85.77308282879676
88.14550821977905
86.7771028471679
86.01471612630064
87.44331939006675
86.3070331060893
86.76922998497888
87.24782654419029
87.09216433621506
86.88965796660223
87.88692453481035
87.18834014384693
86.64058202511457
86.99918020298894
85.80906264683678
86.83675531196435
86.23484073443866
85.94397362898137
88.01350089257252
86.7691110229082
86.49950833766658
87.46409739395158
86.049226401665
86.44027676765043
87.97549914725506
85.84897582691109
85.98908218983527
86.8992873908107
86.26537086636944
86.36552186837247
86.5404613735627
87.23125887506379
86.95285590715105
86.60896930428879
87.27963468109478
86.8762850533663
86.09230003744611
87.35095514935735
86.62955356771542
84.58290429960016
86.32167656322058
87.14119982293751
85.75285061683978
87.07763846827424
87.26829478248055
85.80829403559339
86.89472015738451
86.57072341596265
87.70661923935005
85.92058355261283
87.46441377841624
85.59525402835123
86.75975093338576
87.76149756334334
87.3497211347067
87.17841367277838
87.44768648980863
86.64146300272829
87.06103097034995
87.32342915788051
85.40832317328918
86.4608701404925
87.52511663844646
87.20053038159861
86.62517879341253
87.33973499919517
87.36874006885925
85.83576208368251
86.82758462051075
87.81246652094102
87.6592070953627
85.35941107011784
86.25040403930753
88.65220036461224
87.5945615790771
86.41961906994071
86.29006211007005
87.17716227594589
87.9409859552904
87.55422350958679
87.52125753482674
87.04214375298346
84.87294108243117
86.79589514234857
86.38083107939016
87.3389711795384
87.26835525444586
86.42009188909404
87.85418974210071
87.55689098265337
86.35696940111107
86.72241479774128
87.7821165536274
87.23119129805642
86.68164774041091
86.6136332017418
87.47239070799866
88.18868361180759
86.40566140737366
85.92029418526245
85.75691624894195
86.42611003722442
87.17804480998366
87.39495137118958
87.17151268506666
87.54968511334609
86.72931616303364
86.42250434448451
87.1744377132535
86.83374739218335
87.29403630645777
87.31705586049313
87.35441189718598
86.76442296354799
85.41909234062241
87.36764160202614
86.6547133377717
86.74043090590759
86.23739038766759
87.4128984186226
87.64486253506436
87.57431444819117
85.92348852385791
87.01409035199919
86.8981390892163
86.17336717007944
87.1310757617342
87.31638036630554
88.7260107108949
87.97948330338228
86.87883613439129
86.67715536228569
87.11477568203459
86.63153177096248
85.78662453388384
87.26851264053937
87.47755297225295
87.95334352710208
86.47064407090888
86.66484149774826
87.84163498726478
86.78981085885613
85.98271389246935
86.76332299883164
85.8292270376208
85.86460865152695
87.49087538961659
87.039278482166
88.33134395500147
86.09994322623955
87.17927283671229
88.31333105924037
87.38561185436927
87.3502494207669
87.06374269283447
86.31244284778333
86.8789986600393
88.21574409798396
86.68001196928792
87.75902652450702
86.16502112350524
87.0377847567979
87.30909527018237
87.08830335492974
86.47748849803203
88.02004037606476
88.7937334612476
85.75867709941434
86.73670663177144
87.40318084919241
86.52454572626439
87.39439730269247
86.04516940553705
85.95056500055115
86.98939700798991
87.20971332455638
86.02200215331267
86.16130109443819
87.64088048125916
86.93768927787535
86.3493864698287
85.95340145593107
87.00981977762292
87.11972121462827
86.71546401761029
87.05228734342653
85.85241319555868
86.37800246353243
86.65375561164784
87.5046030698314
86.67822280898203
86.45309107207753
87.77701776686744
86.7012565273517
87.60072325113946
86.22728792578366
86.55050326762218
87.66594918221092
86.62693434453432
87.22946819130429
87.26739900101957
86.39892738839065
86.48046315981189
87.12116948504736
86.5035235112213
86.48167132929949
86.471411424111
86.35551374012441
86.4417332094872
86.85544541011973
87.44028274719554
86.8544443241602
88.44129434811192
87.6082094725454
87.38803364925012
87.98671965403652
85.62532632599567
87.07221194062346
85.94313672481667
86.50309295441329
87.00217591568222
87.73661104917282
87.91052841599446
87.85282395001471
87.3568522451111
86.43845412889334
86.7455766101766
86.66053995607582
87.14109694831814
87.16512828374229
86.78876782737534
86.34681536090702
86.96048263724886
87.12282398307343
86.28644204370765
87.29518691926567
86.6297665309805
86.46475342276864
85.77503025798231
86.57525793337996
87.31670795674334
86.92695562600781
86.18693796841882
87.26420705945485
87.2296452838139
87.5117777774912
87.73132698367448
87.3331117335057
87.3106223125254
86.29247120319677
86.49975676861213
87.00860089515963
86.64310361605025
87.27746546855958
87.62257724308195
86.85124286382292
87.88541078495591
86.04355009352888
87.49410660585836
87.18862653126949
86.75798003003507
87.53323520142237
86.90814244745957
86.00003371538668
87.12258423509937
87.22334594615153
86.85172819861063
85.65172552195622
87.98334742420678
86.96223726674444
87.32916189169418
86.55480756448267
87.23902643989464
87.46661396118931
87.43094268526337
86.32126929079094
86.36046677185807
87.29709292570686
87.40427380114146
86.94197834403059
86.91194289072324
85.93175286911863
86.32554885281863
86.63372842649456
88.01340640084032
86.32061301032105
87.51764088651446
86.76940683210296
86.27800353750906
87.06102766345253
86.55006966108844
87.48559747910451
85.1323338019094
86.02303126193495
86.27541095523115
87.64309181636622
85.59722471785481
87.90598264769561
85.55898206566904
87.85801912245097
87.16260184288764
86.25702612956975
88.15778576574533
87.09757227731286
87.53973660546963
86.37978865597462
87.62247339919685
85.61491254629036
87.2227253451543
86.38569227900106
86.16178787287456
86.79128771358
86.71983496804337
86.44378495008493
87.01832465088489
86.71299755440246
86.67634317814797
85.71015486842623
86.441142892218
86.96243197605708
87.53525286606461
86.06209387245764
86.36151232059937
86.05477798791678
86.70568766737622
87.7942438350055
86.97023382809266
86.53828889815044
87.74376201764777
86.7115021180471
86.76026444053473
87.8662868001728
86.77597711477429
86.82894367091053
87.36648248068
86.00596129080316
86.86668744096411
86.15419537973457
86.15713889062461
86.7777792256437
87.57285061447793
86.51949169423537
87.12486539239649
85.19345073041293
86.72885121611937
86.59058777514765
86.72772963655467
86.05734722692493
86.85684041808132
87.53529620433461
87.18949901731536
87.1008256886377
88.12384973716485
85.93516266452858
87.71538170459105
85.35385586480476
85.24217047368977
85.68905340500058
86.78598468059178
86.8600185154097
86.47915726667156
86.07710494135519
86.71348012432622
85.54156714005578
86.28551030335692
87.07128211853514
87.15523038603972
86.64651379994186
88.16730907396612
88.38290595002385
87.26305401651234
87.73217030910018
85.43656260522629
87.0928351247924
87.0186303389444
87.56517517587962
86.56366887760815
87.1162049735463
86.12003215576385
86.89486489979691
87.51922068793752
86.74518631103746
87.42765339083742
87.90458591261694
86.88199977103285
87.23236806399086
87.16246893545015
87.56730920095173
85.23673789584691
86.277320498891
86.62061115563499
87.36953530250315
87.28753699545199
87.500634870881
87.73290100274541
87.25534025230341
86.15999668333659
86.82430197481311
86.4591129778102
87.49659018416813
87.19233911580619
87.87483225595741
86.61436283135694
85.93230216596326
87.78334095361927
88.07313043649839
87.71781049697007
86.66660949286018
86.98539396438908
85.0610379910165
87.03564356533798
87.49895256110328
87.18512528394612
85.89334321355665
86.91662879068467
87.4676025374695
87.83125983858862
87.5298733354494
85.46305627405967
86.90514847638082
85.78630877832565
86.02951022950796
86.8319760862955
86.81340470050985
88.06567575111397
88.13288186932138
86.853267976248
86.5669885465691
87.5007348000058
86.89726253218694
87.64476710993733
85.85305738859624
87.41555990933195
87.26182252243763
86.50255193674609
86.88564030495348
87.87849940668823
86.70408338216127
87.87589831158975
86.56379909490606
86.85023260003963
86.41045605282429
87.57448837263948
87.80258512847784
86.42031338112358
86.1392544065481
88.78625541309958
86.74614984470928
87.98271006478635
86.75852696050133
86.4073655981237
88.39191184567937
86.41490755481608
86.26678058730117
87.20179193759166
86.1856076057656
87.95242982588258
86.71641196836885
85.55443469241641
86.87908301681723
86.46572843904367
86.12399710919203
86.39793638065939
87.05994019933262
86.86669545277687
88.28081902167867
88.30532827698758
85.9811470443681
86.43347789935146
88.22185119455511
86.38622788652131
87.29096095437266
85.34110135156529
86.45787866571062
86.62796910318502
86.1098708641297
86.33177124444148
87.03436785275386
85.78029813905354
87.4937929969017
85.68815005654575
87.07064972273542
86.20873836747249
87.4242245555966
87.75510750584081
85.44577644798844
85.80493990190365
88.12206491675266
87.26610492548217
88.30758199606876
87.06335296276535
87.44199143112293
87.08849180819384
86.01266823456882
88.38054719125222
88.2879162442301
87.40304613550417
87.0508611503134
87.56623370683782
88.41969753967429
86.61146304131377
87.62457257552033
85.84357716215276
86.74928254528638
87.38206381799743
85.86360509727095
86.4194930527819
87.60196907503804
86.79788750714062
85.91414436306579
86.83252856232271
87.08267490214745
87.27886041428503
86.18445763118515
86.08280383125184
87.66925074198576
86.72817106987169
86.71989835554893
86.62622903174088
86.0800106729639
87.15055204776306
86.74044712260651
86.57613400196452
87.2604046529777
88.1542801296597
87.80257556441572
86.45290473629528
87.19182368861088
85.21407145557339
87.45981214752095
85.96351013127234
87.33389134811607
86.487670329081
87.43171091228368
87.46258191007912
86.91413431050965
88.08800388857229
86.12582808141181
86.38725895353251
86.33273201414157
86.61806789796282
87.21733959765031
86.61370614437837
86.83846053372153
88.67290082208301
87.49182661653349
86.72645298820693
87.418646495694
86.70741259160046
86.78409705085615
85.90266435647526
86.2549607631488
86.43757276294296
88.16739768523979
86.83573010870242
87.0743610689972
86.881822775842
85.94375756518592
86.69705908123832
87.09379392985385
86.90599054171096
87.00763315421672
87.18814339862595
87.86608463141465
87.0015312813232
87.62801367522768
88.16748670654384
86.84097879021652
86.80234876523711
86.19171322970446
86.85550066133156
87.3031883719866
85.33935019104109
87.34683757538726
87.43833702823838
86.91576557295677
85.79551791490844
86.99234673601504
85.56732336140267
86.61461148826268
86.79506310660956
87.25760644272003
86.59503353265698
86.13402106449546
87.28340463532696
86.05328631601508
86.75784962628546
87.79688781589972
87.3878091386703
87.26201614530741
86.76211075719986
86.75621222396568
86.54505497632428
88.04189851763938
86.20585144550974
87.90980097288285
86.34817832140325
87.03861946407999
86.75165148802776
86.09683934513994
86.89180523461688
85.87174925995626
86.91760556969882
86.52312129521414
86.71600343641556
87.28710973191994
87.23028965061151
88.01209570386655
87.29975946406104
86.66080500967672
87.08132909475074
87.49923628011759
85.73900035772053
86.81394812621451
86.5040816736986
88.36815398807856
86.75294872698156
87.05662518866902
87.4625024134403
86.364191779488
87.35753578565134
86.81976641986947
88.24238555437081
85.7778758813607
87.25115338419387
87.47288292238079
86.8510437385175
86.56254421432443
87.270020280058
85.92772134037324
87.30553611264372
86.77157284508287
86.17716378568242
87.26972856122956
86.85388573331878
88.26412255133663
87.5078128260544
85.54394503192628
87.36785143391215
85.95941005760068
87.57617995255644
87.42760718344049
87.25426054109936
87.53820823286804
86.37428608410491
88.21213211899287
85.3939826407448
86.94879937576314
87.73358127266722
88.0323504215865
86.48378414449473
86.49813805647226
88.01655075723636
87.49232566063013
86.10542438445341
86.52600818893887
86.94414710500878
87.84207604062208
86.50022371796997
87.20596694372378
85.84632111470907
87.34874298078977
86.63742363638812
88.51058990169923
88.09367816152724
86.62970953247981
86.77406745269919
86.40563199249586
87.55844500302786
86.76439405224724
86.62325979107813
85.88671949809216
86.69621444955028
87.33774468785685
87.3276403036103
86.10866186797153
87.90886207238263
85.94894054887928
87.81926812299473
85.847479895444
86.13327954286498
87.39643149929852
87.19248006503265
87.77194570827312
86.7345785451742
86.21825037145557
86.56865642260865
87.45899281178805
86.9468144145887
85.61725941185757
86.51674533412083
87.11013443127466
87.49098302487799
87.38772164090429
86.96589667108458
85.14655384316558
87.34345182909024
87.07478047273209
87.00226488913056
87.28039945896788
86.93707492003753
86.32055309421428
86.31308126078721
85.16490726689038
87.1625873271462
86.42214129706268
86.40553975891468
87.77567327430968
87.77663809637349
85.85165154543752
87.50885626069828
86.09692165091201
86.85160942952473
86.77240952159437
86.57669829378113
87.33578469419133
86.8488835160174
86.7457473602122
87.06830946401436
87.62703971969519
87.62388284377974
87.8446959775735
87.06164868570607
86.23644083484959
87.27687412452353
85.77921265194867
87.07687442370843
86.08303344910591
87.51005809197586
86.82083886104442
85.96551917257221
87.29434872137846
87.14533011035549
86.18479096044543
86.55273602813403
87.1194824151131
87.05432500716192
86.99716081557621
87.02409567314554
86.91873401065456
85.19331800104494
87.67897341017128
87.46149348951218
87.51125464651726
86.30540318973614
86.21557645508331
85.942087521833
87.70538059522927
87.29230530606317
86.23641139793727
87.00569879528942
87.00373301391852
85.78462448704013
87.0374164627683
87.57053428565685
85.72752616953527
86.4950974747211
87.70575764889234
88.06980733429383
86.49945490559932
85.75719990757811
86.2883334712519
87.25077600058732
87.085374111678
88.01851459075766
87.1608635418712
86.68861896275773
87.90621939511166
86.10052967254056
87.79228492143953
87.98525230394644
87.88847812922644
86.03726206585002
87.40417311172466
87.10906853575081
88.57802238956623
86.35471997988982
87.0476704207892
86.75744206651618
86.37067983957249
85.97310586671321
86.95848413365769
86.76985999544361
88.39394424721179
87.48695812988122
87.59471563419945
87.09150301352614
86.96140745747836
87.03611810318365
87.18319852339621
87.03593223716027
87.16824381048711
86.70991805890029
86.77335893638303
86.51488724869323
87.06865012730883
86.39851428511082
87.9711728562108
86.50643704684671
87.5953573376735
85.88741635527093
86.35054503640092
87.51549848284168
86.68422138064668
86.49714460978595
86.52139490516274
87.51183183525356
87.07513522438516
86.14037480309968
87.03904064632033
87.2913595052043
87.27941213229856
85.49791780258593
86.50933045273491
86.7817617452967
86.66092765416998
86.43581969864834
86.6808158914424
87.32087744490659
86.06791517528124
86.32690843045015
86.00520640994522
85.84200308849172
86.7844978784704
86.33102602519502
86.24309166964854
87.8071254366156
87.83582287293952
87.37589746798776
87.15001463095875
86.90829462112683
87.16716909984694
86.7849524508028
86.62251239670005
85.48987862255053
86.98818372953114
86.99086906212368
87.02817917861584
87.37324874603183
87.37822991051343
87.00502770992904
86.42940323419927
86.67395411957185
87.06048977791687
87.00048544565122
87.03072136888129
86.54642573135497
87.7581467780992
88.23005520676976
86.1097326207765
86.70909708054646
88.3889581116915
88.20084975452434
87.38372164150675
87.1215349059175
87.41522525788525
87.024138547328
86.29271826270693
86.1816127200403
87.95167135647314
86.55751972597665
86.88454725033358
85.53051468867207
87.72452085135653
87.04450180877606
86.8432993355186
87.20701228022183
87.42665715949873
86.1739087513289
87.19431286376125
87.3345724518328
87.92415425977939
87.05113716006404
87.12124395010152
88.52928849058382
87.3591696839183
86.36217378229074
86.76367029705077
87.10144005509484
87.33982211491168
87.16887262587193
86.44861743164505
87.56111351043198
86.65984901865393
87.31020681715725
86.84301696683224
87.6669355115244
85.60497756740406
87.23718657038705
86.40600890150834
87.12384007854975
87.91338413363506
86.45628209331068
87.03019506166088
86.7160219537116
87.14273929203472
86.0575512159044
87.58469267188362
86.06014144599054
87.75167761891302
87.06813501631886
85.85001904478804
86.16677787616203
87.00030432241763
87.85119458307955
86.85002198495543
87.07407208954348
86.46533529032254
87.3491108338796
87.12609016842015
86.27267686725571
88.85020529979118
87.8442860729632
87.62603536117949
86.58034092443658
87.6137408624225
86.52950152033583
87.47790344961696
87.39734475639334
87.19433532336541
86.87888622084176
87.41538868157345
86.84032846515788
85.9735069431696
87.36553807143845
87.06222675060285
87.1492861238601
87.07646596341881
86.25117304087397
86.10587614403124
86.40028793531134
86.83456298193909
86.71950388767134
87.88474812519472
86.36094182126757
87.61100224995481
86.85745250560855
87.65962232328778
87.35101240312078
86.6464822552295
85.85254500381197
86.70665475484041
86.54772087723708
86.85972901403126
87.28565074129709
88.35231874311576
86.820032963537
87.31771240711346
87.12206468294188
87.63131632404688
87.26876089705782
86.75975303829142
85.55426383607383
87.97142415408186
88.05487143214299
88.01881506024601
85.24774055463084
87.36903908238216
86.38325103305174
87.61551529927081
86.56661221246615
87.13178743747949
86.62283587638034
86.40133796337099
87.21125020599972
87.36961599027391
86.43910449581426
87.75220309660928
87.8481145108574
87.98574679737715
87.86385691846797
86.73381399382446
86.91554645067498
85.96896577310685
87.0070182105779
86.52076309603106
86.36468818940111
87.06976112289927
86.84263027803915
86.32318104443368
87.26470458752341
86.69598853188546
85.27783603865723
87.40837243332861
86.76542993142881
88.6580447638772
85.83778760959022
86.27146934017209
86.98708161199124
86.78282191255684
86.55012499878963
85.92069435631781
86.73012412976911
87.31037024058884
87.45319131927593
87.33152906029412
87.97320047668002
86.76759592082426
87.10257753446767
86.7271241479091
86.35216643729628
87.2965543883264
85.98780300673816
87.24074320605098
86.13370715902207
87.62278516625473
87.4722168609736
86.96085325808619
88.16398999051407
87.56853278841224
85.69113685642996
86.07636785612334
86.69872686505175
87.0307530185034
87.87501929694918
87.0300708541796
87.38734311645179
86.61883854377427
88.20427799048704
86.14081027910214
86.19714490130075
85.61333081295516
87.66317894739147
86.31931095619332
87.52432288527547
87.21816430127764
87.03816030417899
86.52902291295517
86.87166370188456
87.33407384150799
86.71185169929849
86.9530796072631
85.81029980829238
87.7722788856292
85.67690250803993
86.79485140323617
87.06215476368736
85.48509647981156
87.1291228799883
87.15540031206773
86.68477382078557
86.67990587071601
87.17908812214775
85.26871499799739
86.21618998337993
85.83463144425683
86.14597785372345
86.76277774629719
87.58978863067324
87.72163091906205
86.83744113825684
86.66279171320221
87.49181917617622
86.75962449058459
87.38652091073469
86.0339923302269
87.1772497874557
86.17109507791804
86.73432548377993
87.18046663469009
87.23218889203885
87.7264345444447
87.11490907741965
86.9132012325434
86.90270920664332
87.76904280308558
86.43803068900321
87.48884516549882
86.1233729564171
87.04327075562709
87.21600243132013
87.1333694114928
87.89815222634736
88.48378881286942
87.28423606659038
87.26943127516026
86.88474318116323
87.20942455160964
87.45353219776402
87.64170319753019
86.2033425229457
85.95577089156488
86.51232634139896
87.1634461411624
86.9480528705071
87.5451159151732
87.13746238537146
86.37459399568024
86.94656105031687
86.60160350940635
86.22644057838282
86.41037167203304
87.07127529003094
87.40504723114395
87.24120011940563
86.2321756634746
85.57763083353949
87.53988974843412
87.24918001310427
87.17676299546223
86.28864130499538
85.92880073057204
86.9958728461417
86.08754746504582
87.10445826258753
86.02231019829037
87.51396773137893
86.29364925050663
86.0578861198204
87.74237271981953
86.88056801054586
88.42901374332656
86.67033688923208
86.18395657774835
88.24346896232625
86.7442644617619
86.51968594074823
86.84266626089749
87.46557691322015
86.43483475436173
87.9295349275843
86.87193507197684
86.27884686832931
87.40895504593246
86.9079208628882
85.7960516208108
86.60123340400183
86.2712177437391
87.38695773176069
87.69649859545112
87.35287433631447
86.37485831742292
87.31972374437888
87.51512222255715
86.46888548704247
86.2336914030108
87.19678884255823
88.57861975098332
86.77778611562923
86.25464459552151
87.50995715750396
87.54105876328653
86.5571445680097
88.00009686663583
86.65567725339032
89.07318522001069
86.50496466797107
87.238514788469
85.78045979228249
87.0016963878516
86.2565277227947
87.7769021883642
86.83041446042692
87.13394274208446
86.9775317037063
86.5534939782222
87.39134255382507
86.3561851027973
86.64307719540646
86.51087728591258
87.741097604168
87.89481117976219
86.72716957985587
88.48722495027464
85.95215390090499
86.20141056756808
86.70170162455993
87.90434149398142
86.10060231665233
86.84445374177311
86.08131980924615
87.25482974545095
85.75630948384459
87.83729351429824
85.83226278942853
87.10355898837383
87.01578248270063
86.68200313571842
86.16144223100834
86.09526626663593
85.9873356490431
86.66553925721698
87.1384855697441
86.99905417213567
86.5919732683339
87.53857567899402
86.2898277474787
86.40295651972508
86.31091209308761
87.3286668678367
86.47229590254126
87.41513284889068
85.6208456397136
86.23588939271401
86.32739013482731
87.34631093914093
86.99516691491178
85.97100412564903
87.09329743037364
85.37898347980185
87.35077694685363
87.32280037429506
86.64388801759118
87.49048608186877
87.8605842156816
88.25737031727104
87.28001581119902
86.3363701572238
86.12195735309463
86.20814487905261
87.68141961594597
87.05635019368218
86.08772749510585
86.17934681595861
86.73084071294139
87.98628887489086
87.93244954545378
87.0814508088631
85.64050393163485
86.66765706970129
89.00760309466324
85.64755283266118
86.14460147236159
85.30053232090434
86.65972159701563
86.45959005830146
86.81373913032253
85.67234930246576
87.2173253578993
87.56569922132
87.34846245180826
87.16797057287613
86.50207214326049
85.90948157407581
86.44436317648702
87.54678157572995
87.39282943980776
86.68023574440205
86.34944123739444
85.72990710166742
86.32416831492385
85.86349417453559
86.82994977839162
87.1845375750888
86.6143556020356
87.08073697253356
86.75361340283654
87.75301536704244
86.03968068665361
87.23336014887337
86.10834094655607
87.67046101143988
84.98972179644403
88.18255394704866
86.53903335785677
86.77485624375838
85.96362777912087
87.25415533823221
85.77374072727359
86.07107960517129
87.42511012498284
87.63861415982618
87.17703251250477
86.61130888711756
86.65577727947526
87.09820930588631
86.03457138773493
87.11569284787937
87.20174256287963
86.02472276167276
86.42656972132856
86.89862982080334
86.61081415647226
86.56574139971984
87.7732800021646
86.87772664208411
86.28247324379682
87.42441454148035
86.95037509255774
87.67449047278949
87.47157593702936
86.89066576563975
87.19729213637373
86.53083450925499
87.76077986749439
87.27483529822888
86.68047236794796
87.0189685124471
85.83206177909587
87.26925362185747
85.97878315218563
86.35034976054234
86.89380573307294
84.73206108656868
87.22964689457676
87.12309001361967
86.86847144636552
86.38312198022464
87.70506287452794
86.98001961732191
87.51702425579875
86.34164865028842
87.83860501433739
87.0725261533916
88.04933929714223
87.56342858140228
87.53700774208014
87.70949561719635
87.567276196761
85.59222566377439
87.03740008812734
86.52564636271133
86.14699077419446
87.5498500630275
86.39866712918666
87.67915669398607
85.08103177016504
86.59752793125408
87.6333178661671
86.35945227977531
86.99687615575493
87.86228015086427
87.05810564423722
87.2594956986668
86.0192974959003
87.0305769184046
87.81219303270936
87.08284234210322
87.01025465223891
86.70229050834651
85.53247644354276
88.34240961889385
87.13419275432408
87.0414428260485
87.52481267068606
86.40416552008335
87.87646987920236
87.26904443760422
87.4308138409138
86.97752071912929
87.87897534482236
87.07267851332278
88.5861519092704
86.61202040099202
87.35567277655643
87.49408021853115
86.64585104035562
86.02657758176485
87.44748108175388
86.88368022795436
86.37426666316176
87.6773475444626
85.78679501097953
87.01644170205503
85.65092378533478
86.4833204894252
86.56074200681493
87.29525584592473
87.36913458368831
86.65553809806123
86.14667978559103
86.7978190347538
87.84416149431516
86.7660678619381
87.46291133415669
86.71253245525652
86.63178242750473
86.11389892588012
86.05693100302213
86.79531517516985
87.5671755251766
87.71178010041547
86.45799573125086
88.09022918898343
87.25161729556116
86.39181277285783
88.46756656139229
86.45404319700302
86.74772326292293
86.29784660982361
87.56837654470856
88.42858335908478
87.385933690081
85.7296182638232
86.82129123976117
87.31141407118612
87.19206171322189
86.63308083841038
87.32050821146093
88.15509650326099
87.69299481320135
86.90948446650093
85.87673815448593
86.57728759279584
86.18035533598685
86.5333575524653
87.01277387016957
85.87299258784358
86.11600696887983
87.38769379785408
85.3520812198854
86.9271633697787
86.76250140168838
87.84287978447708
87.371141073036
86.78248845302416
86.92469674141671
88.59919629747004
88.24189505968235
88.11625295319422
87.16650862050706
87.27348420120823
88.00903386629012
87.57724721247901
86.80881219048723
86.83893140716236
86.41080083665024
88.14646406308717
88.14415718243004
87.21376792675066
86.6116906602957
86.28076049017331
86.45899000310082
87.67798456502054
87.41598658823402
86.94782823866545
85.9295906841897
87.84552417067638
87.2580804389965
87.78817906637225
86.71215639638794
86.74627923890839
86.98299488803937
86.55535616418942
85.87762954967457
86.68424063000892
86.9061031305822
86.399182804053
85.88824627775877
88.09968438530298
86.62604678338738
86.92896711990316
85.64888933427572
87.5391797903183
86.39658786709902
86.39129324602861
86.80633088903566
86.9225248716991
86.79679340966356
86.81946605712413
86.7678601453341
86.26497855554864
87.18547362803022
87.95227806585073
87.70414885762777
86.35534158067406
86.9693281874348
87.16658468730041
86.47809877505509
87.63158204972707
87.36652484126216
85.95814576954983
87.57943909509906
88.01397502785728
87.25683796365036
87.87278312145078
87.40445355961096
85.12653614820572
86.25114880924946
86.69719892275846
87.29313475945773
86.85252255762406
86.25833885533686
86.87794730728865
86.98201825760115
86.81444467862102
87.36606001786059
87.64583046223171
86.12550538947593
87.88126273123042
87.76413993629407
86.22961907962258
86.07058016921499
86.97132683972087
86.8631108466792
88.2300514377717
86.44394972084416
85.71769859291022
86.35726742696836
86.35570905714117
86.59971666029305
87.98069647339729
87.71531944135376
87.43294105899064
84.83467375937252
87.25642703788726
86.8154084319154
86.35886660230037
86.6680621413991
86.34140875369786
87.12596907563768
87.21382643559004
86.69368948428378
86.83089398641607
87.38086647928931
85.76630684106276
86.79697131304482
87.33359048875764
85.56528032668861
87.0222066482087
87.12805827167459
87.10504905037855
86.43729871958199
87.46837440276312
88.1083382400272
87.33967463827939
86.69355984552014
87.04167379086334
87.9575599744264
86.34600856409533
86.92493406101335
87.05802601838374
87.63459162508198
87.86160588406321
87.2507938889263
87.27254698305237
86.065619470317
87.6206346226757
86.6317107156521
86.36573613212347
86.59037502441922
86.73313728610147
85.63897299486295
87.73141891029094
86.69393794832665
87.17921347876039
86.43209094062404
86.39923981799761
86.35471660205529
86.51530917745285
87.16544456637823
87.33017182345176
86.82713921571255
85.78336374664785
87.7499379422824
86.10183585200565
86.80113200468756
87.06071168218682
86.71127855240906
86.13722833525229
86.52672867027661
87.05783009329419
87.53588728419187
87.47282234620974
87.85872582760118
87.31870031979902
86.475951054337
86.45825019753364
86.20209580316936
87.33224112846959
87.4854935434779
87.18686291759889
87.26472768862503
87.03275295208904
87.2771731141647
86.6518317982344
86.34917588274656
85.97833863240967
87.30026251975907
86.96726914031335
87.22928148400655
87.51778268478422
87.19165391654926
87.82690988902077
87.25471192931069
86.4055260244805
85.183661932489
87.28900367699688
88.10436109074418
87.15309906920236
86.98830561289806
88.20472574155225
87.30550220118067
87.86255561403851
86.04078077551316
86.47785391508197
87.6409092161347
85.29131077560682
87.76488163914199
87.21013838541668
87.13977085478247
87.63914117759373
87.00298688588907
86.82968577493854
86.33226235174122
86.4211567801741
87.57423123905012
87.34863069451383
86.54477496759404
86.27123300332347
86.09361197535854
85.30703691256946
86.51973258569888
87.1512520816342
86.33867793844539
87.0733203545063
86.11548289678271
86.85419996173766
87.11262694509767
87.2749936534781
87.90121828986756
87.73563350758938
86.79400099345511
86.26660348185393
86.25136516474507
