86.40836612019245
86.54415808477322
86.03825482278889
87.00514438541916
86.66633818927993
87.3064812399317
86.73202483209622
86.89947334955153
86.04435219358047
86.7968308181396
86.7675771019766
87.04616408360802
87.13767971570552
87.36000897862263
86.85656365979187
85.28608969248239
86.36357217901632
86.65302551538737
86.4503142157699
87.65148055978068
86.6388728724488
86.55958674222617
87.105854025984
86.99158749071607
87.59818733573955
86.74164914310322
87.22750852298766
86.31728417652381
87.32430870471386
86.92219149738807
86.02117696181828
85.30313130453582
86.58695889838573
85.91784026458552
87.79104587116822
87.49532160627248
86.64475094077511
86.93245240926467
87.4751724731985
87.55845416842718
87.37380526387969
86.12913694848292
86.73193392465963
86.26021669968563
86.68386671920068
86.72685931271239
88.53659922700142
86.21257239397137
86.92925922562338
86.00328559850449
88.27697434018773
86.15194385573793
86.96665993037445
86.18560651595593
86.72909560913183
86.46736861448491
88.063544793438
86.78799544029819
86.0067396883764
86.77521417713598
87.88594892811636
85.9674754200647
87.77925140320355
87.87202660894607
86.96607397700977
87.11786958300515
87.46628046171833
86.38255627035218
87.58246097899813
86.70893332983565
86.88846254900953
85.93244989405362
87.09740216818061
87.34091553753531
86.86140810543095
87.66332732528568
86.00716822639127
86.97982784244435
86.71238226453018
88.00057668008779
87.55902579307023
87.69053611234412
87.7041393912506
85.92486675171779
86.52333192833912
86.44827024076781
86.81170411422659
87.56588192665915
87.28628011273322
87.29139239479593
86.89953895864211
86.0164216175306
87.21010482330726
87.29815472764605
87.83506791177417
87.43672500789721
86.53619070732752
87.34642929777608
86.7298616507679
88.08785029743316
86.75325391302516
86.22303854296969
86.27303183703224
86.55114830114016
84.60652219177693
86.76956859297202
87.54530932195993
87.279793458982
86.29414270410597
85.94056571646502
87.48537398662154
85.74691637034677
87.60780349116285
86.03250482719277
86.83715484727672
87.07267748555802
86.14602027336227
85.7387258944667
85.90762484835315
86.50650400626844
86.47467591007367
86.25967388040553
86.1956172592787
86.79830315549286
84.66176071374049
86.71467378856674
88.48978666104819
85.98054691104517
86.09297202565403
86.11404634138941
86.19742850294364
85.77074324710624
86.74271056770861
86.9598504171389
86.99995225259127
86.94790288579294
87.50894337879052
86.54433365801944
87.59450504513713
87.76573188275144
86.80025833567927
88.61523729551865
86.41026637527094
88.35059729993309
86.76983675116179
85.05237417008716
86.8122967928831
86.82339890639089
87.53792423000735
87.27014860625904
87.0188536532387
87.02962901010903
86.54377670062924
86.558112119916
85.6932700055676
87.53223340218055
86.91913648763943
87.5719205554667
86.83859266319133
86.9016059358279
86.81147638273983
86.83014823652945
87.99311330206481
87.46385545609925
87.43715937930078
86.71370378010226
86.45042174429801
88.17826216050707
87.08007918282918
86.55274812192542
85.8598838351
87.48348631499064
86.73016296453845
86.41495589756117
87.49096119204467
88.39889780626535
86.41200210473303
86.35931661906312
88.11666083890749
86.06044740369092
86.57489141005941
85.79025683670561
86.4995512338051
87.14397591998343
87.510521754167
86.8140048126509
87.4519957369996
86.72465286013497
86.69007657067735
86.59554638244525
86.61728719286879
87.19463045895671
88.85575990102443
86.59453401738946
86.60085616730791
85.98623640265006
87.87612042666763
88.10720435736293
86.95938600403169
86.4129079467887
86.98266802865878
88.48974488671105
87.11172141987461
87.96879820433406
87.46885894543999
86.0353083794545
86.98946603896435
86.85159649928742
86.36869894469605
86.91812745571957
87.58590609988622
87.38159790930813
86.29220877635808
86.8874991153836
86.45206080288017
87.0293255834069
86.61383417954893
86.86097065307847
88.33391700158452
87.19500733070267
86.95347954742908
87.52879416237037
87.22808008467375
86.79852172317202
86.79192439848975
86.91550948580135
86.67261006727743
86.42611722288636
86.70132742270941
86.13955745698958
87.50762967181483
87.03218370880323
87.61868093976352
87.58648553642631
87.23675770310275
87.66202957918726
87.36172615400629
86.89429610883731
86.9890051143074
86.33172845089037
86.20077569650215
86.5245188321028
86.32033883889238
87.60533893980374
86.71305863317983
86.4665425726599
87.0120876792083
87.0243351613009
87.42915068385618
87.06240714952357
86.13901315116078
86.37005414101925
88.01834108355042
84.88117197180496
86.45014811297497
86.12962732059835
85.87260928509627
87.9232712754987
87.44647220369457
87.1707675587689
86.82745327086774
87.34432771195218
87.62171561137626
86.39277296056056
87.14794236555511
87.27637065594499
86.85720631270968
87.91944712787152
87.29190903997237
87.53455422290219
87.60395122836634
86.18032106388578
88.32110102264654
87.96044209362306
86.78607557107692
86.90064004103685
86.06487849296346
86.99441525498698
86.68025753067053
86.79820948798617
87.43091363581262
87.16340376815822
87.1794879528306
86.7610608371736
87.17032192502136
87.61114328979063
86.74349475296594
87.9162569073242
86.83641479958843
87.61260794812902
86.71652356831676
87.34228513910489
87.51450192679883
87.68610433603709
85.96714206388741
86.62143623966928
87.56130696466845
86.26011885527713
86.59126447443137
86.39777090856644
86.95271684109552
86.58745124103106
85.69748875320234
87.73868834115575
86.81751753969509
87.7581800871984
86.70532464311916
87.19723343851237
87.72573272220785
85.64480005718339
86.03610056022143
86.62964060680787
86.92820860713529
86.34720752457763
86.52492325237822
86.1024156949214
87.16784850631441
87.09734748052445
87.19694906428849
87.56129977113957
86.4350358580627
87.50288190627674
86.98474869216328
86.29453517181243
86.57007264029312
86.39377422976973
86.64992711458792
85.83218119158398
85.26002432343967
86.77242777239199
86.11859149388707
85.86991254948492
84.81611579712924
87.0443334259408
87.6066807759854
86.50422898143088
86.366086284267
86.61438812321487
85.91722723790231
86.78849229076634
87.18218248080905
86.06608865931298
87.33755921116482
86.27997743917079
87.0937950849042
86.99495499545968
85.85188898965725
86.79492233619847
87.13338927016741
87.58585360658746
85.54156549751735
86.40342875340981
86.52629170000064
86.76522842338824
86.7610649359701
87.87999456338409
87.10599929601116
86.7903273309354
86.12665665655938
85.8615803182049
86.29132059855147
85.96132785443069
87.80626245710923
87.70437596196813
86.82962001223211
87.05813986778819
86.89486044800009
86.79277176243855
86.25308546251776
87.38568847658256
87.78737231407939
86.87362050490604
87.85733746419746
87.30591155059577
84.72698160922266
86.471761990561
87.56408293718601
87.13635364747805
86.91116149078398
86.30164520622652
87.36798904467354
86.65402460454986
85.44074363375593
87.86732918250483
87.10659461274084
86.97093392599906
86.32157398011529
88.1628106764408
86.12115056947945
87.3024873838055
87.07694687488596
86.89411935393586
88.01787918145277
87.95992005406546
86.82588099423715
87.02631533676846
86.87591980984395
87.8758699385987
86.41645599428199
86.89267017722383
87.06615451722492
88.1390090136104
86.70239622781277
86.28713008663244
87.03603489676446
86.53449102090573
87.24983633155553
86.11203413462668
85.91997664776085
86.24681046200982
86.50191150489212
86.96766207416064
86.75428899080006
84.97422949847027
86.5571512365236
87.45006904578835
87.12817069752877
86.94567500514124
86.27680644140261
87.16356552968564
86.89132477917381
87.72858833124235
86.7492864495686
86.71162290881192
85.83741828197871
86.88304069320158
87.28497173901413
87.41419355189886
86.92881422108202
87.2968828336473
86.31906149070535
86.38955984017963
86.48962133952685
86.32268152749326
87.2237557171095
86.44512667627903
86.79617085444328
86.38651818586719
85.9180716253013
86.89415206099055
87.4605693008654
88.55708768672801
86.02772261885126
86.40195689380947
86.97367496291251
86.15134087064249
87.28960831893272
85.2663119313098
87.99813630435726
86.44053184866202
87.01183277558242
87.3702039599364
88.37878822274074
86.1586612276841
87.27447628592233
85.93569768043979
87.63428805774262
86.11964111951717
87.84279104290304
87.03114964094709
86.69813168175679
86.16696122837685
86.28230627962623
86.03427112280391
86.27238883874462
86.54599201385444
85.48504030295803
85.77909824645033
86.09252096275661
85.89589752418767
87.73734003840391
86.0327928711071
88.0276061527845
86.98032469685097
87.14958184065591
85.38000096026315
86.32330981472397
87.84021886630944
87.4864114692919
87.36420764650322
86.6634903022903
86.91945290013768
85.26087828909384
86.84214842033374
87.2539097365643
86.03978636177256
86.88725962898515
86.78892826456274
87.5852715483831
86.18529091291295
87.0170610482487
86.89427960908985
86.25443502636406
86.03035707150784
85.12493819131903
88.17598050767567
86.91329508884078
85.86834818239691
88.31172188184132
87.3920685960269
87.2713226243865
87.34060367810501
86.77413568792181
86.8885743981959
85.99324065550904
85.89597720876218
87.4570399288491
87.40213276290326
86.41606666655417
86.64888888260074
87.37575170871061
87.7380276418249
86.93700877640835
87.47162895196021
85.96358494346445
86.75893414748167
87.92292207418896
87.75930532803433
88.99785186351309
86.15715788313608
86.64191392743439
88.00525708730831
87.2793597663627
85.97796898259902
87.81458936917768
86.92127698334818
85.4736879896756
86.6863969519974
87.11824337770338
86.69027008293384
86.79254141482076
85.30062509107252
87.7559641970738
86.55576058128273
85.95347438915698
87.15533734848026
86.94525331388262
86.33226593005035
86.49418300206108
87.864471742332
87.73621038793894
85.67425326010675
85.26378268705771
87.42017592194607
86.87629532232057
88.17225639167766
87.15483091375582
86.37301182299443
88.16801410136803
87.03407124577771
87.98449132359042
87.31897053792243
87.24178016559748
87.23782916871765
86.31984021961674
87.406770233263
86.81099432751151
87.23995391857974
87.0505212078223
86.50792529433939
85.98710679572713
86.95391625047333
86.15423362645811
86.78011903143585
86.659147758055
86.79022301520999
87.0330088358274
86.32148525551617
86.64244271322325
87.4882191805569
87.14505103535504
88.02842859717946
87.38933019498648
87.92699770064041
87.5864413387717
85.32932173092405
85.92556238360982
87.19225980664937
86.02388970543112
86.03098647629058
87.95991402768469
87.66233152178455
85.51093654157836
86.09131368579853
87.63943808335733
87.40721461325383
87.09440746240816
86.29400835648701
86.13353169346777
87.98689026684913
87.71066329476162
87.60287185554462
86.45613228786549
87.77478520901094
86.4812657011629
85.72266742699291
87.20320605607826
86.05933922717944
87.41517560356449
85.82863892246625
87.30914976634442
87.77598545174715
86.13644908093477
87.77008950335488
87.36894089745235
86.73135657388224
86.80541674645333
87.58774375150105
86.71554521065522
88.51716536895609
86.00502906525757
85.82652356646992
86.34231354997475
86.89490635124699
86.42599985847313
88.97784237206834
86.63530246235348
87.28430053534996
87.69526250487156
87.49773792881109
86.97740406772567
86.52246548474638
87.2377564795918
86.14417492647802
86.6705408666663
86.68462143884217
87.93110359284064
87.43433847894575
87.04741732484642
86.83280786447901
85.5970872197035
86.87227224404604
87.61965714744646
86.12588567665955
87.78484380243246
88.0314461029592
87.14422485762904
88.85385565277042
87.58071034750814
87.27180562344584
88.03008242552475
86.97635683803762
88.00003444818354
86.08171874684054
85.99439647307207
87.65319604748704
87.75768020543629
88.17580022499277
86.09065761376976
86.55976428137932
86.35537322127547
86.13377546184849
86.51936711090552
88.01801163158751
87.46653623685107
86.59040670664747
88.51602128052572
86.1934560556932
87.66407647868603
86.51870242738013
85.51312240784976
86.5755034664656
86.8562308761164
86.94832399268086
85.54087190526853
87.18686551825574
86.70024184576026
87.44671862767908
87.00172826676666
87.06401175109406
87.17766266709671
87.38652493454005
86.98104093468659
87.27341639288997
88.78367499885967
87.24104778686468
85.35910565779622
87.05054483121475
88.86685316935028
85.85395782251763
87.44761326742517
85.78538851185219
87.05400181497065
87.66460749084608
86.82555693724521
88.73852539956556
86.75511424540663
86.79801415635261
87.04355361270895
88.21050007555867
86.8038105745563
87.44378020345293
86.33332958315835
86.7795157129201
87.07898064409893
86.49565740589044
86.54221623463043
86.77842460566562
86.68281715750177
86.15730725531796
87.16787303987373
85.70528805071758
87.20952942057423
87.14488525357885
86.71152296377119
87.44049607636539
87.08328597649032
87.39985002339517
87.6443997360361
87.35342129377968
87.47660801310042
87.79086175478508
87.72975263788213
87.05846812308026
85.96797399487751
86.22224276242576
86.43175173946517
85.35586560872228
86.75004046238729
86.23141490575094
86.5585933459575
86.86391503405432
86.13714224855573
87.0255612573302
86.99100939796794
87.34892766682667
86.77049574782386
86.00939515339543
87.07742923811543
86.47259658797084
86.70893050421788
86.73150206199564
86.44499894239841
86.93681998335417
87.06502137518095
87.22639862596817
86.16834800589774
87.92850763415645
87.05441042246416
86.85355702108424
87.61983076295657
86.80386819415234
86.76310745284383
87.4550711861262
87.00167852472148
87.01574741898322
86.96658526709082
87.910384920863
87.64329940591145
86.8213159386079
87.25009071344404
85.90606740120707
85.94026936668456
87.05818437521229
87.32154935058881
88.33771359469233
87.01937651796997
87.88158126736077
87.20107691099163
87.25953707206843
87.23438898079434
85.53452495235037
87.2394507473929
86.5785111289515
87.29966791242406
86.78595877661496
85.43858866510799
86.74692183658213
86.7407238353306
86.58792938230327
86.70794165725792
87.67936359421861
86.17188152053588
86.08402570803763
86.72531528320599
85.94922633813064
85.980606695568
87.08435864924384
86.85387369543668
87.18084936598599
86.613820476159
87.7314072102601
87.54129821146269
86.87527687932318
86.2584930259435
87.25818671658597
87.42835354076956
85.89520961917043
86.82605444494331
87.17751861868624
86.96931160464571
87.33849694107626
88.25260434295821
85.6404607230453
87.5491559939785
86.87168772572252
87.40336267183851
87.21390493700974
87.3902483599452
85.53160554683534
87.51704475039645
87.11242076063719
87.97547007667167
87.17891849038536
87.33549843446396
87.57789266832137
87.13266921642813
86.56465096763587
86.87945846118532
86.50229021604008
87.49023118427483
86.39225672972977
86.46290658519268
86.90763836280067
85.9228148629243
87.17717637585855
87.14779999330275
87.62691340989524
86.29352761173801
87.70040544999576
86.29692005901339
86.42138399358974
85.74882448829983
85.8820527831062
86.77982022791026
87.82170362920938
86.22886107138345
88.29749639062025
86.44678907741088
86.77011368531949
86.73190999918386
87.5066265004925
86.37559583822959
87.33199083534214
87.7340197851939
87.45425295081338
87.38678227405508
87.46142200701118
87.54763353783581
86.8213178780722
87.72963791461683
86.91738190623636
86.25748469826375
86.75982739338289
87.4536721855815
88.33478836251892
86.60267207370515
86.91740709117346
86.21989100261133
88.49486766501198
87.44093167597161
86.136501093969
86.97931576178611
88.35404792205473
86.51146955198253
87.04026364409768
86.57746391775426
86.80194695423468
86.43443537230995
87.76504096845042
86.30437319840583
87.09837525448695
86.92177797371693
86.46940597580132
86.02961165724898
86.38267817084727
87.68361960345547
86.97631916868148
86.6314453025066
87.03964094807647
86.2842209344834
87.18237891969655
86.87723354995434
87.54320630760057
86.93678552779382
86.76144806404967
87.11009497022098
87.13356740909232
87.68083338724173
86.55352164365347
86.96008968906767
86.25667167891518
87.32039590328124
86.4755475214121
87.19857324137155
86.32963813940646
87.13679495649858
86.7613235378624
86.774389202396
87.92073899563226
87.31443398166407
87.63330712140775
87.95538676226982
87.53216981263834
87.10939033676439
87.79642955330894
87.15663890327004
86.3811576292002
86.95767671544951
87.7880199680218
86.91177502765451
86.62859029891486
86.06564289057069
87.37200121618932
86.16761628656585
86.98602923899458
87.08264102809056
86.60714853153553
86.94331211129835
87.05658255010583
87.13272044680384
87.40882241308789
87.80364366601934
87.4271815732684
85.56641098452053
87.24819651110269
87.25489354130112
86.7541683928517
85.9721253629513
87.55952657609458
85.63157572531613
86.5245744520991
86.53578842792577
86.1820784717105
86.10221918269967
86.92443556926081
86.44800632253317
86.16850763293442
86.809740016092
87.08862975395833
86.60118791505357
87.06660457196196
87.05805917939185
86.28083265043783
87.07041602920704
87.51010518619458
86.45052056389858
88.23441245216102
86.76590113460198
87.25102171120713
87.18453474728364
86.8186207926448
85.43708576655176
86.89083270752593
86.70052136045302
86.39575502918731
85.57395901332544
87.30620411810118
88.34564757705976
87.1590774561026
86.51526236337185
86.21023058187062
86.81951001568181
87.15446234200418
86.30827585031913
87.25541805838921
87.81609043220355
87.42205644450816
87.19658091964385
87.23744009626213
87.28594040433768
88.34495454135313
86.95925858038511
87.29415991270147
86.52271236267993
86.61369615888027
86.99693886061914
87.52630399439727
87.45290774504944
85.66449625793429
86.80585051799484
86.06803605115007
86.92008055192305
86.14889921775858
85.95850962550526
86.79322540597157
86.53751846502404
86.89914931069866
87.71397574121379
86.71482171579059
86.71765590760236
88.31219194610587
85.93853367371995
86.93884869028074
85.62196087523289
88.00305109586267
87.19308791881363
88.206614996626
87.75006850107484
87.46895835948828
86.22094846690226
87.11539041119794
86.57962094998
85.92566070212419
87.09864466996683
86.44883212121333
86.81994383736908
87.34217422976727
87.37679159301506
87.34769637659168
87.25868001937381
85.23448482635634
88.49437578885225
86.76415068870494
87.00778290885826
88.16956551236967
88.70394110029574
87.93883268198326
86.62985576571886
87.55271945183152
85.32547895647525
86.76537203136175
86.8943351510965
86.30499644720572
87.12826026318393
87.40655564387062
86.97803029045778
87.29625562657718
86.73155408210387
87.5934339871233
85.88452173160363
87.2234331145184
86.1753654425896
87.691825926232
86.55577486623649
87.95285740312646
87.09423924587695
87.29111819040415
87.12713933868883
87.14326538188047
87.02777613839372
87.42957148129598
86.50445587759134
87.52097686845353
86.66090716436669
86.4966590056712
86.69138516062056
87.33424384560566
87.03323151133073
85.97386193409558
86.6383148235631
87.7180976086539
87.90993715081657
85.34818985141752
88.20931557664285
87.78921159265744
86.44336931839858
86.90231052933744
86.0385539175866
87.28201133608152
86.90432926702387
87.32319607576932
85.94888901443534
86.90569940830436
87.35222671703994
85.87076494285512
87.15170283937661
86.91002184316324
87.54991072573067
87.3382655301275
86.36362326483686
86.79522930829627
86.35391985975528
87.38122408155331
88.42753136938761
86.71214866037855
86.47890552569518
86.1462377006601
86.64842438189058
87.08843548244961
86.6779434104467
86.63813558628155
86.12801790563243
87.67075831529179
88.09212055017655
87.86522306499818
87.43141338887014
87.85187604225001
87.38229806347265
86.28377610877143
86.20849915082182
85.94109022365784
86.74502951207774
87.32322666941256
86.83380136620292
87.09835124300173
87.23042971843967
87.69853966213593
88.03530268989807
87.35750523032712
85.57285830122866
87.26722826140971
86.49610108319895
85.9185773941504
87.92104315120991
87.0717001958158
87.57789322261816
87.14475431436313
87.05015347819078
87.64171205464378
86.12440260292763
88.00908488615268
87.91921158569875
86.6714904119897
86.08848259702778
86.28690562975616
87.68700408103585
87.08743633198219
87.8574629735946
85.97726236037161
86.69773047804296
87.66687628745436
86.67358725547511
86.9332557930735
86.14361236974106
87.06028109236593
86.93716759946898
86.54051680944285
86.23198517867439
86.65664636167244
87.95412616684705
87.83527976943704
88.2937655814432
86.14436205462123
86.24364213472157
85.63852507867402
86.64779426745233
87.24698989264681
87.11196654855664
87.4066742560399
86.67196932659688
86.36762221500638
87.95915440503511
86.74897848888996
88.1753917725102
87.05845577750605
87.6562449424219
87.58522950013088
86.52660366596405
87.08819963173556
86.63540748417562
87.06777608756877
87.19145246969387
86.3697073488361
87.03542210482296
87.19960904902571
86.03402412696975
85.7746324665125
85.8519426801482
87.57260776586038
86.98200709526614
86.89133547630179
87.39782484459109
87.44306523530915
86.72422966899593
86.47647302478622
87.49846718832514
88.77238280648994
86.35078648371622
86.51267950765694
86.97524826399213
86.3211715567753
86.07373804493847
87.44337658332013
85.99225763619998
86.518814371809
87.0561205468727
86.40565375101052
85.13999899811172
85.80986110587426
86.58739572097815
86.45711921726183
86.51200291058282
86.80134741219135
86.25320393731572
88.11684163295207
87.99334701290825
87.17418626666608
88.51051278986101
88.05485572794507
85.36287946229977
87.03609200171398
87.0506995268091
86.89965078372154
86.75080444775317
87.28032379620852
87.69026957995003
87.32855766337875
85.02919237427628
87.06619205888359
86.6415131838359
87.29988179468789
87.24235457901449
87.12386538103117
86.75762407221335
88.33451704831258
86.8575140583195
87.77813317939881
86.62408210966126
86.70961492253923
86.48843227722884
87.07889887318272
86.13847501118241
86.77284754646797
86.17927518579263
86.71292143454622
86.44406852032088
86.04656968410251
87.03898518268514
86.00080769993278
86.70303025375283
85.11220709804178
87.17972922530349
87.44520697799986
87.04151389314188
86.89542723290427
87.47206788178599
85.39894975959655
86.8061426302236
88.2210858838282
87.68980426693516
85.4334136790235
87.21363335999807
88.05636500778618
87.51256854051337
86.98951899736258
85.46326619968758
86.80520640007546
86.94384925398582
87.2827010399835
86.59300118354625
86.67646065064703
86.92540744919474
87.80782860306553
87.12192399891002
87.68329870769841
87.25717106618418
86.63238025643739
86.9242025039775
86.59089605754183
87.99047734192173
86.32650233843559
87.09169444436736
87.30395484663178
86.8904173767364
86.63873132832379
87.89591828460328
86.11526420910651
87.36821110289375
86.18365799672023
87.19415251667724
87.29234995895924
88.06410114281297
87.78257762414607
87.36859035007939
86.97643276893106
85.95538484190337
86.15981617314492
85.86966617492125
87.90338186504344
86.99908226280851
86.252355631859
87.35785499664213
87.43579361414865
86.66537407553913
86.77502349626137
85.9206370321575
86.81386442014815
86.94789496183151
85.85805153213236
86.23270443374808
87.20224104376418
86.80584869009043
88.25093392981421
87.25663520129434
86.60753237598698
85.78368054071493
87.62946741162467
86.16508167781234
87.45870422533969
87.23629248213442
86.63848972555495
86.84013798034597
86.92200205008686
86.61158057043085
86.95826628543661
86.55026207671085
86.37156142117358
86.42116605265969
87.94459704741523
86.57877698269718
87.23918593480452
87.58611832387321
87.75000871093661
88.22115054680216
85.87026906202348
87.02440053284657
86.84076774336495
86.64468364045966
86.96590469412595
86.91101361953679
87.1542392177467
87.14084684459127
87.01138910724092
86.99763362962176
86.63146173128406
88.76714884816374
87.09473572411389
86.69868199055676
85.9906856012637
86.84842200136094
88.0244442105216
86.45191300046802
87.3729157325126
88.17441274575295
86.73241997745156
84.82493948606509
85.8411474805936
86.88866061560365
86.34012093948117
86.88151616292294
86.23954236471752
87.19340438420285
86.8784271018463
86.67678865646687
86.11599252141522
87.34491711029885
86.85811416555957
86.06509797181572
86.38186665569751
88.0077419656389
86.36070731580566
87.71957499744055
87.93452656797633
87.23653688246456
86.96692120221499
87.13981048138515
87.17920811403734
85.77785437203649
87.45782165079663
86.8192691832308
86.39529540592015
86.6622102597147
86.17695665486616
86.29720563970993
86.77729618538083
87.72655208133425
85.95397174994618
87.47026624450729
86.18745577853156
87.45785282491791
88.67486576987626
86.28886392879967
87.5760036092221
86.9600973004411
86.85521847318145
86.98516530244554
87.40282339135766
87.67399560472803
87.04340243504593
86.58049752307413
87.62014184639952
85.76888895895767
87.28520621629042
87.63161265307421
87.38720523258311
86.64406642068867
87.7907525875342
86.85848597145782
87.70748256874299
86.89365490313097
86.54808649355031
88.01031155855078
86.8815559731057
85.88434924197271
86.5755913922296
86.48692026674638
87.51474148852594
87.2180683857587
87.6666624188091
85.9940946037417
87.49709529945646
87.08985356060667
86.62984735123247
87.90557579713997
87.4439534754106
86.69481579979367
87.66141296203077
87.22357347728797
85.62091244396152
85.86460219361507
86.89081964619727
86.83623904457166
86.80777450243083
86.96765103992047
87.60141491367922
85.8738709658372
86.16110775313003
87.4486436062768
86.80160268850841
87.4656506060309
87.16759086718662
87.30315014189927
86.2276303068473
87.57119472068402
87.38091363348283
86.56205439957176
87.49278732124802
88.06654984414419
85.90158085255862
86.9792258206552
86.17852884134624
85.7771985525811
87.87302668721118
86.99977693315219
86.17463996174627
87.27459686429992
88.04623403679444
86.99190438034748
88.26266712081564
85.97029386039588
86.97755916076814
87.69657163342836
87.35337536235122
87.63669005627276
86.85699824649713
87.50445239318775
87.03189956122236
86.8783121337025
86.97906330704333
87.32146463865304
87.85198432046928
88.06857909497072
86.46980449816947
87.47666454778377
86.59674720124467
86.46819705650009
86.04183726117294
87.14606912372376
87.2732596887812
86.90974243673638
86.01626521132063
87.18220982578693
87.45925580373175
87.76305911486448
86.81651739651407
87.11778372187369
86.92767292491168
88.29053522588694
86.44485179053905
86.7713927928175
86.02231899790998
85.94216514685246
86.64409699750225
85.84028024867678
87.0431465600451
86.89610444275131
87.83480417988862
85.82567951896549
86.87049021151027
88.0458258308551
86.7178002567265
86.35361608559289
87.42104919532795
87.36537701180272
85.89471429155792
86.9183398343045
86.71139008235812
86.91081219970391
86.17236701189111
86.32351223480458
87.33915132903493
86.61985542055966
87.46009271164156
87.61031629182557
87.46113697476957
87.07877177616227
87.12071639782818
86.17644673501643
86.04721589094311
87.13079747657785
87.01377724971917
86.23515259742072
86.60959418649827
86.3124168316053
86.10996848737038
86.31345671094952
87.28236367804237
87.22569209552633
87.06686438141189
86.04559773899733
87.85211488820174
87.53514690787472
87.11230864692935
87.35389946505231
86.7708011265752
87.34693218256626
86.3490868747454
88.34786788631405
86.41268487035455
86.61602243848651
86.00648028125963
87.29008740859305
86.56292178622402
86.46900014792966
86.60660882573924
86.09319978809346
85.90000135244523
88.07246397541022
86.32064673221979
86.58168198859255
87.22824112625266
87.69956809232598
86.37485085341255
87.02356739566707
87.12136552832887
87.09445777605937
86.80348763148154
87.40250724894851
86.95864052127853
86.54120828814256
87.40371589222607
86.79649267593797
87.5797083445707
86.59852446239097
85.59555495983707
87.26157316933694
87.55038179587112
87.40389190690394
86.93069430041761
85.88620583440425
86.23884657718307
85.77216410804286
86.711446785239
87.02548964295399
87.93581886854007
87.0690552842295
86.76182696863778
87.41873442949861
88.19846684340853
88.48951584823875
87.05576921849814
87.1189399911836
86.60951160675198
87.5026397741713
86.78144437835118
87.20424597207796
87.97964473614252
86.95724851510714
87.27553203018222
88.48177299948487
86.80353947521077
85.3408344962255
85.59095534665475
86.43300409279504
86.50560976199097
86.58161013956179
86.24189380126057
86.70558508123813
85.39024209220884
85.75055362331868
87.67082636776361
86.18153069072434
86.59380705231874
87.06477195884685
85.88790885497474
87.40847299891911
87.09117551162217
87.12264225172862
86.91093078452822
86.35311815252065
86.51940993453849
86.62602369494753
86.75213124668102
86.83664556666288
87.4962933523738
86.67983531772671
87.5417764266174
87.57220031520268
86.70877841323423
86.62344314719655
87.19141141242653
86.86552446909651
86.04514950575829
86.75004861791308
85.97277633655777
87.58579836244728
86.44550916416225
86.25183091144436
86.41631012086516
87.53469067423121
87.58726340970215
87.23974119133558
85.77994947182725
86.72722428817126
86.10038867493925
87.56428355794029
86.58069205134073
87.56194857346863
87.10049954425843
87.78806951787459
86.94331695475844
87.99583874578299
86.84179248729394
87.33059196136864
87.27238827870099
87.02574946168824
86.22931487780883
86.83005516301803
87.16231077810644
86.29798586339032
87.24922792928426
86.75246449496429
84.92673949217877
86.72557115754452
88.03766039340778
86.79169696095069
86.60448104965334
86.08325666424447
87.63352212799023
86.61190017451884
88.63786030992298
87.34396034203588
86.76869348937208
86.53569926449799
86.83377780848282
87.09447864139936
87.78394211122068
85.81284652586943
87.41180986660218
87.18820499273599
87.12271058541667
86.0864783863125
86.75103710427219
87.75141109443892
86.38503176868082
85.93145469959421
87.78970101402072
86.92434825040442
86.8260744217706
87.6697987248825
87.18720499549093
86.7361909443097
85.82514019251836
86.85232634992242
87.4195415850644
86.33444783365503
86.95660703629922
86.35912928593167
86.53955501996369
87.67550122068997
86.19300318221804
87.11365929849713
85.79754850617007
87.9590629309158
86.14005673880439
87.60948896148676
87.7059056772672
86.27717858358653
86.36279867980828
86.29486326250753
88.04676687136279
87.86415943846885
86.8607442718108
87.97221497178835
86.7669925140928
87.15730612092852
87.32051465025265
86.83614164033965
85.88951687746032
88.02493823892237
86.39676368462837
87.4033076622111
87.61540307848814
87.19258474336152
87.52456837125196
85.86036856614588
86.02767917899097
86.8630060137324
86.15889377802047
85.7455286971752
86.1429861385835
86.64802349653473
86.24457661895086
86.59985329789832
88.04221714446618
86.17849680344075
86.3112160859005
87.15957493655479
86.62023455964457
87.5754207357334
87.2349702265679
88.07655423457042
86.42306763467906
87.14509777185155
87.15226311045964
87.00939220128649
86.00144277000237
86.08638955506058
86.42580381088347
86.84397250125045
86.09708443385766
87.13312577333933
87.7010910665672
86.42787417084128
87.00345381162705
86.68602945444945
86.99547772132273
86.65878783260928
87.40445542002414
86.97793811226356
87.10536235622466
87.20227330847574
86.21570764773813
86.03560259769569
87.81540975011166
88.1399534540743
87.12390534223647
86.3172181067196
86.47515509768238
87.58925617395563
86.96864258659197
86.2805554586383
87.59778675855098
86.95322414624214
87.3591428989214
87.36118131193268
86.82566041092379
86.86479187221858
87.36432536499365
86.87905332941584
86.40350742028039
86.5234517990107
86.81096149042607
88.02998913311461
88.0350621956018
86.93056178820758
86.58408975548764
86.96064808616258
87.80496326121492
86.24758057402109
87.97709943790626
86.03134926674564
87.00611432145408
86.08039077552814
86.75309557346644
85.72144280587712
85.00559721758717
87.138772643649
88.32059686349477
87.1767063945537
86.81692395719251
86.71121366884587
86.19133936174774
87.50934358722087
87.24905550763245
87.7959031386772
87.45193270570776
85.90033599116187
86.75589803590738
87.05330771985189
88.05645462826214
87.29296288173602
87.39363830718618
87.23397838267985
86.9092949968574
87.2429377044403
86.97611644767746
87.19977812131141
86.34087037275405
86.77575272239157
86.42854570524749
87.25640518038593
87.4258279210296
87.52183930182186
86.45256086181867
87.64916264082065
86.4837735623389
87.97975772731344
86.65364260681298
87.24125527627626
87.19111448559414
86.74750787744894
87.89927553154435
88.11814497898564
86.53261825843616
86.99925231880127
86.72589715322887
87.1043016616471
87.8932655449838
86.98740138233761
87.09854086576287
87.86228173102478
85.80511382119265
88.08045127516685
85.82441888502755
87.04972716526567
87.67102985522749
86.50628363388932
85.59454061923921
