87.00870731795759
86.3306983241743
87.75772825469932
87.45256575508259
87.60162911153616
87.43563389423569
86.6389297152036
87.76699425194313
86.69949582575099
86.52179254654484
88.41730599372654
87.29920804070765
87.00582675125159
86.13175368674636
87.03157972163382
87.39640674034145
87.40875837290938
85.92197124265924
87.7676513492265
86.57267141776498
85.87306930790935
86.87868874241873
86.3282976255804
87.9051207043249
87.49086787959709
87.22313153869439
87.31081784007505
86.55370885615125
86.06425548010748
88.17897019064978
86.07412423144606
86.86536824001485
86.4037725205051
87.2585997646366
87.35294305978343
86.5227117632427
85.61979612316854
87.63545805035929
87.42525932568626
87.1533394443285
87.64554565487956
86.76097342243646
87.74975005207035
87.10697643116923
86.45884138455538
86.34917142419042
87.59976652936194
86.7833112273267
86.47861451187158
87.27912177567919
87.75079647125571
88.25692925163474
86.65473466652482
87.20818158206622
87.22462035382888
85.82367360012881
87.82973843756703
85.54508561737462
86.61697956320769
86.99206178453929
86.88941158926524
86.74137811758803
87.92850904762544
86.31834973010693
85.06461847082551
88.10525154076883
87.93993282218935
87.11737258605528
86.83936670722181
86.82048699829585
87.22544142775817
87.21484945971758
87.62400526209916
86.83066901505251
85.94299237509387
87.92422191756141
86.33342151863104
85.95679591153885
87.91015611634826
87.98729476143328
87.80910728072469
87.11951636227904
88.33897902461828
86.55775038498405
87.94429110117997
85.96891556855137
86.3688706015235
85.89868634605234
86.83679346274158
86.7526313587236
87.80681416336449
86.83105493361982
86.42629312223269
88.184834857627
86.85942965254306
86.2567155356935
86.13859826706586
87.66751775984541
85.98405448351397
87.98159003426287
87.72748083361718
87.21451943999867
86.41801948712218
86.61909385945513
86.79700243676702
87.0299408511969
85.91263809116354
87.67736428925109
87.44084477865259
86.9656044407869
85.9551212202992
86.86574152695803
86.30253667970571
86.83395071189463
86.40721324329473
87.25582184601204
87.71748181153959
87.14726784044775
87.90201648832056
87.35961088441844
85.15921206743047
87.2218405226227
87.54339494949174
86.36113276874389
88.32359972639065
86.41940909363402
85.88067347419313
87.26647877617577
87.18985163972107
86.6760628631744
86.34939355004141
87.60611648693472
86.0945074711562
87.17190914995886
86.81757011346227
87.05978357049781
87.21042225462962
87.06635626662148
87.31674266830828
86.09289458161328
87.86608484614696
87.01564168103435
87.16633861989473
86.3140380078717
86.12217866098985
87.73822399839831
86.67337894785938
86.84226598297877
87.40872577109421
87.63749379949455
86.63681024079573
88.0461777534803
87.07948523032894
86.52207816732418
85.92606516800893
87.91056336952751
86.61579003251897
86.79850869288076
87.19599791219622
86.90165570685659
85.33185579828276
86.3231771595939
85.8842813549101
85.86184670405451
87.12449533485079
86.66343422853181
86.15810311302202
87.65176793909228
86.31974238385935
87.70944895765227
86.90116657922731
87.53006297185931
87.39041801377367
87.52634484514049
86.91336063879999
86.9942758338182
85.86232958883636
87.0689313826603
86.35515055730497
86.3625384275296
86.69092807162103
87.47582060820987
85.79862804677748
85.1029331550788
87.119522302448
86.76445729123543
86.9506014983147
86.17941229896486
86.67478281185161
88.05763954938739
87.79619963498317
87.32507569564169
87.35968437837118
87.83658908815454
86.04178310193059
87.99938200625697
87.42800314880816
87.52405452508832
88.00041858124348
86.37148782173749
86.56024832772114
86.42982268808649
87.32087592878156
87.79411295798117
87.22130888293935
86.92565357222108
87.22999871232783
86.584543062106
87.38917510493359
86.54242834753138
85.66431864470239
86.72641871009563
87.47217122055824
86.89915046850113
86.42839622607127
87.19979326680989
86.04447137432362
87.4613721479208
87.39953559869814
87.17625030080146
87.98996422449649
87.11637528978953
86.94144310297489
86.50005869326748
85.81890715325912
87.10787205971846
85.86397866958237
87.32531455820974
85.62240718070915
87.3895361014796
86.78151236872846
88.73226053044527
85.75633474249142
86.92352559847387
86.46341041957234
88.0497145773465
86.18048616464318
86.57641415368471
86.73193548255122
86.58810592501702
86.84080201000224
86.45675643823438
87.08389147000153
86.60178290154406
86.72487666998767
87.75224624268489
86.79471237110572
88.1885638650701
86.96402767936975
87.53000877087882
86.27706862564685
86.47059971259529
86.66453235848141
86.04742755790915
87.19518664833866
87.4755175474214
86.67583360819735
88.10949997362493
86.67663498204303
86.76095053331969
85.74191351289505
86.32524368195205
86.87723657376509
87.44532358304446
86.28957498624428
86.59797277000182
86.32919314057612
88.6383547663237
87.50074475991273
87.6623630974474
86.93149461110565
87.53402139982043
86.8602125539748
86.15792077254402
86.51406362734511
86.24960779870048
86.4067552874254
86.95674720190442
86.71833839019654
87.583694051038
86.72176780861933
88.04190982898483
86.20289308980946
86.58068669931481
86.79496846558352
87.30432387753183
87.26919727794404
86.03237586034554
86.32721033571686
86.9941597809239
86.66117394980924
85.95253327699193
86.92785849113494
87.29718293852378
86.97343681210852
87.52724835679797
85.20132230734406
86.19569783272883
87.93146502810012
85.86180775965425
87.1059428763504
87.39415476249123
87.50695563616945
86.46307052792915
86.51316252179568
87.96711907109919
86.12038279159117
87.15290998909882
86.3954468533921
85.72471457089478
86.53174188585064
87.76553272640156
85.73881635993143
87.7786271604181
86.8527460395566
86.01243413446569
87.60317466882776
87.35251073606749
87.28136754780755
85.99732114174384
87.14728175357324
86.72634227118934
85.91669820711977
86.87917416664274
86.75157293602622
85.72377484666639
86.8284294571611
88.14349333435182
86.92334194908202
87.00562002303917
86.59652975599587
86.20347087214193
85.11667668101215
87.55754370754674
87.02323065582668
88.35754850369086
86.62891488234062
87.57828692220107
86.52937797424953
86.88228792861844
86.62057992571357
86.87840993660743
86.58312993149785
86.48231583184854
86.01098456281429
86.49400537344644
86.7211651577083
87.20589618911758
87.4912813085914
86.38903627935832
88.24111309357785
86.72730454596203
87.15465931642524
86.55089343020012
86.1309207350683
86.3210356512081
87.01710561462916
87.00434833032453
85.48641876032754
87.88940939459063
86.14242924196445
87.40208473938253
87.1215593095266
86.57800332690593
88.54515622044595
86.57181693420509
86.13051193223545
87.17607449879962
86.23867185969449
86.84547054003681
86.18197290542412
86.9352893729256
86.87352922939985
87.03965039445524
86.72472429238726
86.13678310910208
86.97259985561136
86.95337837143646
86.01460477628272
85.34564431952911
86.03400509140859
86.90584362107748
87.19344595192587
87.0553407395311
86.54476574760827
87.14824374121174
86.40027907343772
87.74621774707906
87.18098997545906
86.19758893785941
88.0562868219468
86.23567894393146
86.23346211285319
87.6289173663995
87.07923303622061
86.92455499925501
86.74681284294601
86.46681357317124
86.83118642480784
86.80535475889967
86.68213799812281
86.57563095996224
86.86949566662997
87.08564204139242
87.26378249827596
86.82089936692962
87.519784712311
86.86500773848896
87.26543046305775
86.94380059240788
87.2988689996748
87.71970468711737
87.36256955866776
87.52253682139057
85.44080477901079
86.5306968220751
88.29269938563081
87.113936916533
86.49610159001827
85.87540675041296
87.97220688461186
86.6705850481156
85.58569877477917
88.36312937897013
87.47978306959457
86.97074655051061
87.84947526595437
88.94219300418237
88.69803861681956
86.57944027636287
87.67113131908265
87.25204635772828
88.28780864250793
86.76227613518381
86.82749403503729
87.92606184894781
86.86038555527487
86.56054903732004
86.9822146186947
87.4934856949474
87.46507472514895
86.51738850712286
87.61524984711909
88.03599115954584
86.11086616875531
86.58231810160807
87.36901494334806
86.48815065068365
85.08326200782017
88.44719162610436
88.25385806518085
87.4335552575365
87.48046883912752
86.9479835575715
86.02608445241073
85.95385315585233
87.79437186746289
85.46181646184608
86.95932726534463
87.33194397269448
87.37367256730353
86.25744855568757
87.66107099354758
86.27764319402694
87.01594615501465
85.90574152279513
88.487594545431
88.28328717108475
87.55253019616767
87.94342213368195
87.42361294805774
86.35842629772013
86.92674803050471
85.47837660172914
86.14453508926302
86.65715840388822
88.30358441051737
86.9047100259264
86.78811557443449
87.08822628056646
87.38613836240259
86.68936000959675
86.32680718587281
87.08973257617825
87.53973298393004
86.95463267953068
86.96716527591803
87.39278714420337
87.45108505494858
88.26083687993251
87.02641978813276
86.56789780125534
86.55755718501828
87.93693095782322
87.16889637347262
86.15239167488292
86.62272353741237
86.70607547832718
87.97029287029062
85.87405510784265
85.42669455108657
85.89887611429587
86.60274543926529
87.44355402702877
86.7195382306368
87.45299099910174
86.77188447821801
86.30335035156521
86.64972111885508
85.2838765293862
87.89106211131714
86.00179838340583
86.88346238725607
86.94258657314684
86.79742209352719
86.67800259411501
86.24908845046956
87.3030493733213
86.04997721466337
86.59602452578609
85.42738429326846
87.1480324485657
87.61466391161046
87.41973285044075
87.66025789212333
87.31827359017933
86.76947750305906
86.9695217383378
86.99602468080982
87.08479095940167
85.52102821118233
87.30895959288938
85.76462822122608
85.15693141271736
87.34029179969092
87.17966143653963
86.24219606581848
86.64172942888628
86.45537829239964
86.79697012985872
87.21527311705424
87.35763105936546
86.51353346003371
87.04353939012933
86.91916948290348
86.51878989054188
86.45607992629158
86.70269510512388
86.66463649433972
86.24831659676977
86.66279089873667
86.42411097639905
87.43047154491728
87.74954659201725
87.12414593498991
87.27208797420882
85.58366078670996
86.16118812532068
86.65184299932166
86.40831100688088
85.62526691414485
86.267914072079
86.63808615620312
87.41766453501427
87.0634970747292
87.4184838114736
86.48226825711285
87.51408418113898
87.31372712649366
85.57403044970154
86.99884337425364
87.4365942076879
88.02577480575586
86.5918835321488
87.12317777475504
87.91767899781618
86.13648383617056
86.59630319256446
87.58234418781741
86.63534948604735
85.60537324219553
86.50172801324638
85.91916938743347
86.84795216505196
86.00275926475878
86.60558883175993
87.01044153782432
87.25236508111692
87.3411091432591
86.88843135287887
87.43323859501984
86.82465274936646
87.11671344735979
86.56121871598961
88.08685315911048
87.35238805141348
86.47657369109547
88.26076088599044
86.59796076454363
86.48178730432292
86.38415963280515
86.81814742739236
88.09260328410488
86.72783358265887
87.22600756357595
86.33420556186972
86.38056619758989
89.35329895695001
87.58103754658738
86.68302949380393
87.08348915669002
87.05675945540158
88.04484031388667
87.3602388742807
87.47130972871821
85.97674763456226
87.96731775344034
85.84217818367395
86.8975294198587
86.17661751095649
88.1370307401646
85.6976266264417
87.06567253448424
87.05428213639547
86.8516783629411
87.51825822133016
87.16264964787455
88.51720562554527
87.01201312075266
87.54565759069193
86.31326349499842
87.15435391462002
87.92872829784798
87.73172354459433
86.76283169801027
87.05689797208268
87.93142645059879
87.78853007503658
86.50243284324793
86.5375116709482
87.75905735748023
86.40605616326218
86.46610902144678
86.98243306045372
86.65247492463975
86.14332538063812
86.49671454601243
87.29620311295679
86.41913679787149
84.99081522675814
87.48728718348458
87.64979176163654
87.7667212790897
87.81033371739196
87.73854878094929
87.26560957692338
87.47660422855293
86.34033113127836
86.5933579715268
86.75762742557532
85.7379244329874
86.55417273487166
87.43226670763488
87.01328172309319
85.30073697883054
86.54345587870716
87.47796170213392
86.63928333867722
86.73653324069532
86.2419250460987
85.96518840301651
86.61312249106186
86.7647162218453
86.37995362580581
88.56537472326497
86.06895678727021
87.34940113206349
84.29220983893698
87.58799509848579
87.60927455767151
87.87285373314313
86.9794305193502
87.5058026791334
88.1896973407946
87.23554912425622
86.18455122483311
86.03717604142386
87.05454135333359
88.60039874277628
86.4375771925579
85.59976554995532
87.03921050760644
86.09052558311906
85.61590967873873
86.30233085636117
86.45045445818393
87.27034455800033
87.27842324875859
86.71018037794622
86.44914559611192
86.6157253887849
86.31360469381177
86.55157620494063
86.41077509487361
86.52806178271443
87.3611847034413
86.36651096510526
86.60455506693123
85.55194845967657
87.18075776580983
85.6031893449862
87.69977110920837
87.2229160341277
86.951639204707
86.81383791429779
87.49161122717346
86.42662306274379
87.43484942450443
86.57854913097367
86.26042121899064
86.69669515075026
87.91853102507216
86.64032146790892
87.45713781811531
86.01273276705248
87.07102837826928
86.2578829132855
87.35402848831896
87.38338923356027
85.99583785304944
87.33758916741247
86.11377946006817
85.81118225223162
86.41030035982003
87.22958310793834
86.82449920206648
87.68181609908846
86.29698950372975
87.25227287778493
85.76091728715035
87.2143288462243
86.95272996538262
86.45089110230016
88.02039012316129
86.79974581974147
87.4185752585762
87.21802431362977
86.11916953855155
87.47994682567993
86.78019188552834
88.13948322405719
86.94860617215751
86.2383670985479
86.48437261387294
86.37136895999168
87.04861580175977
86.36351478615397
87.5658437196597
85.81686842000667
86.37909154096548
87.37575423902616
87.65754539442666
87.146079726493
86.3762108183398
86.78427259274285
87.40974224415315
86.31722852324572
86.90164687432356
87.64942291853791
86.2296953564767
86.9418896830612
87.32137508783777
86.87406864311552
85.64504981446842
86.11308482512662
87.03309014964495
86.95951496582572
87.94373239768821
86.43340739523119
86.67647369605223
87.35056651353678
87.0200953695578
86.54398199245061
87.49299185693211
85.94057477258144
86.89788348948365
86.58755368754218
87.78677955024418
86.23670800140525
86.30700115877087
86.38767358483256
87.33895422518333
86.85668793870313
87.42381004053976
85.5095254377151
87.09391581267333
88.89212522611743
87.20258195556794
87.52410515320106
86.56751719982508
87.0492150214985
86.81147355652861
87.79529483843915
87.98776841123538
87.62682811687823
86.700558464171
87.00766322464804
87.3686623347287
86.30461839172204
87.84922001575988
86.73876345999611
86.44395392013503
87.03358468718011
86.66457391843103
86.50632574570737
87.54737724910642
86.48663614256843
87.0186906525603
86.25782719823964
86.28101814209371
87.6435271140805
87.1935487342658
87.06987908054688
86.60868162946889
87.5775814397251
87.53647233240113
87.23523589055384
87.33634430751539
86.72951366793784
88.16767014452654
87.29201424743152
86.57736395377374
88.11397578502391
86.86425806928304
87.31929188756726
87.76136499378269
88.1375557537475
87.27631793515654
86.80255612056514
86.69528044370135
88.35177790540818
87.05162637380327
86.13255775912569
87.50644042023676
87.347141817492
87.42170367487971
87.39808406461344
85.94567168183798
86.91795675616491
86.8603330217073
86.14987534343979
87.25539017569847
86.9275010920088
86.00833310282769
86.1753650826576
87.19961537560863
87.50779141143377
87.51182072380182
87.49471137748617
87.73127816458393
87.98304974917207
86.0708843270763
88.37108405442275
87.020475643328
88.35207041445427
86.72348153963809
86.82915654575339
86.89089087651463
85.99600170545965
88.14635870261789
86.7024998948183
85.79120018150708
87.19162317861607
86.70409912608932
86.7962529689146
86.4138473665395
88.10889064232038
87.99903753840547
86.85983821235864
86.32104850637782
86.88001267297487
87.42468982094408
86.54212381686253
85.66028420390714
86.86183541585467
87.05875158946468
87.96120318381206
87.06026875352178
88.07823461325908
85.04340885229628
86.5574928233572
86.54952167638676
87.13902845999954
86.1661825324338
88.68880208382657
86.9551697244823
86.79578345929055
86.8469283696244
86.68344909240002
86.35272340154506
87.394766733785
86.07776587105506
85.95678620904503
87.26942462950774
86.34257229817065
85.95847877684176
86.63883960839009
86.07664472180033
87.15082555087099
88.65211038649976
86.49775283452365
86.46135313526615
86.14139548228287
86.72078911001785
85.83441860644288
87.07140625897304
86.2898624075689
87.76584450081357
86.90939854334242
87.70049772795846
87.48590842518838
87.87809853019158
87.31221038532145
87.45553754712272
87.33391918175552
86.05987453941988
86.86663629463352
86.97908610350892
86.83278840914006
87.70535849416402
87.20758150765711
87.00835222664176
86.05119351027102
87.45996725765374
87.40207293713455
87.00041126085743
86.1938517097217
87.27891499487023
87.15295968764379
85.85500748841177
87.64701461230995
86.83933332701031
86.7680611957507
88.50393390674323
87.25921536053866
86.58583028696704
87.51172198091855
87.4373342012383
86.76883256976201
85.78080628577901
86.33859350640306
87.26563669908204
86.82850579026551
85.94252400277497
86.08803386867352
87.37154616930955
86.84173538383362
86.07962401036714
86.85721644403891
86.89544232107725
87.13445060973122
86.87715777140963
87.68414443480118
87.19150635993557
85.7602680558826
86.21856458312422
86.95843169820326
86.1260848602138
87.11599480916762
87.88367763727952
86.32541710220077
87.44895726975166
86.34536004136677
86.37018902388553
87.08378973284418
86.17755290739844
87.5463461059711
87.35472029240132
85.65352942158599
86.65160637163831
87.04343615111912
88.19483534616268
88.10856820677071
87.3843871922835
86.70753543990035
86.36733090004405
87.80300199897044
88.16883446407141
87.27688247814156
87.5656439434579
86.57562569281093
86.18099746331148
87.35360322246409
86.71236256417603
87.46953042264595
85.93554871159127
86.30594027891783
87.14216271278593
85.82208116659402
85.73889856886797
86.65738462758893
86.87698683668137
87.66607355042308
86.7991001701153
87.31004570821753
87.08266730513472
87.16934984854022
86.34605232722816
87.2821898760401
87.62226798434047
86.65185692813164
87.37122297357944
86.24179357831225
86.54901784582957
86.88462657191712
87.32256593258317
86.54147189776192
87.08939578443474
85.58832396425991
86.28522819604049
86.08090577554206
86.55262327823208
86.26777049788407
86.50556664918743
87.32771543771344
88.09143468285558
86.60024254995864
88.52646038819938
87.50361710147965
85.29888140209526
87.28021341094261
88.03634746598517
86.43799438955017
87.94281078212607
86.8302758021473
87.36582449703336
87.66079049832462
86.71787022659444
87.05662849625185
85.9391361488813
86.81184431001898
88.05421811625595
86.94311716556275
86.0500073346698
85.63338668279086
85.98528513106513
86.96557119645848
86.40621792128525
86.53241713832844
86.50723989432277
87.40669022475576
87.31751049264709
86.57727888049986
87.59172763173181
86.52654305215388
87.27968044859314
86.86464240285635
85.81220475094426
85.6488581213806
87.07650817327553
85.95221607034394
87.31626267200903
87.40501511102829
86.0712826561496
86.56539452118918
86.87697314684564
86.72823952306474
86.6913102887501
86.49512625207677
86.49696015077451
86.33008115554053
86.46748035556286
86.56665928319812
86.6695377487515
88.25033034431479
86.66899351835254
86.99142922953527
87.27319747055851
87.8545441273433
86.86161811298045
86.82496753719354
86.17595301440694
86.80275358871467
86.9640976998352
85.91104314530442
88.20975388883858
87.41126085679265
86.57065091758282
86.69444706274238
85.86461813742832
87.58295514526986
86.66615874369661
86.55378062681089
88.22866522063303
87.25729832442684
87.96871663168693
86.64221847529726
86.07795647807765
88.03434812023659
86.0521130675918
87.87066949167368
88.03585172383765
87.60981452792849
85.82300331825328
88.08874791308384
86.5719612847986
86.25819394671171
86.49215458668696
87.19423483135033
87.16395259709454
86.0883344228453
86.8123571588872
86.87825694329601
87.03722321702023
86.56630176100145
86.02812968831475
87.45259622630533
86.22179605242208
87.66008113575379
87.18378702866937
87.71717435392011
87.21668648677023
86.05473946475071
87.69985372253038
86.95832172751628
86.3089294961626
87.23868523453724
85.99748586037256
86.8201860853393
87.84453451165223
86.28366454417608
87.45183893150596
87.68012024935979
86.75428718565986
87.09576704236545
86.71473604376905
86.62484303481942
85.84274820442735
86.86706177866719
86.0585365578281
86.95115186451932
87.42667142947933
86.55444602272094
86.85285117171577
87.21770643050594
87.21972431782827
87.55378144200677
85.94204996665363
86.71559469816613
88.2527445360204
85.93399282052386
86.4630868827916
86.39056868620169
88.47666048283989
87.79151133947984
87.51146514416449
87.29960961540849
87.67542739383238
87.03414570789093
86.57563154419985
87.30271182506702
87.78574825024339
86.46001946186965
86.62474113429163
87.37680063392197
87.90613987570458
86.7948624490494
87.43228200994841
87.01031508603917
86.65871548014799
86.60470659854711
87.23412584880452
85.3119258866788
86.37001500968667
86.40894606918911
87.10805373392647
87.95214987036395
88.33906845924206
87.29270260908457
87.15910711119817
87.40452233964142
86.72277884786608
88.17628087415457
86.73783313195845
86.15103128109223
85.95071444600025
87.26394852145548
85.95134267818904
87.17329953021353
86.64998022480734
86.77667419035213
87.40650075057188
86.52913596920729
87.368758353906
87.19627904497118
86.9907673366047
86.02348432252154
87.55667337881816
85.09473601671937
86.58943738095125
85.844580902297
88.3482994618261
86.64862443004968
87.58583632833376
87.13698597545321
85.98379746268921
86.89313287370307
87.69544887373293
88.6725866900079
88.73678450689731
87.06983881987804
87.16756158852638
86.7560514911479
87.94581182950067
85.49467721640583
86.72692465177707
86.94350855357106
86.40416510488363
87.66607926598668
87.12290997573164
86.68544391297516
87.76705006794647
86.00705949090147
87.21955673845025
86.45578977141109
87.09680869193744
87.8696721701092
86.9372422123885
86.78348224955243
85.54210714866556
86.68027329688982
87.14883327166721
87.67414477927687
87.12456165889837
86.8069788034731
87.31058692250433
86.98300727897612
85.97468344926834
87.20741388703475
86.7203111229766
86.81322477517669
86.21680306563215
87.25374668290732
88.0025901001874
86.79506220474451
86.31591396898445
86.04068923371675
86.5124187308325
86.89233596347621
87.14261022508698
86.16467041461117
87.72671684845629
87.40659134511138
87.07446178947073
86.60191221758315
87.12784369019106
87.38806354457877
86.8954625701013
86.81109120161821
87.78379142417677
87.33147393545663
87.19608486889369
86.57175778439391
86.88871063115434
87.66680239189193
86.3511123001334
86.73381265116457
88.20385960239769
86.66910214317342
87.1115954850432
86.62538285342453
85.95029592002761
87.19411995211601
87.62999436583506
87.03840806041052
86.65655223246053
86.41749540432089
85.38726904816167
87.24201135786471
87.52250998994361
86.88528061744364
87.54344570253105
87.95989169800286
87.26609552258205
86.89945049047051
86.96404847351396
87.6667104149433
87.47635583154884
87.71030279502305
87.09998022385867
85.80852519919009
85.67965657549121
87.55119122010046
87.09372832946292
87.05002595143796
86.54675213334201
86.90243371867999
86.2956411436416
86.40551832692523
85.6081947265212
86.25795434791738
86.79398054933132
86.49809730344312
86.02735766618851
85.79080044210305
86.55154079478271
85.42243468487342
86.00003426599794
87.80336628756426
87.34174526114414
87.01329199817476
87.93323945122785
85.38639488708769
86.32842334471508
86.29965273982772
87.49861379457647
87.10946690248666
86.37911553371308
87.38237476636867
86.05982065002057
87.56037295945667
87.29113009648955
86.23836708851192
86.83459533086545
86.62803010874028
87.59831543268007
86.93852695022348
86.79953219824992
87.05306920793326
87.53214972947244
86.72178105760042
87.94218748640579
86.79460151017486
86.46189211134676
87.62801264199257
87.20124953465294
87.09724313355666
85.29007215024589
86.86234007017583
86.80090336672215
86.35799770584936
87.71329439226062
87.36021647612966
86.44233601653364
87.58523764577366
85.11137421676385
86.48512076133528
87.93295335923203
86.81370552391309
88.1628136588175
86.80151304248976
87.74023793275177
86.80118418572646
87.52231027435545
88.59463765253466
86.77291466195165
86.71732831643509
84.91018903912469
85.57080608375219
86.9496635272852
87.43990679522388
87.80445510540439
86.6284466742436
86.70485880932706
87.44127376263543
86.17439850726292
87.78833306726311
86.70745992687979
87.13704332719033
87.73473800397171
86.90747401515483
87.16103289560237
86.92218377396593
87.90718355324509
86.4596669142296
87.56366163580117
87.68167710888629
87.00521861905709
86.14818087412786
87.25754926599109
86.89391940785382
87.22315747042443
85.92915640880702
87.62115229663254
86.82236186082545
88.05369718989364
86.13995991088932
87.51352509253377
86.35881127968457
87.7371569128221
87.7397880935758
87.66903873245779
86.97792440975198
86.94588756398657
85.95232090468086
87.89021862751119
86.39360668919622
87.29359644653401
87.36581071556247
86.48219019867074
86.70337887793777
85.56091885535675
86.68373656597961
87.02895261896137
87.90908090214273
87.24668429250987
87.15212671240458
86.05167392975027
86.41352861617877
85.4623200011544
86.40304129373129
87.15960504075538
88.68448769890412
87.04755071152621
85.91758269514453
86.77278167221542
86.14172120319891
86.99311389866963
87.70542589635795
88.87919700841147
85.80626848013699
87.95758186043501
86.3577223899698
87.78659523996461
87.06810794297238
86.34709340448258
85.73727423963862
86.78112207114523
86.800800325149
87.70790026016925
87.76972509092658
86.98848830132067
86.59527016604521
87.06506117631116
86.57115599163345
86.79376331996868
87.93789482343482
85.72088726732059
86.64157525716983
86.66912958615214
86.67958452407414
86.34707368608026
86.13958114972198
87.77287032031698
87.78758401346923
88.09156961698683
86.55215107942615
86.23162999207094
86.36423928509444
87.43116722327262
87.10768199829728
86.93716921399482
86.53046726257499
87.6573884134008
88.37789981674194
86.06959266610983
85.84839806079026
87.28104795849488
86.87208133786403
85.99010622388272
87.35489326390132
88.02268982062469
88.53338764194245
87.01269481253108
86.0817057082973
86.16266132005192
86.48727883952127
86.48930300347021
85.88138795878565
87.71425404399825
87.94197723588573
86.8402854891561
87.08923850353752
87.70341695620353
87.05710355243889
87.64828391638487
88.41593911686432
87.2552066985187
87.18271920150879
87.00027229013882
86.89792795392081
86.9953212461818
87.68495050102356
86.1967054355192
86.54809358926863
85.89752545291296
86.44332257363367
87.65648567501765
85.4310936977459
85.96229910077028
86.36960177328739
86.8557273820157
87.1579370709553
86.20627330284104
87.04134685322661
86.7992554185588
88.35949132398771
87.20159234023157
87.20060390618856
87.67487515109056
86.97884042126208
86.75229557645073
85.43913564916869
86.7596694742678
87.2954413490658
87.68910809136483
86.29994387638767
87.5350659201654
87.11777433268962
86.43175750909232
87.20072086174665
87.18230360108151
86.09780062263141
88.00688004101966
85.96324070934257
87.42184051977638
86.29229456363475
88.27525215507151
86.60046541955
86.79938471761172
87.11973262809809
86.7622780382401
86.89113295515037
86.7302198411507
86.64735196571054
86.40084293777792
87.19349531079386
86.37446640004569
88.21166111161935
87.70059228612187
87.57322714110705
88.07698620253771
88.75551542986273
86.4584937267214
86.41604620666142
86.42415890334081
86.3800085646383
86.00461706087037
87.58910687959096
88.20396823913649
87.4227531470787
86.25678880862989
86.31226337106106
88.06336046869284
86.33949253815564
87.73784676366316
87.08181906420073
88.13366897294058
87.86695562737714
84.61306707052819
87.47513926984978
87.06550005276549
87.98613371392297
85.2791934248491
87.15390779108172
87.3768847606265
88.050915627692
86.88721360956853
87.20931227500616
86.43472421368682
85.64702845970461
86.77300623731008
88.1603398134758
87.18480468556264
86.7862221551967
86.86545133065101
85.83651815167242
86.96949218301957
87.05627010050495
87.56165838868154
86.99332001305655
87.32984766048466
86.63348340251402
87.24230201628437
87.42757697473466
86.16661808631747
88.22972060072779
87.86202383335021
87.15545873424495
86.56082920864161
86.58730484016431
86.97581618755616
87.94061629976439
87.24450632216293
87.14425961377938
86.6913887965681
87.01209795558944
85.88640075607174
85.99958366750681
88.36403462152856
86.68325437136585
87.29931825652214
87.0578095624799
86.71563120486738
86.34000716682388
86.84965262649294
88.18702108043497
86.7704757482112
85.78368849399955
86.25264774430715
86.55017722233225
86.27912765714608
87.39222706193031
86.23514009307667
86.52123537380989
86.49863660339527
85.72196605282228
86.4018423752404
87.0916787955165
86.98210554215991
86.42787917444232
88.67787620978893
86.2623856907826
87.00392748641114
86.89616525514279
88.07084580080756
86.36315006281536
87.27416455074024
87.25962523192705
87.81573496415639
87.7973890178434
86.47748908565276
86.52341051776963
86.58658642232103
87.01773642661006
87.09630726231805
87.45752564437991
87.21743369684255
86.99299009546228
86.4369587136676
85.65301456635147
86.07313089712954
86.77970925434511
87.56858622243766
86.96755047858429
86.3762088287529
87.367517309198
87.14087187597983
87.2329518140485
86.72227742961756
87.51363597649753
87.65408471344202
86.90080293838642
88.09241934151518
87.12403838568991
86.33630653574778
88.10633825883123
86.69185555911665
86.35787033781504
86.76053905618086
86.43681220294091
86.7669798754353
86.4137633282422
86.89936897657061
86.85687663841757
87.0209958745636
86.86455774524204
86.48773997696945
87.86364823657098
85.99295944798374
86.95694131907769
86.41042610951482
85.83824574903062
86.52535521579819
85.59995254254605
85.97210782492557
87.29159928927541
87.35636317491863
86.77187051618031
87.68194323330766
87.5931462510758
86.83118169622828
86.94108256576297
86.18351538517418
87.35792876150191
88.34943139510811
86.27675510904164
87.41094041026976
86.53051907319416
86.60399786132024
86.91354805214077
87.53712449373562
86.64961945026918
86.81443325886805
87.59364644185418
86.60888077684245
86.39289558724175
86.1925657748689
86.64963837958871
86.63735827226502
87.1423127395055
86.29561631728538
85.97056939049031
86.25744300647658
87.31477478924816
86.29497164337307
86.16360547606544
86.0985962217087
87.50466339348581
85.8272114911122
87.39130796384842
88.32934504362218
86.27813564214034
86.2698896247982
86.96731707458937
86.83008338380422
87.46429550562223
86.79867595649607
87.28362048069974
86.73177048928615
85.07532259793597
87.07826565717049
86.2338357208964
86.15786502140035
88.2876888328121
87.52473868816668
86.60161544122622
86.39977508619754
87.0168915485537
86.29311000903247
87.67342145739698
86.23214147926367
86.46790208662385
85.34404622546131
87.15115809703283
86.90978225169795
88.49534635153836
86.99106751147504
87.02561644849726
86.87766952256509
87.34226764859304
87.46833299064903
86.6990938542488
86.49500828312355
87.08031715598129
86.41103323196788
86.4003297347907
85.63995543553673
86.30332381884209
86.67693532539154
86.6815244159851
86.11907277938269
86.26570623906038
87.36465355446369
86.19442055580805
86.78048747418799
87.42122705387034
87.74832700141411
85.54141488896965
86.1687201984529
87.0765309002069
86.98697877518903
87.96921340638822
86.69520203043105
87.53665282193917
87.30920611905098
86.78210550944182
86.94217611363844
86.53088686289189
86.57553387648139
87.30298290042774
86.77574665014532
86.56004535317115
85.80989687344793
86.30587368534508
87.33058467781824
87.2569586853255
87.09998350807665
87.9411331878972
85.60504549644992
87.23713447357156
86.03739136790261
86.30495826362916
86.39430844703007
87.34368778572129
87.39566962958702
87.21951198735442
87.58978489383094
87.17940898423713
86.84985080850933
86.97013937340138
86.2754677992478
87.01360270908492
87.85839058177638
86.79743800427632
86.02503719093649
86.8177855898271
86.7026851625374
86.41811579494448
86.97438482889386
86.44683206467226
88.1968941228695
87.18126785080224
88.23797960814059
87.02735002028398
87.20338151826162
86.76255322399257
86.29065304831671
87.12860799383895
87.43083856537973
