86.01004776900893
86.74657765461676
86.61715617478878
87.29841412922387
87.72976123983383
85.01083954956061
86.08681592822884
85.77625912297277
87.02756730520622
86.38525654266563
87.02219407235283
86.71185761151278
86.68706182953702
86.43557882551357
85.7218131030533
86.40876701850061
86.72273591178329
86.66425024087248
87.31632146111633
86.45031208608414
87.60008640233983
86.67948607822402
87.19668233374134
86.01356373526174
86.54751167793486
87.06019011862095
87.6343138616824
86.901532361203
87.70808506979814
86.3850373659105
85.16559726112997
87.74837488828398
86.53744457291748
86.94449212095432
87.40577175724788
86.75980012306734
86.61783699668732
86.70406830837591
88.26450734458219
88.18685471899146
85.87981951309581
86.13673131541019
87.51546266159544
87.68840416578429
86.76481512367472
88.20096119762579
87.45698883168758
86.71295615103325
86.18098268340354
87.30501276474693
86.69621662216902
86.89835619134158
87.96239488030957
86.45485945415814
86.42722266256241
87.90013868152317
86.56681771441266
88.57319700511624
87.0999150195198
86.78548177765988
87.09815200973883
87.14805125191805
86.58861078444669
87.31586613788176
87.30545119249533
87.3934374771679
87.56738161387229
86.45289002529775
87.66763524620433
85.59800376520495
86.66055668202263
85.40796617701074
87.28607591038157
85.54295413856352
87.36815508830178
86.88798810378675
86.31943456384369
87.86939458890029
86.50665450122167
87.48938717895349
86.87185283979763
87.56767438592976
87.50159541994931
86.10705895421408
86.54224998053982
85.74443029557148
87.09878516565024
88.5120343715383
86.63713602216166
87.36338898278973
87.51730185683085
86.06756194500875
86.62337589824747
86.55046845988734
86.44645800642122
87.83585698432209
86.53730398526318
87.48635532843632
87.12495391320113
86.70333266701886
87.34812403718477
86.03650311703807
86.31491210717664
86.50595772897775
86.9070936560349
86.56847095120898
87.7407407364717
87.15362141959884
86.70230954411751
87.0697183205491
86.9702269821992
87.60944834004798
85.63162102800177
86.13248355105746
86.69295055755713
87.78400174901101
86.94065261463723
86.89820859399364
86.82982877922329
85.95569040909079
86.1584248898001
86.22682175537479
87.4624582589754
87.40776923503348
86.64473906776615
87.32407397431204
86.41530244322172
87.31938640771048
87.8211519080439
88.0436756153479
86.954839930145
87.46299469223702
88.59695683132809
87.17425344866193
86.68501785395732
87.49685133565843
86.71680922201689
87.216370263262
85.77246841668953
87.67407404489599
85.64090278306915
87.55248006772213
87.51773078392667
87.59946084762332
87.17053319758864
84.95642737773309
86.31371619835569
87.02206975968835
88.2978119644567
87.01512738850818
87.79038853967936
87.61882032490824
86.46610068002619
88.399310722069
87.61831408311133
87.07822299939825
87.30085781351887
86.89121073253995
87.689211591413
86.981650063666
86.34404504862394
88.35275000296478
86.63431796993001
87.20500027913732
87.10638133721822
86.8111437550721
86.30750026253267
86.30763800721688
87.63846027265191
86.28841582292408
87.77405624345978
85.71757515455701
86.90455167264368
86.53293464649676
87.34175274452855
86.92067775874507
86.99474252162435
86.7130325635551
86.42916294045254
87.48052753576846
86.89334279245905
86.31317553720581
87.20356297712722
85.86379441935918
86.21616699525393
86.57818676085972
86.0532945504263
85.97284988647998
86.99753176978983
87.35327177039728
86.35590403289712
87.47488428740806
88.37560155710696
86.24556619041175
85.75377601646323
87.30081023357593
86.40170512086708
87.51209934149126
87.00405558622673
87.05852586446682
88.10927341732517
86.28508653564623
87.00525337917703
86.35232486717526
87.13896768747087
87.27589372629986
85.44889765225356
86.48833631962533
86.62449617856608
87.79383347095589
86.84099979193029
87.02173377897293
86.81416450404154
86.39278056240967
85.82247924324382
86.26936647948602
88.08197067607375
87.90518039082657
87.02132488208024
86.34584002645362
88.0282219572604
87.75226497090439
86.90350502309975
87.4826563799306
86.41495497504008
86.85816929189981
87.21833918051375
86.9083599142036
86.54958380919435
86.35799449035756
87.41821159058799
85.35728049292605
86.05117103088173
87.42472057139479
85.94187080132352
87.22646594630608
87.01351846564388
86.14290886771691
86.13408141671167
85.09044800799774
86.28471108215052
85.55279709098342
87.34545089870993
85.89779569853138
87.87542443404637
86.74587280384478
86.39841705620533
86.92511886717692
86.39269341885583
86.92799428726089
86.20914416935322
85.944634544147
87.78386201089316
85.40202343852933
87.60081738718857
86.8965994993916
87.63475177686094
86.76799589417227
88.02318170405555
87.69429136358234
85.9129222294227
87.41515861180585
86.61287620719456
86.39502063464187
87.97533777246294
86.6160894067873
86.12122305199075
85.98404913563422
85.83557894486823
87.68363708960807
85.95627065272377
85.96088349732707
87.5908238179228
86.7256423638772
86.11158647959013
87.32986754868546
88.06364194928756
87.24617129186488
86.6971468474102
86.36207761060201
86.32645071058667
87.14197135391784
88.68580457188082
87.3259550654401
87.59378224051412
86.53930310537733
86.95522980905943
87.31243858108094
87.29352281232337
86.7615698615791
87.22068656920214
86.78493563770043
86.40789417466162
87.61754799247998
86.37833087428929
87.06394220546353
86.38384272152818
85.77601380962275
87.67445956926419
86.31727574982945
86.66920332467596
86.65248282667953
85.1351186937381
85.33340840047643
86.87483620133348
87.62048306862138
87.79751196999496
87.97128739522
87.28371757486435
87.54187707710493
86.95106674310597
85.94804909197426
87.17305950069981
87.52288126984557
87.76414104943453
86.90441195106965
87.3016855119132
86.22828991864472
85.84158750478788
87.82183844093157
88.00758365854111
88.0730117888663
87.49396294435572
86.61703514834174
87.3465127476959
84.91095144824807
86.73117336160068
86.8456934904043
85.5285437455565
86.3588145664487
87.32849540259085
88.05432474217902
87.02055689144424
86.88272443120954
86.34185336523048
85.89616098430399
86.84879337304714
86.85786620401724
87.230367350779
87.6072975891809
86.68921018259782
85.94199267402365
87.48835907696593
86.23849452776466
87.98799074069119
87.54332596963499
86.72354142596966
86.51110992229735
86.05436077762445
87.60256418179682
86.92480720190939
85.1052437934818
87.84237553436283
86.17110083863771
87.05588047886567
86.94403689951488
87.7577162189526
87.45105241429117
87.1512100728133
87.54085647004737
85.09433426590938
87.03459024721745
87.69100681850323
87.35411907742586
86.8921639221288
87.0887924200053
86.99202609014219
87.18873546539795
86.89902360760992
87.32377125836209
87.99480159751006
87.80224996390196
86.78521141609728
86.43425007268746
86.95309052059183
87.85359867992294
86.89906429253426
86.75986854893158
87.48853644080795
86.7021656624379
85.99063774922006
86.97073358895557
87.43071446631564
86.81817203682084
87.05280135982244
86.36726687178898
85.95034645479535
87.53126512079012
87.633136643239
88.10160197524374
85.94885210224508
85.8281029712472
85.80689344713701
87.6340815944958
86.71512039660436
85.85694500363013
87.05897709648622
87.57463881812384
85.54917809015205
86.45835226008552
86.01114410583321
88.61274767769436
86.22090897187249
86.27633049296931
86.33655237500592
86.11497890803753
86.86870083469601
86.0045913621229
86.67711381672383
86.61187034707943
86.10604605809347
87.14704091396867
86.51892793244973
86.86172676085845
87.1956576996794
87.431985364129
87.21185683939527
87.93921261398425
86.04330656980044
88.13825994895298
86.79108378279722
86.81913516775916
88.26492099762191
86.25179625534471
87.29656057165091
86.96099520585412
86.4208461121058
86.54637871315065
87.10391550096553
86.80594289677806
86.63296461351004
86.72161718495929
87.33383032366889
87.47845337008323
86.07051326745825
87.5398159007811
87.81598496071888
85.55897525670464
87.06778930678912
86.41084212263728
87.15271366976884
86.20393551687461
87.53969831306073
87.22009274513513
87.265148691978
87.6545605703086
87.44405498056905
86.23094145434031
87.38822946652608
86.72345388231015
87.55838414809429
87.17974763105363
86.73617570245872
87.03894327838725
86.4851637627196
87.47478349417715
86.57725553832378
86.38470988606728
86.24739552537815
86.88596954976039
86.83994188467568
87.28720319711515
87.48563436701325
86.27122974878453
86.9833348278888
86.39665334078691
86.69904444641713
85.37506169524082
87.53333934214314
86.19771346856412
87.07032545417407
87.05366606155059
87.87033011698503
86.16527803653388
85.76632094636
86.2500381826053
85.17629533725633
88.17925560914249
87.15739697865477
85.96559803760015
87.04940215748003
86.91134080228717
87.87642822825276
86.89587310399823
86.43011636354893
87.48181783037813
87.45521941117923
87.56762027355688
86.2242913141047
87.03365490054894
86.31237720176125
87.74517714424056
87.03721258269543
86.49937880819112
86.49188684930984
86.85987463100719
86.82435396406645
86.72504389593036
89.09992289056616
87.85915432588718
87.53702722999749
85.79320132284225
86.95541690972654
87.99865207076913
87.13219726234824
86.68978183341075
87.0532792739251
86.7075197613007
86.96836984676222
86.9837229705858
86.06541710089628
87.32528850520355
86.15414797087931
86.87919308146665
88.77361445686604
85.94252323894662
88.79809171499971
88.40534658931693
86.11310909411475
87.43920363703423
86.82099605301431
86.80058482006537
87.59530869651819
87.69426613176523
86.35449356185927
86.24507001726788
85.50430292842265
86.50288705404131
87.04020003162226
85.9705752216803
86.78913552638546
87.013423860902
87.52999605232677
87.32698997872254
86.61965056418948
86.12930064121946
86.55970587040176
85.94688614934567
87.09832346804815
86.05903313518347
86.87391519977055
87.53615570578489
87.21103643775382
85.72470914280979
87.42376758271682
86.19902462523423
86.63578501932989
86.83797177611878
85.74183238422205
87.50015690267101
87.0085364167081
86.90746906312766
87.22558548492302
87.04854880040885
87.29097695259874
86.78764451591572
86.71669638128101
87.29946622687372
86.69780290828173
87.26457610232191
86.90619815124083
87.24046358108595
87.94441616569276
88.0701226869111
87.4838406210762
86.54433562380711
87.59308305555105
87.76113187723274
87.15428811484111
87.09400747529483
86.7202621792338
88.08848510405585
87.35410803642442
86.25357894557175
87.12419958763974
87.1427382236695
85.81738390438717
86.82957406503773
86.95825736632851
87.07147914771492
85.20625401287015
86.91071966197151
87.36128364235283
85.8981881666329
88.27010217015324
86.60941781918564
86.59220104733076
86.99218211239464
87.7831789388057
87.3058986683398
88.45952321268844
86.91956373033014
86.10558407112458
86.32278536126181
87.85213727826283
87.95595948495733
86.75437410811404
86.54773338469847
87.51930974288021
88.03381064843617
87.68090482935217
86.38625106418944
86.09875582146745
87.15837533405708
86.64987901878665
86.11558090947942
86.5945497856199
87.45497050024284
86.93007585496603
87.43395141863019
86.4590660503621
87.51187444779457
86.6518770786156
87.31020772484503
87.17018890198143
87.12326666200626
86.78736480057367
87.18518288681403
86.84248538806354
86.06677571215636
87.02162592239941
87.35971046919555
85.33575179300135
86.3596861887848
86.7196782145216
86.87300189322742
87.57964491442007
86.94517260484166
86.5266695253919
85.52620602613435
88.00269041377894
86.32112949264516
87.09977461631652
87.30677090890477
87.76154189042401
87.47796367925113
86.90765513469007
87.95793756128027
85.7882929362268
87.06616087972047
86.35161528180016
86.9523861550692
86.82061383406636
86.73061270675123
87.01004223084718
86.03275469575084
86.9967849142272
87.25622721520143
87.72680676021925
86.53925178171528
86.71481612545743
87.07295306892752
86.45931521452668
87.14205102814914
87.84523286885637
86.44115670080359
87.9726794673676
87.73124949306636
86.22225833391514
87.77346721225157
87.35462500872451
87.31670687620127
86.23152347877655
87.67163656564722
87.14760007030162
87.42425091369773
87.12939813937476
89.22394988003528
86.28957304420692
86.79987453661039
87.26657004889421
87.4077990815478
87.63631134962868
85.78592456350607
86.87864600890936
87.30847748755997
86.75787780141647
86.63767020042499
87.47370853453924
85.37431855232836
87.06555526886342
86.81798711743545
86.62509592156013
87.07474839251559
87.10583919871907
88.1614039763917
87.0400169462627
86.89529478685269
86.66566230741954
86.34453915686515
86.39342598115317
87.09782637513106
86.72122998736216
87.48785955664812
87.58894905298497
85.88866399687949
87.09577879129797
86.58119460450034
86.17093228018693
86.42928480304957
87.5988712116653
87.61642962529868
86.30276245295273
86.68500016197913
88.666073964487
86.74172277590998
88.59092104811744
86.87359333749382
87.1660656836965
86.78734982862599
87.04572411178803
87.0565690455836
86.59203971355699
86.95175260045232
87.27868418499112
85.23630450077053
86.31861205001535
87.58908437193953
86.46861772656266
86.30797026063782
88.22779373193647
87.47726165788544
87.88669932927831
86.5249168400098
88.08840587304555
87.85421367750041
87.01577292660512
87.50999114137605
87.4127652624164
87.14363085175599
87.70989823030807
87.01078321548636
86.23473568016098
87.9812878629648
86.52988742479731
86.23540144257602
87.22089789898274
87.0856574251713
86.8901026054074
86.03655595524015
85.98981679983366
87.25385671747388
86.8566608291509
87.32546640729656
87.79867142299942
87.31183353499685
86.92964981351051
87.14360964072944
88.13325465410345
86.06845122852481
87.0211153211273
88.06438649533213
87.45104360301262
86.29196795474907
86.78142896030383
86.82248125395802
87.13141978502651
87.37383045728252
87.16903868158221
87.38090757142581
87.40342777866147
86.27147675809263
86.71915379806188
86.41154424481343
85.79600528890037
85.8552016118839
87.21968725550879
86.90628308586207
86.9828869192496
86.99808323355239
86.82695302143655
87.38062315790657
87.50609583899504
86.76570385006224
86.48929654490406
87.09233608569376
86.73799959395095
87.137748324402
86.86443091620528
87.61729426636464
86.58928522989676
87.1307641384034
86.58750256739431
87.03247859019692
87.62991201226504
86.15205694381757
87.27242857821491
86.08984113263892
86.10749806556024
86.96911817397717
85.12849554997949
87.95433613088444
86.78573465605614
87.01837056825221
87.17258748660205
86.1953842445704
87.47565075642945
87.13563697656289
87.21101004970161
88.01227194885662
87.01245520944448
86.8305821204759
86.26234647250261
85.98756321614886
86.75189228840107
86.08278290802122
86.59533255361335
86.8708619457943
87.03097214061569
86.480287641611
87.37184968441552
86.6339359209848
87.73777062506133
87.37180223973975
87.16401082423812
87.02290652329293
87.86190959978403
88.11055241959693
85.4933708801051
85.91992940052423
86.71757716923284
87.52628069504378
88.07250977699236
87.21934668558606
86.99334131090609
87.6425481603641
85.20190275903163
87.30220424240126
86.25279908724949
87.66659152172949
86.49756772159145
86.2866756905165
87.65309339146543
87.29697975372659
85.93613171177888
87.59177733345214
87.21513757776235
85.90820372808687
86.19522805382918
86.2116532821181
86.99864214351592
87.45725025469957
86.44756518954509
86.68552150903275
86.06937921381258
85.29472321843642
86.43413609203374
87.35048140892154
86.25252015309817
87.41223655220242
86.8133770283607
86.87657631223765
87.12582735910816
86.99932766774364
88.7234316954264
88.19247197452724
86.63614933119325
86.0425957784411
87.48109501268338
87.6270109164177
86.55932268082485
86.19521025912759
86.73556019534546
87.99188988114187
86.59924371837353
86.07116672168242
86.0034169984068
85.78516276452632
87.08512394838903
86.68590408676229
85.83479196589215
87.10170613895214
86.82661167582988
86.3303985404941
87.77528796454587
86.95957119678002
85.95819134531409
87.16757235338248
85.9282195422447
87.51432330348617
86.8799599331082
86.84194954069028
86.3701815634266
87.6347683639609
87.25936977420037
88.14874730537178
87.70699567366258
87.51116115756923
87.13765618054876
87.56392977481045
87.25814071263156
87.57352516703958
87.32586564152727
89.00228825545925
85.8164996856744
86.70835681792842
86.78797550886769
87.72430982567799
87.48554264586934
87.98176570129147
88.25108263986071
85.91974479965587
86.11764419139665
86.27319058923183
87.06374863725317
86.85179079583071
86.71544171057285
87.74395964940437
87.23418256745906
86.86276627343442
87.33437587759857
86.88338081615912
87.93972930839537
87.29317176260338
86.704899606183
86.43091194588246
87.22041552716216
87.16825172435298
87.37258722762395
86.3456789387783
85.68570070729852
87.27955394656733
87.63141386793926
86.9101473455842
87.3759361822424
87.64490939379166
87.71869287169594
86.79112156975835
87.39307934530535
87.2944782244117
86.36085165794583
87.09495659451026
86.87038064732906
87.94304849541066
87.7215881526781
85.50921943298285
88.19147602466008
88.10866042011982
88.22582889049443
87.24035832264128
85.70547422325123
87.407797188226
86.78211786030903
87.16264721513168
86.79659938734136
85.66838086749293
86.92717568083275
87.10324519060379
87.13190526962514
87.53496086309241
88.66800290413899
86.75946334055145
86.50224551958378
87.35800279009068
87.2733267597481
87.6339629819921
86.99158678440297
86.89891379136122
87.2160856092915
87.18305919401988
87.24318476387302
87.16456245255829
86.85334893054515
86.34613564401305
86.69572508458619
87.02692059927679
85.94346158492252
87.33763087587309
86.8101857540569
86.45264377781689
87.06907486922819
87.44693220261819
87.98870547442282
87.11310352709906
86.51950547474475
87.26612814685062
86.19260964466314
87.46855480867403
85.80335948769029
86.71547696555976
87.19536167364193
86.30346212050095
87.38874437784796
86.60653303160058
87.86011503811847
86.74872625301131
86.7985736677109
87.30580581183965
87.31711968711122
86.15719217718572
86.04166008625923
87.46083155052442
86.63096551355191
87.15248438438628
86.92015231372234
87.63260632213256
86.76504280890464
87.65905248460672
86.47377551337411
87.30412987974474
86.19755014176599
87.85705467863228
87.08025929845276
86.40407480462179
88.1785453321185
86.19708793884837
86.66499327386755
88.19486812867679
87.13572239982577
86.62498420902872
86.61176890115097
87.7757347465063
86.74320555983569
85.54536971946898
87.43492821924998
85.73577202072464
86.71452564159415
87.66720884007412
87.39807284206879
86.88538711119041
87.8790557174614
86.29235008221522
86.74494961528856
87.09258391749071
87.09687899807544
86.5417321043312
86.79676897471205
87.25010523975428
86.54017207877763
86.4947895626493
86.3792350259402
86.81723520911322
86.52442571159104
87.58442003631899
86.41960515822133
86.64828851923322
87.28886920793174
86.4484668875545
88.18042802437184
86.52791999647619
88.67952684772867
87.35838006442563
86.41281320551295
86.88604542623393
87.67061891877836
86.84060363356159
86.64540276595066
86.72555354690896
86.71840440793662
86.25476151940674
87.76628490287985
86.71348152607915
86.24970473760388
87.67198349343573
86.6091481692063
86.9379164095162
86.51315632762235
86.64210998673514
85.70553508488504
86.97646144620245
87.03491707422701
86.5065563372948
86.7055006727681
87.24245706694896
87.06183261642842
86.53407568065408
87.58311715188374
86.92601872194999
86.23110530306799
86.94942949253958
87.18691552919097
86.62263130097988
87.72289615117765
86.10572319693205
86.6004488828751
86.66389954289622
86.93134993344188
86.05142387874098
87.1659051810084
86.5025328949906
87.40239208860635
87.06569961368422
87.41959519339119
87.12107741027472
87.2144960808578
87.08828213587482
86.46509534151627
86.60326821768192
86.57884578078367
88.0250623674302
86.87810603322636
87.03812984524761
85.57976455521109
87.25834721742861
86.78188878900131
87.65743105817693
87.04888145028355
87.04812709866549
85.88859985417226
87.7374497213009
87.42944488919505
87.93038585815141
86.73426948064281
86.60857193921046
87.66327354073232
87.71355726728073
87.23609836472163
86.47546922960413
86.83504491957217
86.69234754359118
86.55526012672593
86.67977390493917
87.24355247219475
86.26039623716824
86.96489285626728
86.1640164064434
88.11083073240239
87.0002412240558
86.76084324417145
87.68686906198647
87.90885065001456
88.24533678430717
86.08511970213854
87.28781093323387
86.76072130470065
88.34906995116137
86.5699840968657
85.065673206226
85.85819434771366
87.49443356092296
87.58333927852406
86.69839129319665
86.69762924279098
87.00548332321073
86.1167156864552
87.03688918511205
86.64444227956494
87.29003510439829
86.62213918696324
86.94614622738372
87.12103818375802
86.95332250637439
87.12579902252821
87.01881337486857
87.17776079781828
86.01798448278998
88.45826201602962
86.93433947822759
87.54300556933512
86.63530962381684
86.9224614149525
87.3139583143225
85.61406788420337
87.94948408586396
87.27203174356451
86.39380263623511
86.92188960972757
85.75557095885222
86.7807900193793
86.44002579445447
86.70764850889202
86.08376115455056
86.89020573804073
87.41442990716011
88.17693857111747
86.36877031090722
86.96206576506478
86.92406008862038
87.69250895182606
88.2551432341945
85.86730546324833
87.023105349971
86.15664060308323
87.25217953726964
85.88318480679469
86.36321010829936
88.17707398156007
86.67967095178155
86.47366730580583
87.17411842258943
88.45726447399083
87.13853488682065
87.6626452989877
86.35456208936377
86.79262243221288
86.83279016928113
86.98565103140764
86.92104166045657
86.97235273495856
87.6459263785555
86.19856978223419
86.64015471881604
85.78012069315666
85.72766727049337
86.9914088556589
87.49061483566439
86.56406278074539
87.16872088478554
86.4220331837512
86.22629076138195
86.25458138724831
86.39755059267159
85.8556520997455
87.06961809937937
88.01409356799408
87.05056714402056
85.98968519482365
87.2053554508115
86.50845243667098
87.10021880611748
88.09556953338546
87.00032234249446
88.32776217773025
87.3809689903719
86.5798333187988
87.19981786457392
85.83828464605166
86.12756163179122
86.69605529882983
86.67889874560997
86.14755783923376
87.22722178079661
86.82900912268988
86.91435611773775
86.87687430527271
87.13093747465659
86.29375478049133
87.36828375280353
87.78502679967437
86.55717017429944
86.88739391401226
85.95040624547966
85.85816399293152
87.14046703262723
86.93819673597221
88.12104112642086
87.13840112575417
87.07134732374114
86.30707666597927
86.5268038445465
86.62589608118597
85.07460359750485
87.25912975033732
86.72316585136316
85.96809901352727
86.42886187585525
87.66928443389686
88.18458549638574
87.12349378342579
86.80870048426017
87.06810484455382
86.43309407522767
87.44681613424814
87.16034858407545
86.000029430165
87.53162312099398
87.11663739840404
85.5656141385642
87.39788834353043
86.53191838804692
86.99449909998543
87.36177094748109
88.0217788005167
86.31304221163089
85.73134312100595
86.88579431888392
87.47868269443968
87.5242285230184
85.97886221519859
88.10675156948872
87.34036729897086
86.95485639900716
86.25646184596162
86.78494879183316
87.72175584582791
85.89334036106403
86.45379083746904
87.98419230989853
86.34719506717579
87.92115314913852
87.26732382220494
87.10007506341003
87.29847127143695
88.7142710416908
86.88348552569038
87.80470486535214
85.55676118777413
87.09748172106771
87.68077276634985
87.09487651661118
86.65524620468796
86.42515240579725
87.84192770593258
86.67628632718349
86.89606521577966
86.99951425365619
87.70044104047264
87.69639487342135
87.5195486263156
87.24880612377116
87.62541727385452
85.88403127424625
87.08236676862683
87.2101097657328
87.03997636449637
87.86949749114866
86.65914219981735
86.59310911069568
86.44590507563338
88.07719364987506
88.12118766235109
86.94853781418236
88.03921141042687
86.52194646017921
87.88247576110489
85.9784811142933
87.5916180112638
85.62193675711728
87.8889131700282
87.46055741315828
85.91668737459457
88.36416598827614
86.72264976433668
86.19789849218087
87.86004858763361
85.4261477168778
87.80764595089484
87.53361024385366
86.32461212166768
87.26850546867233
87.37343903595168
87.60803210599303
86.81611928974607
87.73619859663572
86.76716316024726
86.92694111801688
87.91092088733859
86.21106422726766
87.7260042332223
86.65190334230284
86.11640547344356
86.50814289421295
86.92174865285374
86.56788873447337
87.3293753344757
87.63854349321574
85.99870696710333
86.49333537175987
87.17150265071861
87.57950702348802
88.06483946113131
88.21538237068012
87.60184026924469
86.39893110857983
86.04040411517562
86.56731895968474
86.25360163950712
86.96202921079602
86.44073603941906
86.83037286508626
87.50501085069614
88.00255793828246
86.71328187199607
86.51305473509456
87.38634414466955
88.13721844163285
85.92349359761623
86.2798204633347
87.47501424877979
87.33994637835828
88.12276230710951
87.19466193148811
84.91081510427233
87.42454051591062
87.2337717980334
86.53599944284802
86.27776126701512
86.28503101195193
85.93361598642078
87.50075404503292
86.31624826705618
86.88589061508864
86.90967526353383
85.79275485736335
86.01693957024001
87.59924134797609
86.85645429002305
87.2698855967404
88.44030295364448
86.9558779099002
87.09793327259943
86.62659058445091
86.70815925770886
86.14044786184543
87.23101781590337
87.6279125652592
87.12856366924035
87.23738953501866
87.69495662220643
86.72085106624772
86.48701759705152
87.09434491757146
86.70448781645722
87.62764256315573
86.46874504016618
87.9120976061164
87.07639300909773
86.55060073499197
85.32990860848473
87.61453262908323
87.77847596022451
86.79879590708877
86.96553488435937
86.90161339589389
86.47132042031011
87.65810730451294
87.38724697642387
86.19211519153293
86.60528711469043
87.6178242471476
87.74475426342732
87.8711432527161
86.74306957926328
86.0957629930663
87.13061353154251
87.2023192067245
88.84159790804226
87.37178473863031
85.75743484019233
85.97396723282891
85.135269821654
87.51953210242067
86.01574677532746
85.87439177657704
86.95169006953085
85.83061609229449
86.3742337112713
86.96387615477336
86.2238618012764
85.84128677405579
85.79375638512371
87.04905233510291
87.21198182601277
86.3229133224495
86.67743695273583
86.9550114847965
86.66895090307345
86.86935274943734
87.55890533744326
87.90434791623487
86.95636143785875
88.66459160531174
86.75989666739483
86.39343985465312
86.96924454688957
85.73002010374215
86.23420195225285
86.33031277189657
86.40044184988885
88.02964254951856
86.52045033462609
85.61192212085693
87.77298509306321
86.54736543108841
87.55790529986096
87.25308822904373
86.47442697002325
86.85650926742576
87.23622733213766
87.1297878285799
86.08285692101778
88.23141029389456
86.85321797613354
86.72908177981651
87.01940022299264
88.20703371998445
86.62987574676475
87.4349373122804
86.95182545441021
88.94187529411776
86.0164326583486
87.31167655142902
87.51577339108084
87.25984942788524
86.00590515983991
85.68295170309503
86.75386833785609
85.6742074574798
87.22748206589883
87.28673221669642
85.66777068221128
87.37376730787771
87.60801546029985
87.85581821959735
86.68942470114973
87.33302073550671
86.65534360055344
87.94049811653068
87.2647720472431
86.77757717402837
86.17564776198735
86.53849200217267
86.18350743883057
85.40205124587517
86.90755815815065
86.81234824196548
86.45361375462993
86.04817187192582
86.00594694248676
85.42752118927677
85.99549364390066
86.14731127125037
85.67414569779594
87.13042809695703
87.35261877582204
86.4563922127764
85.97915649696662
86.30710507456082
86.03483080823852
87.46383713595347
85.64624386154838
87.92458425667154
86.51914539658954
86.18775518036803
87.77256748923158
87.14261320031474
87.13904490940696
86.85468852214395
88.04422801642576
85.1528787559293
87.33558077808355
87.25339093366195
86.7026557714506
86.3231410139634
86.32358327518055
85.25706741644628
87.66414361015553
86.12455810955007
87.11959764110695
87.60056735362171
87.1965408633717
87.4747548008339
87.83539140223137
86.7938898808602
88.03734970424416
86.33644867339459
87.15367568580395
87.54753751438285
86.04996999008405
86.59999813699561
86.42694053027544
86.71715554873269
88.03894918697009
85.76219445416592
87.05070801761269
87.1640858229119
87.28861682364408
86.48941192091208
86.40794849632482
86.66355638742117
87.06790491243603
87.05558601595752
87.38291594597652
87.40676754323933
86.8919848964581
87.71324778352005
86.02638002388143
86.16719075490919
86.84352889366637
86.35118243390951
88.76124012406278
87.05039335169927
87.85254543506348
87.9010400142297
87.88841771932341
86.53626244902561
86.36961408041064
86.65483427579085
87.02412320627802
86.01117591128842
87.92246812173936
86.9494958205323
85.2640084572648
86.5750981533272
86.99004952481228
86.56255830920959
87.22624482677762
87.1657507624558
85.68869522561036
85.19681562750219
86.7503469994057
87.38682454541105
86.74329517758974
87.18393013856779
86.75484402999125
86.60747922323287
87.27055627101582
87.98091952339757
86.88335025632618
86.44396819360045
86.18734760599388
86.96008169903595
86.53100296553447
87.28649202067521
86.37598335784104
86.77157996858696
87.2004288917537
86.8493982081472
86.43799025166749
86.51997747482268
85.19935464723292
87.75624334378028
87.36155625058947
87.31839638642171
86.24201599564373
86.6884857380685
87.15381157178537
86.30518965406694
86.43098449981312
86.99206646867879
86.26168085755468
86.43141750069036
86.74211633250387
86.25834038817058
86.65787467387929
86.99372296616772
85.41520591405317
87.09334596114965
86.83508500887999
87.31839793297023
87.41314269663982
87.42073496061894
86.45075574021965
87.06642606472874
86.68218748474156
87.30481234305115
86.09240099925755
87.33615582242305
86.1140755064916
88.17510912364283
87.96846683058537
87.14738201503832
85.65711861427977
86.27357060518426
87.43984817689555
86.84355184979505
86.5731255024429
87.86687624394153
87.41064553837457
86.29923286269594
86.84889990904126
87.35653346335471
87.10177239941731
86.41972509997571
87.08035875692818
86.92029802119899
87.05733690456815
87.18512476018225
87.64649413400717
86.97515285751562
86.87757212906185
86.47063871444178
87.70743281238438
86.12465174969589
87.78159951372764
86.91959756755026
87.56985947782121
86.80289895592595
87.71996938974532
86.30133601765196
86.56415051541407
87.04955652919266
85.37279394242083
87.59391447786447
86.14704701227949
86.09646216790411
87.14680746600861
86.78304285884143
86.75587521814042
86.67720061082336
87.1474778787028
88.26844879896385
86.88803867387193
84.36046272263789
86.71483089613312
87.37414784536215
88.04138814423253
86.62925646058747
86.32382259087508
86.78855381331744
86.66463199435236
86.65546845543854
86.12331025402378
87.3603347431853
86.3245581729404
87.85773388351419
86.33259736807302
86.68756696059344
86.2193605422446
87.21149888257078
86.40072251323116
87.8514149945602
86.82349952154223
87.7571826736225
86.12727307819037
87.61858918256902
86.54062772735901
87.11193536425009
86.64182334483269
86.64789638537603
86.49337728643965
87.42670902139184
88.31304681220952
87.26309988179682
88.57156665259433
87.41090183651487
86.24012404145759
85.92404528501957
86.58144451488862
86.69113578039169
86.59442524060069
88.5684772793854
86.05036975963361
86.29874315804129
86.5848496135597
87.23719419748639
85.90634472767152
87.44475017792274
87.37609057612949
87.98461999613963
87.0045125578276
86.77365977730236
88.22662002014353
85.87567525453348
85.37612567484408
87.55091603253189
86.85139950283276
86.36223482991647
87.427440295609
87.57369370346525
87.50356874883808
86.98713051281979
87.98878521259579
86.78563441983789
86.38382535158165
86.93423709842656
86.8355937600475
87.3048200177776
86.08478893470082
86.51903733136199
86.67314135554216
87.1880444856586
87.5333737191323
86.72601740938767
88.8453598489214
86.50107362371602
86.25607573194958
87.88916692231204
88.38226398321774
87.49164043527333
86.01711812641976
85.74779836333023
86.86568587183136
86.56763609981121
87.99228467077415
87.06255366109384
85.42710371265396
88.188155362107
87.05363905975524
85.65446999058697
86.74392661438183
86.94790726182782
87.40683084109737
87.05556365848709
88.09448443381595
87.29499420868204
86.94088361482449
87.19929042782624
87.27279681070318
86.5719735688143
86.61648755118338
87.27238593479701
88.63014355915111
86.23580349814684
86.23736136538335
86.60139393223018
87.91952763363517
86.68084155087887
87.0163154593512
85.64713222844377
87.07485429816468
85.57499762700053
86.38801527301972
85.80170529361547
88.01424163895283
86.31342129236005
87.55972201235514
87.0063980334069
87.0670944854283
86.80661480755968
