86.84252118460782
87.24798722894721
86.33125472982069
87.5131263380347
87.51560196236554
86.70915894349828
86.82177275401651
86.06279384279837
86.87629047014255
86.23737822425676
86.45347783353941
86.66716958909483
87.75581455087145
86.27958507733211
86.748752449966
87.74212826227094
86.00593386410225
87.9588705972201
86.39736051742923
87.25984454795942
85.99489777411412
86.60781412563824
87.83637823990409
86.63765006474453
86.77328617510128
86.72029433560976
86.67086376380969
87.19754373980983
86.54380233262906
87.41198015262638
85.90416010793851
86.18019138880332
86.8423481001603
88.01175974125871
86.32562500492489
86.84303509783513
87.27524364945108
87.21204810053561
86.27459317516394
86.37859384104016
86.29294368974789
86.24371588552681
86.3738775182925
87.13253222924119
86.81948904034641
87.56947610929232
85.98687757596207
87.23969672061862
87.01367251716384
86.82439524768266
85.52122749459464
86.85407570395631
86.41952247444945
86.38082305628465
85.8936875772244
87.23273143319967
86.11503988581795
86.02830051139851
86.30492821534301
87.2032542434157
86.53195821653819
87.52686732267142
87.33110290497254
86.10221047751081
87.87028908684879
86.59548069752601
86.00578041955471
87.95549146524317
87.92857415759346
86.21734384307771
86.95162299780705
86.11332863649432
86.02857723410435
87.45403305479394
87.49252689239574
86.8027987982613
87.12498746359647
86.57888123948459
86.28418301793906
87.18491803081699
87.69156305285549
86.8832032171342
86.55264093073713
87.15741147117303
86.81248653237708
86.41623293022263
86.34696919376151
87.13700390106305
86.95422229334886
87.43453873346253
87.24780749762182
87.20161289197942
87.4907442718831
86.87586244666637
87.37541086264305
87.63137250164029
87.30202791625462
87.36067256923086
87.44736717739595
86.24733817395787
86.82166637225792
87.40959944935294
86.74077157717403
88.2080804126631
87.21872138535205
87.71227192396701
86.65602465272562
86.45671395785239
87.06885247885623
87.14891491607109
87.58046498694263
86.62168007792243
87.18298110679626
86.54366049621427
86.34437335198288
86.64013075099287
87.0088169159746
87.8745125972649
87.70337912272795
87.59727330897766
86.98690620395287
86.0125823735349
86.71357845974266
86.37397190878997
86.6275620935967
87.0048339818345
86.7690324086963
87.65929212271854
87.23221379161122
88.00618839038133
86.19360429977144
86.11728055673726
85.64994468664447
86.87014418653449
87.35885038117442
85.67870006398685
87.99463938686857
86.66440158353241
86.41075416863254
87.26285945688984
88.27461945778138
87.61825278779207
86.9333073540692
87.04503206232502
86.28604229366047
86.04992845371515
86.52343795569338
86.68677852447507
85.46114632044996
88.12549781807351
87.00831280556962
86.56705835021806
88.61727692618835
86.63179159567285
87.10127454182978
87.42755424178071
85.24861002689282
87.72036416096483
86.29161845299006
85.81032699638808
86.50013993154155
85.54116592820722
87.32408892840701
86.8795668515307
86.75222303037127
86.90847302081521
88.05659287586754
86.72470952593784
87.03202544238867
85.04800669124579
85.63279599586012
85.82567190745178
86.26493315300611
86.3545664821093
86.18810115938037
87.12753649471424
86.41603858102538
86.99021876999335
87.35799025448748
85.99931510655115
87.14370717174978
87.81497189331584
88.77988692235444
86.81809311452614
87.43591910849251
86.63738908790991
85.92939941532698
85.80155071595743
86.23512140784959
86.65804424098172
87.87347571581411
86.01172333214028
86.8202474538694
86.94584080973821
86.86266293609417
87.21024633063179
87.16162998242496
85.91450809784787
87.46534172624526
87.78554271696183
87.75360925637744
87.53575823922041
86.05404949041738
86.62669346634577
87.4466444562091
87.78031300752077
86.36328521205682
86.65104621522272
86.03253414348713
87.44353351545696
85.64141773957417
86.94089331067005
86.48518739544397
86.97722060553795
86.66930587722439
87.01763570836846
87.74561284248811
87.0094143459723
86.70052237695798
87.68183843401292
86.9603645335186
87.01461096829935
87.01339404251041
87.9271799013704
87.22183067004676
87.68294264452896
87.38534167370588
86.66757811755406
86.2581126759142
86.5619450267675
87.12426538656405
86.57167337661456
87.71436124580805
88.07333761084864
87.17679015413016
87.28879204219264
88.06768929916299
87.14156807630995
87.91397342057817
87.03921321402132
87.09331358963269
86.47987535280097
87.91850819071921
87.42351070196536
87.5683786017643
87.82809683083204
86.40416638827558
86.70075751931712
86.60385853164321
86.99985731567362
87.72249740693897
86.24527595213125
87.9524527021222
85.68006178917985
87.29042187041492
86.19793595892452
86.88522595719888
86.44880352273921
87.2539979517361
87.53082754992575
86.73944192359737
87.11052062425607
85.9522013165303
87.31371686870983
88.23834071770713
86.25139442662639
86.48458423683198
87.0161520965595
88.32118106618572
86.5865179346704
87.29903921135579
87.03008291178382
87.72542510800729
86.6181950808768
87.29031250251538
86.4730798019092
86.25473887244088
86.65369635102905
86.9913771861316
86.54098980391525
86.11393651273697
87.54319136653409
86.89856281810516
85.9190924419423
86.84825872681195
87.13330572680638
88.35670599304058
85.814312987752
86.41548748822458
86.43341340194357
87.8687281064008
87.22098624144718
87.52006651182958
85.98216849497734
87.30475186432298
87.03326336533902
86.84042875676084
86.6678019689458
87.13530912310202
86.15327944631892
86.30616768286487
87.201425818039
87.20836753663203
85.95656824886287
86.78409597938627
87.67747375772832
87.4316873602497
86.99272523369666
86.77685946832909
87.11885231268624
85.79238350179537
86.24779568431607
86.31246533674657
85.53894373476128
87.74894203108065
87.76593015919497
86.80041011232453
87.41365757740728
86.88020100403433
85.88296898009801
86.53137826287485
86.89621525242285
86.99422812319918
87.02202560598792
86.72819704199104
85.89323238152453
85.70947751095247
87.55614075237628
85.92128885751636
87.46342405741349
86.99825385740232
86.3789480109391
88.23746598303373
86.58017180048333
87.60694099909863
87.9967643095068
87.87146385249558
86.16519241971949
87.1239795212921
87.26517846384147
87.47872204956276
86.52039941077575
87.60912831145184
87.31370699937774
87.65438132906975
87.39570989700482
86.54189153998665
87.95480132648869
87.06276945400965
87.51573034630623
86.79609945433891
86.72502275828232
86.37767803426772
86.30790569732868
86.82744085188058
86.64249541587398
86.52178466679315
86.51185840362298
87.79608231040929
87.29421844111177
87.23396085535576
87.8139960296346
87.69868829911934
86.80678464993574
87.23109196529686
87.33778306122176
87.15286020037395
87.4360533434843
86.22055718556219
87.98310654080545
86.49411285355905
86.3093454632214
86.84951826861248
86.69503303307914
87.4554267129451
87.44139470010558
86.00366135665992
87.5740598354767
87.20355520943876
88.1664657891331
86.61211904728462
88.27506390177872
86.32798211863596
86.32185105874272
86.52002721013943
87.20199681980247
86.82306631200025
87.28476851530438
86.67356309983741
87.61840733721814
86.57546850416398
86.58594500874469
86.76699214709559
85.87227514606877
86.84514558026703
87.25116107157646
87.91887578812813
86.8392700902549
87.57728752430229
87.2851030985534
87.1918862204916
86.18185462786066
87.14677727343155
86.06798390215071
86.44435754789487
86.52256475233044
86.74933397781754
87.11205543670954
88.05817947988142
86.71637503585899
87.0226841846374
86.91229146685089
87.96165607622854
86.98359590454938
86.08004262107897
87.4517179979738
86.21886754887011
86.66512181428595
87.00356077169708
85.93885722804163
86.43300250275625
87.0893588769501
87.08401479921014
85.5306503634972
87.1016740685782
87.93459447507858
86.12987689972964
86.40361105634257
86.5867157387345
86.86737715742142
86.34397813039075
86.09505950018058
87.91347934543403
87.01329490742843
87.48855182835602
87.09586417789689
86.83067918316708
87.49166852699375
87.20791944234816
88.25407396413569
86.38867264964499
88.49021697692173
86.83840709039472
86.18620883851834
87.74821391400822
89.04426483313807
86.76753376126106
87.4553851233862
87.02495253033774
87.10842907663837
85.97852043475454
87.61843887776512
87.66780401101019
88.11130154184964
86.61285821256106
86.88184027815842
87.62365398204413
86.96162366237134
86.8516949847942
87.31015546766696
86.4702334729511
87.85491033228053
88.144149008619
86.01713971878964
86.53719826256584
86.81601233458878
86.65150477928007
87.26248289904757
88.34357782988249
86.26538425334873
87.4046710609586
87.1754107545508
88.32646221690628
86.92980794675243
87.47613717963137
86.55412751433252
87.36709325744701
87.18662386771958
86.74620572714906
86.82516247195831
87.08396674387458
87.8063054811953
87.57901760411487
87.28215424542343
88.17051147628376
87.06575537703814
86.51237309139634
86.93211650218456
86.6661334135904
87.27898966923283
86.88398271470578
86.86055945623725
87.29428918530373
86.75975911305805
87.62809730636391
85.36935740645202
87.01217120743107
86.47102032195794
87.03476300949691
86.359725027277
86.41765775959466
87.32404847360648
86.17611280982992
86.58903290451629
86.26666589835266
87.35806831843712
87.61124107488884
87.01694182785616
86.70229321006349
87.01326584366369
87.2632345974259
88.2398885278817
87.53675353255046
86.4149266466673
86.99507023007546
87.31557548037716
86.76372485836556
86.0280015669403
87.02696518844698
87.14324840680378
86.31768726338458
87.03536287062397
86.57890099175293
86.81920257354206
87.028552259133
85.36340023025885
85.42995716273728
87.15625899012366
85.92703449192915
87.10170389397233
87.81983973083902
87.52145955792398
87.22622191667423
86.16700299786837
87.75033238053051
85.8043842565506
86.8878922545564
86.44162609732143
86.20804806704727
86.56414191400751
86.64275934534123
87.02856582954661
85.68876493681879
86.01862478052104
86.2864691503843
87.6915594900825
86.47876237048179
86.7305521713846
86.92320079499028
86.2314771848419
87.21137275194492
88.07244683569579
88.0024256737324
86.46858567275177
87.41589213142178
86.48266472097406
87.69188229227969
86.57659068994751
87.48227071504921
86.85677143292959
87.06175408134305
87.93343975950584
87.55966200456106
87.74539169103312
86.1558286467753
86.19110673390955
87.92217736052267
86.678689876724
87.56554653773809
87.50816721013695
86.8524055264208
86.31822598383282
88.28174887304448
87.43702556494215
85.94787058265446
86.45514940044406
87.75174383191639
87.89734739447343
87.38953806278849
89.66570640296254
87.02651055404053
88.79202814956747
87.42363712129585
86.28654426132242
88.20497928421827
86.71162058250457
87.26048346557062
87.06454723460104
87.49646794151371
86.87774896129093
87.21923297767046
86.61217932414118
87.26863928325753
86.58138823080148
86.9360434489777
86.48005307468877
86.13513650048469
85.67100732120294
87.19687147863662
86.91629634680845
87.34967714361004
86.774322303548
87.58280654538726
86.45912722503759
87.23005858736634
86.74813805574784
86.60180828798491
87.32917685012335
86.91345122789599
86.32212623601633
86.61004708479176
87.81895699276772
85.7059473697556
87.618385184211
86.7141030290262
86.82398765436193
87.73816050072807
88.03814636413706
86.5649554616652
87.45784086746625
86.67443833322511
86.7782003825002
86.33682191855729
86.98122689767031
86.52881026333762
85.31137553692449
86.86545501641939
86.09901272300768
86.83084294081827
86.93441762579985
87.01063058952968
86.21752180126514
86.90892424454887
87.74912305224103
86.68068874611927
86.22414354960615
87.17539238260815
87.03133668497021
86.64928274928579
87.2712420161603
87.96151696688594
87.52627172243218
87.16753281970985
87.35134376804685
86.288536618794
85.99540283797427
87.13818565957426
87.74447659213615
86.62917042643593
87.25299696391541
86.44967418505395
86.5063425650309
86.99541185629757
87.41294487000859
88.5829805721039
87.10223210642631
86.41949267648518
86.82781716741164
87.99514817477865
85.30285049574205
87.19934756691406
87.01671946018156
86.58411581332574
86.09688951470442
86.55165116793374
86.27559831916606
86.03530059613362
85.65647272145618
86.88243877207799
85.98742178239273
87.63694869981124
86.18983061173475
86.71236930993085
87.66165403842697
86.96174680482804
85.33399437274682
85.86538909777803
87.33737494533109
86.61708079449302
86.81685349736792
86.98370375168767
86.14732937960193
87.11697839989169
86.7945240171426
87.72145280196371
87.63885740545224
85.95962352081166
86.62962078052836
86.53501714759284
85.32383085424162
87.1954344223348
86.17951337267425
87.4097289837227
87.34192880590861
86.56895211583962
86.16892002118792
87.71473662876886
87.2630483564865
86.88308617224365
86.68927527412538
87.45990713208465
86.84699501603798
87.16857452802473
86.57571571747869
86.16265102718856
86.48183253767588
87.42027596774129
87.27798888741576
86.73857916421727
87.20528500643664
87.47481194917043
85.88913034223624
87.15612051438463
86.68614805631007
85.75698375562318
85.91256168566821
85.23146505329774
86.83664348127482
86.45657716402783
85.96749409576861
86.44766824644599
86.98856164825033
86.65103748410498
87.02155492158579
86.71070947598866
88.61911733251424
86.81804373631358
86.2032745018619
86.59048997151199
85.74267932704508
87.62079889157278
87.67836635776891
87.36170786107436
87.93539834391461
86.39687813339519
87.55201698942241
87.29429416428556
88.24174819896832
88.03422427593105
86.43022289585866
87.06557857305951
86.34726792339177
87.40109660694758
87.36398600523363
87.66697240502059
86.56256005193
86.4398853502873
86.60733491073239
86.99195661274544
87.77248590123737
86.41348713404399
87.31590417438159
87.35387774947216
88.13276003099364
87.03519958300083
87.57052195277429
86.62487663581933
87.03446185237361
86.8315069540612
86.80118441531388
86.67288981227894
86.94354838720007
86.5917944816083
86.81263528134954
88.49629491260656
86.61123193091332
86.2953989958303
85.88552248086583
86.53702022463983
86.94376960749689
86.44824335900744
87.48164261346955
87.23769454347678
86.64576879052845
87.249792046247
86.35956343754945
87.21551178270214
87.35997400157169
85.2926182172311
87.1806757194698
86.04662631386269
87.43270549829681
86.59609131961622
87.96988298731524
86.39225504458274
85.4653097205319
86.93093411552863
88.0350424708942
87.92969900774578
86.39756846795501
86.95487593543874
87.06407934152512
87.8284051423038
87.50846933152216
87.02844841373265
86.07382450792791
87.53113551579922
86.8487095577491
87.22783860104495
85.61005747148559
87.46736587786506
87.348112274435
86.57505191634624
86.4050345526239
86.13957640887011
88.25168841194426
87.12212543772267
88.32957624024715
87.44905550847552
87.82606044142446
85.99387406223504
86.80345531232327
86.88694432703336
86.54249672981742
86.78115290000908
87.0155704104024
87.40168939733643
87.31311305868776
87.63412486976256
87.96597063113605
86.61367046912899
86.289447866404
86.71140570139526
87.59786125705513
87.21275084756678
87.69569281730324
86.2760329169046
85.60837521134758
86.60483294330295
88.5437779129523
86.28654993864778
86.78167673727525
87.20348643952212
87.05769851805158
87.15515562502836
86.1823493143294
87.4933341020722
86.06288900028804
87.31398298557055
87.33216478943038
85.45991942775431
86.33423890159833
85.69135082282769
86.63799998417957
87.07157258138672
87.00809289609208
87.79714913691275
86.70445805142849
85.52502407133811
86.17423973784777
87.03113706880389
87.02501756413461
85.03663014906472
87.47393119625721
87.01878753755219
86.5946282521394
87.02813901554012
85.9067908103582
86.31639645989384
87.56912964516238
87.05322054418016
85.05977105956454
87.07026463356563
87.51391850445505
86.73480099617231
86.58372061658001
86.9828741475902
86.39665764083126
85.144695472573
87.09684063540855
87.02611692507683
86.4119297786644
88.54476115273337
85.73254080078416
87.12061960841801
85.80449084848281
86.1591062759223
88.37561291146517
86.33634368910623
87.49172678698584
88.96213200184839
87.30818757874907
87.07649923792559
87.1082641413402
86.46441194924603
87.55187568789884
87.42296091556993
87.65883008952251
88.09445579440514
87.23627961010419
87.9813980491006
86.89678283441253
87.90224628281356
87.16956087514895
86.83729161610063
87.09729388396691
87.14947887243375
87.95193073800769
86.01784699376488
87.43158169384618
87.2125366140083
87.25111771982951
86.4983080376611
86.6190972053795
87.42565319175432
86.86217018080966
86.58554943334778
86.44508825657451
88.2160480272355
86.3296502841313
86.3192674669809
86.87639073685703
87.29350657010296
87.40070138361774
87.22242428427874
87.20740193012638
86.76375881928874
87.94464060872788
86.45754674445509
87.19726386510918
86.49427513301906
86.72353839248137
87.02438484908396
86.78913123066393
87.03248643047519
86.09549449471146
86.68090552517214
87.12300105553014
85.5296630338175
86.82368531739174
87.27495692198418
86.7524406551724
86.41320347688212
87.35182748649179
85.6836918230513
86.58470746989472
87.30048034348242
87.12285063369646
86.98450266232055
86.73901959361051
86.70301948612087
87.80303550789617
86.76162460929362
87.17713430431249
87.53123592418014
87.89969127044274
86.74910168373455
86.67672997537538
86.4356397436265
87.24900628063027
86.3719229020234
87.1916511604164
86.04346856708955
87.0243154293202
87.94226212885327
86.92807227197802
87.56743741296295
85.98217674546925
86.44742503934873
86.88243613918574
86.58311956960696
86.65856731370843
86.30920887327181
87.22256398904133
86.66632907981901
87.80276226232779
86.19601306096672
87.38329081405763
87.03759196982406
86.82594100837147
85.80875335430437
86.80419749401146
86.6739366636755
86.13622922942187
87.2226006211478
86.46570894028477
86.57939885533256
86.82221050788097
86.33334827535123
86.899841604216
87.39090268367512
87.5271032539007
87.17787339057764
86.57273522890625
85.97052400059025
86.6951830687816
87.82221778957518
86.51189184475224
86.30864232375185
86.59655755566018
87.35535180491188
86.9104171821284
87.14476165093333
87.11105797048029
86.70332461679703
85.98548012855977
85.94359015242138
86.99349010011024
87.39823487572451
87.21917481348896
87.01425673768597
86.40493142868914
86.27397951851269
87.51182419960176
86.21633502387702
87.36284958957903
87.65976960231062
86.97541427404141
87.08373333401707
86.55809848196581
86.0173408617023
87.3882077570199
86.22250183158923
86.82583000200206
86.12720861484839
87.25216268126199
85.80916200110184
86.89560608033354
87.81230113057579
87.18693776065705
87.72814852111334
85.99443833623312
86.07176899072468
85.86842214007774
86.58453136649459
86.86085216517277
87.91103073460171
86.26256791881205
86.09449115238944
87.16711966565126
86.78212020045154
87.96200377646329
86.43950016929469
86.92615052730663
86.68609292302575
86.20811593298922
87.83697847393138
87.25824917871532
86.40447345095421
87.17138363864784
86.99031373925726
86.71032761829781
86.71085936273816
86.21696908309019
86.0660492183561
86.41725559511005
86.6531981146724
87.8867301483162
87.04715109207017
87.98425089691067
86.94527726525052
87.79468850454056
87.23813861943066
87.23756197444142
86.77477036695116
87.20149534738317
88.2154694371041
87.54809628767487
86.7449724953158
87.86581164788781
86.78475812969982
87.6576923598681
84.9681772611028
87.93313005592863
87.19390063795706
86.85761953196486
87.06197336113634
88.71591739784965
86.61242435382832
88.23356127646608
86.6364798500335
86.62132650690813
86.78850593052373
85.99417523312574
87.93614335235638
86.29324875433993
87.71765451154185
86.59513172049569
89.12873956888446
86.77234059965465
87.23646299676908
87.32803784615135
86.77922903096405
86.7778550301136
87.52166094977362
86.31729134331732
87.69609823328322
86.01335979978873
87.1841680411334
88.27942471279539
86.33293267357749
85.5154469893638
85.7619653359295
87.60568690927698
87.37561668700157
86.8622892514972
87.40738699479421
85.8285967528208
86.64461263992833
86.5582304198696
85.5995960565582
86.05166024064529
86.48921986185985
87.10368116499617
86.43511471140712
88.13438358667142
86.87794114164183
87.60775370603163
86.29739616219734
87.81623171327566
86.94159583365972
85.3318287963157
87.69191925751437
86.52166088990877
87.21197709317264
88.43502250677327
86.88401655814975
87.26426779350588
86.11193860321457
86.53601243802812
87.51389372421845
86.08604679107859
87.68172630381642
86.63776579158113
85.43189652688666
86.24816948943197
87.9141044651823
87.07606885131068
86.71010002018049
86.36938730268815
86.73154094179384
86.12087083546001
88.10775940862212
86.61874656584766
86.7517322370983
86.90461254529066
87.08784567166018
87.09093984221371
86.06054713605532
87.73466105882638
86.73971252381511
86.06878560400104
86.55453286418644
86.72754807238972
87.09264929364363
86.64345583200301
86.53842268939341
86.90582266203707
87.47268361879082
87.09817071137763
87.04477223841897
86.8031809684883
86.17716491891385
88.00456683384539
86.77420500118562
87.28531988036357
85.65340382824206
87.2535784329609
88.27269876310767
87.76328613072891
87.42711174685166
86.68391307863091
86.50451086571051
87.0101345440957
85.9477467713607
86.94343887124859
86.80717777089139
87.25274418509014
86.85085028852683
86.39417931936053
87.02575098567696
87.6911125618039
88.5990371666472
87.25307460971447
86.55638780917785
86.49353657482092
86.3509726624327
86.21775152450047
86.92303210599418
85.98772221632714
87.43734332496027
86.71774369680273
87.75234512891394
86.99654688214258
86.0181540128011
86.61777902894333
86.66470501950006
85.95804157853821
87.36117810603189
86.47607338309841
85.76119088582777
86.229693354678
86.00612016388637
85.8675910718287
87.0187615137811
87.07374664507502
87.25428216612751
87.33526002680178
86.57468389949221
86.93196053849478
87.29990621176694
86.0767306407306
85.54190484659864
87.72574696379738
86.83624289795318
86.74673107870053
88.28687095408198
87.30190745327529
85.87446656740448
85.84471401913625
86.91302968676182
86.3724003084958
87.23396901434117
86.9924098704322
87.2645749497306
87.42326899330494
86.56939890164378
86.09866614667705
86.44981731689523
87.06858245390269
87.79147232381798
87.45912281263925
87.17430819235891
85.948340079651
86.45292268230651
85.54015679663338
85.67239565230979
87.07218697157408
86.73096602331893
87.08493731546244
86.79815298482
87.95138089774153
86.43045579001739
86.96804077116596
85.58088227571142
86.66987215317492
86.95494623508898
86.50023230349262
87.14623987961836
85.81383895821995
86.70774220481725
87.37859562474162
88.4141193820994
85.29678357655507
86.85800628987707
86.75264215182537
86.21976848415609
87.6747205819813
87.36836594573953
85.94932197629333
86.2185390696606
86.44207237383263
86.86889123931137
86.71362949799345
87.62971014560497
86.58133307579811
86.38873753892692
86.49359840939728
87.69638064095771
86.65840820532208
86.62073872744514
87.51831307604165
86.33122799589901
87.30287607575214
85.87387904459571
86.31603074092364
87.19545710342426
88.09711964445692
86.74307734473416
87.13539301890208
86.44339105369961
86.77944760112536
87.06075776638878
86.52096520920583
87.95310704002128
86.86368811367676
86.93875507623032
87.40677647736365
86.85159121687859
87.72351958578072
86.04080577300462
88.69251436019739
85.63279903176554
86.63594633004016
87.5514765548832
87.15157661180062
87.40979970997356
87.5921378345056
87.71166347499089
87.18926924647232
87.85592704165241
86.94927417559431
89.31411250837752
85.40694320575672
86.08052589298677
86.90014544474846
86.56819664963085
87.49816296971312
86.40539335113758
87.04795545370274
87.12691472343816
86.7317953066783
86.92071079516406
87.19972810579326
86.62627320851044
86.5739027707821
86.32288077688652
87.12825176257222
86.78147971444771
86.67455552372512
86.48809852119076
87.15070011781637
85.83390031377735
87.90324417107873
84.99366085411653
87.42726940717216
86.40738421520399
86.04121572507154
87.75717569138335
87.77647616109111
85.53248360313631
86.47055133142108
86.74005409659894
87.77742306597997
87.08970957730469
87.54102330128453
86.94489393220007
88.38937501312182
86.9475624177307
86.94485247911003
87.7826069211672
86.47036264272712
87.25410508992483
86.85791548087694
87.22042019236692
87.22097150235423
87.43736113223798
86.48818854580448
86.81381419256566
86.72187831979207
85.49811255533983
85.91401676461085
87.70532650521261
85.79884979379432
86.67404929931635
86.5233790159299
86.22363183674541
86.2692620495229
86.59386640899318
86.19371623465415
87.40034341073296
88.10310535456925
86.44275776537617
86.12867337356964
87.66969337304404
87.63895777472642
85.96244770223983
86.4830307194973
85.93737027854198
86.34213345099865
87.13980577318202
87.50864728552811
86.44751548129935
85.9926995594557
87.06396057996052
87.1857801308124
86.13448656661491
87.14223225543847
86.85643623657275
87.22430957047408
86.32195792513099
86.48342244119523
86.89251203987881
86.97326491173806
87.05799649818867
87.43791524084807
86.70112274439478
86.95930794963171
86.76617809234378
86.81767130764493
85.6026595831997
86.7855433034174
85.36386120202869
86.73022131308144
86.13292978339412
86.94666894518629
86.42546359202446
87.85137906996039
86.28433503281722
85.73458058111063
87.71340080277136
86.32016267220983
85.4802878105284
86.60802364950736
88.06176843338048
86.46527377256142
86.96680873581708
85.69272189660612
87.09230821369802
86.21371952950368
86.68740748271397
86.37506813613822
87.09575741027533
86.5434783662672
86.01466696407151
85.4403475879141
86.64365260128478
87.49021325706062
86.10136667472013
86.2011038329443
86.59687276419044
87.46001767506952
87.46500008591914
85.8809861130967
87.36550058066246
86.83014132075698
87.41173645646079
86.34485498378214
87.6353023606369
86.97763680590967
87.19658465761721
86.14137537145302
87.82558281066255
87.19371773385241
87.01306080212534
86.78878865438297
87.67005444711494
86.81350501402902
86.46792216433535
87.04640809868643
88.27673267487066
86.8017176924107
88.5707090603545
87.26159650494432
86.38500339836216
87.30491709240471
86.78327191129317
87.1173617347398
88.18155561328936
85.30756229767783
86.77672454859501
86.58305999974112
88.3736001019203
86.7993629852745
87.35449460933576
85.45090274675323
85.85030211939612
85.99870182870126
88.38762318490555
87.29301167959639
87.85708663062401
87.08147247544031
85.69441164851294
87.23262062590616
87.51397983019427
87.62214380323532
87.37559683645466
87.04533093170038
86.87250789716559
87.56337264784057
87.01763371676365
86.514618695309
87.53052300980141
85.56241466181564
86.95984092249888
87.79710509875186
86.1494955065325
87.20034469380779
86.49644899889505
86.15434837910541
86.95331063206173
87.61174257166306
87.55906031128656
86.53226171331796
87.29369621663413
86.34569074397773
87.00009459405872
86.98186762546342
86.84439530209286
86.31507297707523
86.74925423858343
87.82189242899224
88.10003945601245
87.65804303822061
87.81094627637006
87.13514305324789
85.04082354118482
86.60486397577034
86.28045699341867
87.09963095481532
88.27640142759864
86.27824801677275
86.30944174031032
84.85068436371344
87.63422080983945
87.87288112379514
86.458213049602
88.37528168181609
87.86653904134226
86.34943431017207
86.4556169399138
86.21462938374357
87.23210310232291
86.44474850278327
85.96662215393323
85.71603185788723
87.78355370145782
86.79850084232221
86.15990260620688
87.15176621444633
87.01223768384862
86.98165265223015
87.10626823557618
86.59521896303838
87.59454526428692
87.09650473086404
85.62574648712081
87.40626087021909
86.88857325231578
86.28703067863142
87.28585191384187
86.88838347184719
86.71796693878713
85.46997119192831
85.39826966496749
87.07262310530967
87.17650480094844
87.17980577632405
87.05409478038301
88.41007877308236
87.19592090752127
87.68814519950358
86.8726523652678
86.55582938047357
86.27047239992487
85.39999201647959
87.31943824480592
86.47141296111657
84.8611845584257
87.32365956486194
85.83058187227428
86.72311498762706
86.53528920325718
87.04310570430759
87.10649683120646
87.96076532682774
86.95106733876183
86.46087178968048
87.18790135882136
85.94073013224717
86.49910601345957
85.16879790241984
86.8921859824042
87.07137658597719
86.37177681206484
86.36249784924384
86.52772053966767
85.97611417691351
85.85384070576247
87.59825904019975
87.42359684237705
86.19415249713705
87.21479428384018
86.84017398499795
87.6061114879381
87.85596737323642
86.95497721098594
87.05166640078164
86.62317585668474
86.91200646956841
86.90606135608596
87.94251250463999
88.69378035848561
86.15477712296493
86.98185940573009
86.77147836098523
86.8544490050898
86.51613829095577
87.48973221576165
87.84982758414924
86.81772113864157
86.35368640086699
86.31502750041365
86.50289404699097
87.6063273518022
86.19232867259979
87.47384220209364
88.27890923674865
87.3547991412805
86.40274214948623
85.85742822057395
87.35605005780741
87.51918572958243
87.22209319213464
85.49930455535763
85.76155198195816
86.98737857166608
86.84587976207385
86.19707615318097
87.31371660785645
86.78569561584874
87.38715393724988
86.6513704861727
87.07635031600829
86.41208182283478
86.5089209504676
86.21949050543569
87.77876261096688
85.8505028968747
87.90811967280267
86.64841858252333
87.47726605077213
85.42128794504218
87.43836212029488
87.25232341549577
86.6260373950741
86.89224742376958
86.80315791403117
86.1825648750869
87.26084172749529
87.17906279278375
87.25522002338738
87.15367935050858
84.97062381275272
87.83696999574182
87.94057396667274
87.31693490776152
86.61467337934972
86.33472095573673
86.2842445574216
86.88903196383113
87.29461205069912
87.90507057712836
85.9274806760457
85.96202361692933
85.15995410591218
87.27401114145931
87.12976171257242
87.97046453500786
86.29592027312471
86.32143106764183
86.49264031825153
86.48483676710597
86.7761981157928
87.07338673366912
86.34283730925922
87.6493515059603
87.65107490634887
85.86537379965941
88.10631520504445
86.08388488040123
85.8171312895306
87.28471888054058
86.59656844998224
86.48088738499524
86.97930152841587
86.37503294182025
87.43839305150733
87.44805393776353
87.3427909613071
87.21010844158481
86.04651508004322
86.6823066424573
87.74484447876452
86.70650087117046
86.72996022300543
87.18545387276527
86.33564704419223
86.97092380194294
86.27557651604414
86.12756301865782
85.85338599634849
86.70240795502875
87.83651534371619
86.92887890918001
87.09510216088191
87.94926374937131
86.40013394194419
85.87742693661941
86.49804395319914
86.35397415950456
86.7064727906004
85.19530617152662
86.18269845341143
86.9464558614755
86.79080291708522
87.28020550701291
86.33789026086653
87.4831937124287
87.03379679046505
87.15340306194557
87.0649021863085
86.49833786586301
86.86858809130878
86.98346464687306
87.47003141214999
86.68686373977035
87.17577669437406
88.29050807941775
86.17922662027122
86.46927054884257
88.05064579091257
87.03406892426919
87.45906959805397
86.90470182491067
87.01612992623309
86.36011114432382
87.26645283381059
87.02347889591994
87.61328766265999
85.66071737774348
87.75050403085714
86.00614605066886
87.31999864157177
88.1553359262703
87.09977373144588
86.99771330583565
85.71712801587721
86.65683310696693
87.79247702846098
86.97297937434622
86.73674282564612
87.26843806529583
88.00690163725626
87.40614818876664
87.50673867892499
85.4476292741848
87.36873331863309
86.99090126960793
86.40694483751088
86.92063120735303
86.37163101339178
86.45138625039384
85.85647913687973
86.65796532152962
87.9863077594153
86.10307430042104
86.54075321403779
87.13869771843208
87.68050291531686
87.48215302092531
88.26528883127037
86.68885173736881
86.18681620077685
87.378682423618
85.96700674529234
85.06419825782314
85.32791079390032
87.5646290569124
86.43616073446901
86.03849362950818
86.93983468139605
87.62727927296794
86.3353191818631
87.78397326359827
87.35249903142359
86.78833679333837
86.84338617793723
85.60856767613313
86.84903554074084
87.36584537130625
85.88253915501446
87.05485499634852
87.14414633618628
86.74417807827439
86.67109233794632
87.24995279241448
85.92881951999428
86.9056707424064
85.5752430906318
86.28586220879059
85.91764939764403
87.22990935640563
86.38864313948892
86.72358999575374
88.08875866546616
87.49307289857977
86.5110166891177
87.40280755375615
86.62222446911125
86.94082075103937
88.3335859455857
86.1650283598168
87.2481688529567
85.9739652436305
87.66020739446662
87.44584534369336
87.55111456660951
87.17378088063695
86.1276192678694
87.03103039554588
86.98523813517133
86.36307093585407
87.34401223935598
87.16263267322327
87.39684782091707
87.74356781359114
88.23666262905856
88.04973635947566
85.53755698041581
