87.0593830686895
86.50424935543514
86.35338726227667
86.73876364731332
85.9329607669025
87.2661021956399
85.97785497806005
87.27750852049321
87.17581006358964
86.97251522721037
86.8540103799033
85.32741534737674
85.7583507713549
86.85417996371831
86.97140152150084
87.74529831836543
86.08730435980293
85.58725043038562
86.34084259417115
86.81668393960088
86.07672544668668
85.43917572705293
85.96994596686041
87.78871412470946
86.20523868049972
87.89721961212089
86.44991976803944
86.74391388867706
86.2096344057676
87.11195185655399
87.92578124359491
85.8105412679443
87.29180695725998
86.28926352318337
86.65921136363913
86.08252752802423
86.69665218564056
86.43690392893264
87.44352778977806
87.22681564290568
86.92280125873822
86.94471111849118
86.91549988921547
85.42548006694074
87.80002858425334
86.87693400135271
86.7434977087242
87.2288014308954
86.40477789171207
87.35463777032466
86.67273631988324
87.37252197082086
88.14080700094637
86.73324615093418
88.17415748677261
87.85591541219192
86.7643951816483
87.12816957118486
87.4379373120203
87.77913007491364
85.99248844160357
87.17680852974371
86.2081579831238
85.79916893944633
85.98879186870643
86.84845479548062
86.85958646840612
86.67967483674668
86.61446243676517
87.3565132356844
87.43403667290866
87.29717890379408
86.04617998594824
87.56958604567703
86.44304603887214
87.58846464205291
86.03617157996604
85.30174931727953
86.63373533656988
85.71741014941631
86.63301331888763
87.09935172682543
87.83015112078068
87.96949365184038
87.54888578686486
87.4489458233306
86.99348330221399
86.42204879699506
86.80373470906613
87.5258439599927
86.31396644762572
85.80417963714251
87.14377609222748
87.19288739203014
86.11438275510936
86.51214296871922
86.28477056407372
87.37470129427182
87.80833863338795
86.4035911063858
87.23708348784304
86.47442700677502
86.29542323374356
87.72126942764604
86.3955280719077
87.28187620246086
86.68916095209838
86.57486757592679
87.31363483660911
87.1790647367638
86.5193352353111
87.79968877035733
86.49570415662653
86.89765992445263
87.71385068568961
85.98692479178698
87.42978716961034
86.83619296714583
87.9645622022398
87.29552016366677
86.24274788622567
86.871575468238
87.38683544931425
87.37074895343504
85.97010771501097
85.85343567412596
87.27348401216564
86.8803239514453
87.25215583210058
86.8680295815231
86.48683278024106
86.62491810716374
86.44115707273843
86.55657394570282
87.77742059774761
87.26000838279455
86.98434556773117
86.48253410486716
86.76951148714889
87.77086753477691
86.60850936461443
87.80298319550194
86.15065463699986
87.12468443749218
87.76217147613059
86.4774537088804
86.14587228935544
86.92662563972965
87.13651782082832
87.68982247291886
87.77258626399502
86.87998175334755
86.09409886211422
86.41227984977405
86.3372693904395
87.44202757993583
86.41000082995525
86.97753413730126
86.4047110398003
88.07142030204483
86.56916007518087
86.59158968757414
86.56206909099498
86.37583185538824
85.54041712361207
86.68441768386367
86.5037740918725
87.05300083279775
86.9688797868269
87.45674661038582
86.15674333266516
86.4055016135561
86.58926429020443
86.40442190075828
86.51135071555757
88.25090233890744
87.50823098312317
86.90860657705693
87.23243004219985
87.78936315610227
86.1203959732422
86.93440381536934
86.15634571764706
86.74168997144777
86.13293153003634
86.85885665600692
88.13906780154691
87.36640495561876
85.64557881627083
86.63029875136894
87.16838946225289
86.88602627358453
86.78507170075906
86.09968638211504
86.12372139149043
86.34776821290328
86.98489454519745
86.5534426794523
86.54568574686489
87.21429662456902
86.91204729137252
87.67264229777999
87.27104596047671
87.0743058391996
87.58254582335745
85.78441588450761
87.74583003354765
86.62855697013065
85.02085058389505
86.74394313942113
87.29501910029579
86.64477156938372
87.60857531466723
87.44909825525384
86.96218223259456
86.20357343158493
85.74079766921578
85.47191421116891
86.39855292706882
85.98151624327667
87.91976461004893
86.92878520142011
86.24015450009941
86.25642933446815
87.3441412203562
86.22409647287951
86.82368171658403
86.70763301852489
86.77218285786242
87.0697837755016
86.75370453555227
86.01413588028583
87.21362530953898
87.29995269857335
86.92326182083787
86.64785951468421
86.44865556220759
85.55555042024595
87.26983188388557
86.85140715068688
86.99555589073012
86.26697443591624
87.99994521120247
86.99977309094224
86.36486651540946
86.95936184672146
87.24616200418905
86.52878632890437
86.4647096551101
87.44803765861808
87.5083333227775
87.15797027932986
87.57813680558205
87.18994757477489
85.96445799713351
86.25566863933996
87.53710213225615
87.36024153369262
86.60697524073444
85.6747516111183
86.53628617004593
88.18406737098036
86.8169707311451
86.87941979796922
87.37257314061937
86.64897652188543
86.64089975917445
86.71010993662604
87.50329660362497
85.65801834755565
87.22183507664877
88.21501139706723
88.21009616416409
87.32497523009224
86.35516500813893
86.57228425028867
87.01708831532817
86.54584418629071
87.55438890340052
86.91986435995034
87.50002289978634
85.67980175539167
86.65590671202604
87.48225010731588
86.84015936062279
87.17367655630015
86.99219405373772
86.11635195599563
87.34212325031937
86.65254553203452
86.2628854768611
88.63162010358008
86.3584687580346
86.29764346973283
87.19995645197376
87.87524328719542
86.8628703408669
87.31123947206096
87.48419366043493
88.13932949229316
87.16918368513085
86.95252761468882
86.3443900724157
87.26565016580878
87.47720167391309
86.92996321573908
86.81266453939011
87.21033779387399
87.28710682970362
87.25760423836205
86.66519278030168
85.30334893977859
86.50818588880088
87.36864883547955
85.8543999349579
86.92490722581955
86.85268889753908
87.36719682406311
87.19082659994451
88.67119453928885
86.53149432628159
86.76944089429554
87.16360122355961
88.68491205671562
88.4755448991087
86.80191600460236
85.83044987841696
86.7202969774271
86.79667411322167
87.82348769829716
86.70559765084434
87.16996554956329
86.61756029124942
86.00691014975257
86.31645248781325
86.78931953829887
87.21852643176341
87.18591398451824
87.21902420433261
86.497286213844
87.35558348125407
86.27465721402345
86.63814302015047
87.29184162433424
86.27105844070078
86.99129575216202
87.16112476887459
87.31802596468911
87.08414045328665
86.94968265688621
86.56185979380366
86.62560539397933
86.4937415995276
86.52114904774115
86.61277623704403
85.40278748875889
87.50681447374531
86.72130658371097
87.31097689287321
87.28133109531377
85.89281440656572
87.0386000105311
86.3682174411199
86.59762052715935
85.96266624656842
86.00288087806165
88.22361688821482
85.18703541529663
87.74420584355049
86.70916091798685
87.3874466177858
87.33705434995694
87.43511559076829
87.3281152859879
87.32160436631943
85.5548695255879
85.76143606998717
88.94825115409222
86.02108829974516
85.99056290816154
88.14443063637796
86.63689352969182
87.01264026168474
86.88393453214545
86.20133888620103
87.6957364798103
86.22955887836993
87.78930105733352
86.65858748750458
85.88798461608677
86.13895342748994
87.61983356380513
86.7743135749559
87.2549280987421
86.87329600806875
87.82462836966391
86.96112158801661
87.71471848381157
87.10069149782899
87.578284329381
86.24249956274883
86.35867778978434
86.57278455297605
86.06585316205933
86.9389232057382
86.84832989646947
86.61775015946456
85.96752667997892
86.01486128637117
87.7424917429269
86.03413607198918
87.04991558286444
88.1895544213378
86.51742847252488
85.65252142697437
87.05303507255526
87.56871496066505
86.31766347939076
87.75929566145267
86.89059574297143
86.66580954848855
87.75714677646337
87.00658441327391
86.84086336014205
87.52092698608534
86.35748038239993
87.41608537250542
87.51841532237927
87.45857591171958
87.03891535086088
85.52470612745148
86.9835211445592
86.46896729976615
86.02931357500405
87.49685320122641
87.1900268357985
86.95259087094497
87.44403540680158
86.35257728356451
87.51999532977732
85.87883484248464
87.14577159105944
86.34390503780538
86.44122660800014
87.68597894804819
86.75508768677153
86.31170046267648
86.05814933351155
86.90433605291503
86.08554231160552
87.39608167606308
86.84384588686368
88.69706725154424
86.59115374288737
86.99137078812456
86.75195815745369
87.37331018072805
86.88371838598061
87.16580511189034
87.52162971462049
87.06632300698564
86.27584342394314
86.69666825267005
87.40497798547896
88.25272310006024
87.15300283526255
86.8961135160874
85.74724758066141
86.392922635116
87.83294789017964
86.93060762442485
87.30166420022712
86.06275325910015
85.51120301064863
86.80100707367572
88.27964171559508
86.41342585662787
86.23590518848965
85.74370151517483
86.00570043201029
88.07856584466693
86.81822449847012
87.51548415478715
87.67607481751547
85.42862286782149
87.75896954918281
86.98809396460773
87.08032097782811
86.49305537320984
86.71193831684099
86.00616895404468
87.26135286543925
86.9243989468893
86.50651134250401
87.6694090616503
87.43162711617208
86.79718432905263
86.43623932854713
88.27188258396721
87.70331804761032
87.05044846799687
86.57508774808556
86.79973462643622
86.94374805986396
87.45520211915287
87.94566908150104
87.56625852610965
87.28656235289928
87.72898126726318
87.19337839497732
87.12881040717237
87.54031696748767
86.81002515387064
87.1038892912577
87.39114010049663
87.35991538429147
87.53394884828494
85.13851225287489
87.53890963203919
85.14623376976314
87.27425207665023
86.46614070297153
87.90183548882743
86.88782729018793
86.78511640020585
87.84382941453882
87.99299038393916
86.99393687018377
87.61825658354333
86.44446731711801
87.18472149935252
87.50612379999278
86.88752342417821
87.05298212228467
86.54677555676638
86.55783685106648
87.03488730950521
86.4904291741271
87.17677708908612
87.19217210570692
86.97081910571842
87.74817359038732
86.12509188099484
86.31783590478196
87.68125210412012
86.08129033750693
88.08932690064947
86.89827758012919
87.44877024958187
86.64169859313861
86.99998558627642
86.04205206634722
87.5374535697602
87.0303349316313
85.57144731666376
87.89924889619432
84.87736068673686
87.05919179434393
86.2040651100383
87.0906058551394
85.9946664121017
85.91967295537609
87.4412138562353
86.43488801149482
88.80217026002758
87.72444010560199
87.5939587526207
87.31850479249348
88.45294349325903
85.54597891204388
86.49357666876867
88.18027278113205
85.95671206316766
86.54849682401542
87.25317696358834
86.24489596640883
86.9501014990203
86.68046090004596
86.32200792158643
86.02461606872815
86.69506462674497
86.65937659851616
85.70038517742346
86.32602085881918
85.63743501898858
85.93930298838904
85.70346035707733
88.40553060386725
87.23660288556216
87.79907981213609
86.83991861814091
86.83577300371816
86.72092994686136
86.97243105996705
86.634113630313
87.57006231916756
86.4065318610182
87.38610811071875
87.9696790663408
88.13485878410893
86.30608687476341
87.77836260526234
85.8866485152969
85.9142693703647
87.18779650686915
87.06624183616444
85.7084051074903
87.38104365902122
86.53945086421162
86.0392675156247
87.18854905595856
87.23164095144223
86.57908487626366
86.40818220847203
87.65212534841754
86.59422408396269
88.05132339350558
86.71799109801462
87.13752116196137
84.72914683265951
86.83797027512593
86.59032474313699
85.65136111031973
87.25043180027939
85.9648832630304
87.08678390984814
87.5624021658527
88.505203319482
88.7601820005399
87.69782034654071
86.74314538004795
87.62831136329243
86.78663346209915
86.6712194365306
86.14407792171039
86.67214741550018
86.52280065822846
85.96695611486068
87.91698321792381
86.0989762222504
87.61165490368778
86.86057750375784
86.73353018209232
86.72302699949057
87.54036638367263
87.88022218663096
87.3759325417364
87.13351984571246
86.90596076422472
87.83067597347923
86.1000449192939
87.86941038705453
87.18746288860754
86.93676820535744
85.01852835484746
86.81815611078355
86.88621875365322
86.94133315176602
87.66112444718358
86.39837059861547
86.26890081810441
87.47114674322678
87.30282359908982
85.8198887422732
88.25137275827193
88.57046384332159
86.51464693693491
87.85699196470948
87.39764612023168
86.31518001449642
86.77786813491441
86.1719408698215
87.90544473138996
86.52906765177111
87.4580957705166
87.23419974310964
86.55062768550783
86.37561727280678
87.85519464550657
88.27279162482716
86.53859667878244
86.93720220497045
86.40334233133498
86.77538988746896
87.26444442124145
85.58999027181531
86.75078488095643
87.45231083141323
88.05279551230953
86.97734819317755
87.20065784055869
86.6107116285817
87.11929947022566
86.66690070850673
86.16463976078005
87.11656286833772
87.46645793261385
87.08351683176537
87.76972434144056
86.33576814922824
87.24824146902668
87.09008214745089
87.13474315735814
85.31070730785584
85.5973609388523
86.59024889182278
87.76502654992986
86.49969521568202
86.13094414799082
85.97270070234009
85.00928339832363
86.38356567590058
87.00674665371467
86.1800693268693
86.24565592384548
87.77147137800503
85.75092181020494
86.56012524167112
88.36618905094535
86.51342431070373
86.00298189212259
88.55340409575675
86.41630498531556
86.24429607707289
87.40624626306408
86.496899706684
86.8684527761062
87.96333973761635
86.45553834403074
87.68765348095978
86.55334797852433
86.80089318814967
86.41646450795386
87.24174955486205
87.25872167803676
88.99818635351699
87.7462586025395
86.4298065233113
87.1952226645545
87.53359250421764
87.2022556012075
87.59968961982543
86.75981717527442
89.17417477482718
86.52373182004895
85.96490113862855
87.26742194468032
86.10221058015664
86.65271093786214
87.09642434983384
86.50550420062524
86.92566104696908
86.94216069518137
88.21204733165335
86.13427870246105
86.7839838129616
85.61386598451276
87.31593815555455
86.30115261329264
85.79104110170822
86.90888284638056
86.50295590827885
85.79316643452566
87.19260724218421
87.85624256814087
86.82029801972423
87.20439686954582
86.63440776766832
87.53914977717567
86.34530123468323
85.73929875726455
87.4275735353076
86.70178028052673
86.36780306035445
86.97113836210224
87.34438725196419
88.0395491894263
87.97404264266976
84.95400579646375
86.532376647101
86.97729840644676
87.5943498373679
86.15649781014403
88.24685472481298
86.37179264005103
86.64253720140523
86.03875584452865
87.0937410907084
87.15112451152895
86.47143102799305
87.2858695858751
86.5636532455454
86.66702958213311
88.10635805478364
86.49805902765998
86.16789582101252
86.86656138958404
86.36810723543209
86.53081961616357
86.99590775741392
86.93065143339668
86.97511275846205
86.88159558896272
87.44303525609726
87.73224450091243
87.89322770980266
86.78361622943328
86.58084046452083
87.14165006209764
86.85683688262289
88.0181623249792
87.57549879537538
87.10808537593536
86.68268538884581
86.52589667947029
86.62556644857098
85.42601654052015
86.40868483182993
86.73987628317046
85.76547055864035
87.85185119470778
86.36768362125815
86.15352754338957
86.35760458461571
87.0630480860686
86.18971105230821
86.24636133983765
86.85718525238495
86.2314023693855
87.75745153716632
86.33970642855152
87.46076852654218
86.06944129448068
86.46518993955213
87.01049838831929
87.06512236252735
86.4305297189379
87.65615584053518
87.21627889902422
88.01135048731008
87.235098436266
87.22074967759104
87.0500744063455
86.31916176144172
88.04824390389587
87.43479315037384
86.9815266296652
87.68384783969209
85.3731962832502
87.21581169076777
86.9416217725077
86.75653782509741
87.57981504038732
86.85509867117827
85.88301058528913
86.92356745056759
87.00312316075892
86.34628768059348
87.54166089471303
87.42350492014094
86.12056872361877
86.80771263344472
86.14744824762846
87.44451535657305
88.05991391006107
88.19388511406517
87.70208487177864
88.12629434054814
86.59114517417069
87.39982338183886
87.11727238397542
86.6156266168063
85.41849853514974
86.66884980819205
87.80769739217712
87.32806585983555
86.75483728991817
86.95237428653806
87.97051598507153
87.10917592104444
87.1291088872023
87.47090760547388
86.33188772048216
86.55368279825569
86.48809793872577
85.90338491864908
86.91451168640062
87.21126213948453
86.58514196208138
86.65696270677878
85.81317772140753
87.0982230991357
88.27191108912922
86.82073941093972
86.68058414151167
87.40146344700595
86.41061826449626
86.56075901412154
87.91678617889417
86.80877723889081
86.02868511397664
87.12302757031661
87.13498974203203
86.68592255799668
87.76001336067377
85.99264949726742
87.56350125220617
86.24344925415882
87.26743455891265
87.39883176141021
87.0357891532865
87.0814753126524
86.08350455454148
88.17167600928833
85.9067191268252
86.42161750359044
87.21888521144528
86.52966130372945
86.51007039633002
86.65577628801543
86.92966511473762
86.37963052581806
85.3726506781848
85.87288629406541
86.19464125597017
87.26556349758611
86.82031778674494
85.64682685900789
86.94326345879342
87.29152800839076
86.80295641161082
86.77342505497613
86.54407263824199
86.94248492109502
86.78948451226243
86.83182102161915
88.8011851740486
86.77395533041037
86.8358663029281
86.52379264570435
86.09914348679848
87.5313740335735
87.57124073267518
87.41749945291083
87.41155496142227
87.08397476235827
86.45904349919758
86.75409290798395
86.52069592959892
86.00021913897788
86.8016605288543
87.45663375393879
87.37530669183386
85.36079274916918
85.63369768789894
86.2045858399134
87.14669351680618
88.00165980341772
86.31408513989791
88.09673596080115
86.30643620436086
87.07496931353613
84.61065194046253
87.27253462149278
87.11117541079231
87.2692949835765
86.19793458794642
87.02134629278235
86.09633771237053
87.7497235099969
87.59957182689521
86.21108447562824
86.85214923386583
86.61119183507336
86.64230344620793
86.99424470929095
86.90278120765778
87.35799393276588
86.8234193200265
86.48923456854412
87.07669859825799
85.75784658701258
87.1961259714809
87.95188069790312
86.98288227200533
86.51673716486158
87.66841994974273
85.9039295218887
88.41368597627164
86.3263869889464
87.1453315971293
86.9675936182718
85.7362187378893
86.6438324738665
87.28200501862389
88.455881109738
86.61992295485635
86.48790154629214
87.61018905399672
86.2244879164735
87.06535291536898
87.38596201281274
86.62695520613909
86.7361106432091
86.1740890365848
87.49393172722252
88.54748033823573
86.70098306501039
85.55201333292786
87.49034606029772
85.9566043826193
85.97196802084402
87.32490786504513
86.97985474317773
85.06925185839448
88.16022977856593
87.63961092226404
86.2450938580933
86.3500423698376
88.40659527142395
87.3165499875654
87.4753787853626
87.57816495155396
86.30151044550654
88.7483228141082
86.36327420717863
86.53137452469441
86.65330537948947
87.5492343954756
87.05846381510248
86.93883485976365
86.71348963029557
85.5727721888742
86.78930735406263
86.65132930423056
85.82023890425688
87.38369887126089
86.42449028932985
87.38811010689516
87.80255857201394
86.59014063741249
85.92317738553005
86.52331890389071
87.54343952254347
87.01165854450566
85.90762149905106
86.14301591815239
85.84047054830467
84.94392504378695
88.06405978897324
88.13589977920387
86.01262770631807
85.66945438893534
87.09609627857515
86.48081860947221
87.85575786886872
86.7331823964795
85.86738048037172
87.5073075405078
86.90444428237352
86.69333998951326
86.41044849771365
86.84553896638919
86.72073740025778
86.70734835023995
86.39504405279447
87.10590821581518
85.18478720742132
86.57376270929802
85.6101661003131
87.68854862228002
86.96964749205493
86.07714238347236
87.81707924341225
88.4709150335678
87.41294355064178
86.90857076265083
86.08641782467218
86.05948170176266
87.13653556968544
85.9957905270667
87.32162023698446
86.76958649791051
86.19121476942314
86.58290757047301
85.86847861309789
85.64581918918451
87.94264456591485
87.50346096268711
86.69060838618633
87.05648031836576
87.48448066933656
86.29385150554064
85.3304661877189
86.57577642241665
88.17532870766952
86.48555872780035
87.00643302235548
86.93502521569405
86.67280881278668
87.4014258034405
86.11285124167456
86.31246270810547
86.42962738639045
85.74284167355336
86.07931813539587
85.93067206214302
87.77528691509245
87.4726203171514
86.25857186287571
85.59391889962112
86.01049269360578
88.20108998374047
86.22396670708032
87.26092421778357
86.34580515484267
86.72327684766307
86.96005343538629
86.91985874831185
87.44961704049598
87.05876412424325
86.66058888698721
86.35935843844776
87.45719043144052
87.67166485659266
86.46114091357313
86.54797223800256
89.25962945771342
86.87293335114995
86.60678128715435
86.5445954795227
87.89843742943991
87.71410041262712
87.5808571021513
87.42130907921491
87.36944224862185
85.80850184776133
85.7996083637132
87.63588218285682
86.09559778715108
87.69103035187094
87.14929862702853
86.45816837548972
86.3814087866932
86.50522012612494
86.62583767270894
87.82029226939598
87.20650826295648
87.21113121204725
87.9128139068763
86.1364486191315
86.79626082695019
88.20888590177404
86.67836442033963
86.11862530856862
85.72142803049863
86.89764508852656
86.22501133183926
87.17504683821393
85.55357566808897
86.73375710601044
87.58258441855114
85.99689164972901
86.54926234889734
87.93537558890098
87.69116968721154
86.63544201763857
86.37579285218504
87.22790103394227
87.48509078272538
86.47906142096133
85.90876606750562
86.16236279266245
86.94972291523666
87.43554782371045
87.73452064273151
87.19528483102475
88.17406087277207
87.69197245963508
88.56278939317495
86.24652447281652
86.69560018118165
87.02308440478367
87.52144112141916
87.32791692230523
89.43887737333202
87.51917898584034
86.81163080526524
87.72086593622792
88.26705801604638
86.45308242859747
88.29261003447155
88.18592852329351
87.64927617100143
86.36791055851822
87.50218502374292
87.15508944451267
86.10566500424999
88.55099503090466
87.14775465308527
86.93637629331195
87.73174549015626
86.39775173647547
86.16233166159597
85.57176297572852
87.77290670853672
87.3630684415614
86.94103175218288
88.17608792042559
87.27341770579737
87.34712904460673
86.44578505058689
86.38751582601705
86.39771002885892
87.36051929290795
86.58026343876627
87.89524229226286
86.34862412932624
87.1222521496239
87.86678041610473
87.37391140271156
86.8464757121267
86.18287343994346
87.73092166101112
86.73021611514508
87.60798836105803
86.79265978570658
86.25184928154607
87.05481973770253
85.33025103440707
86.11060324842259
85.97039019337372
87.3041007600075
86.49495082028292
86.69040692223861
86.41857476442986
86.89233921769984
87.03235458319428
86.84889022203997
87.06822502148088
85.89577844148822
87.78152928081602
87.08896663505037
85.56324397197504
86.57734776773918
87.68189867808024
87.18999978816164
86.95280171156654
86.90438009942068
85.86772110094331
87.36754593762544
86.63754451351015
86.3866323130956
86.95016199634254
87.37218194161788
86.89692252658634
87.95835407833876
87.0243343281365
86.73482588214614
85.91879298399193
87.97066693580541
86.56080093160665
87.15366563865334
87.1908671124449
87.49367998127912
88.49802209489123
86.07195555636652
86.99314699882626
87.40059426356919
87.57461341334289
86.4481373206105
86.2311601327175
86.74370186239292
86.36337317236833
86.68946765282006
85.33497445471373
86.6148236852512
86.39921805118031
86.55668441272896
87.53061839405518
86.34914228295753
87.23952264409785
86.00292725058536
85.66757814334542
87.38389102619485
85.53220398076452
87.32590102400684
86.99975687080895
87.15254505938734
85.61063350239458
87.57581209123899
87.39421686311182
86.58495409170679
86.72566499806615
87.5237428178547
86.61993291302363
86.9627337679228
86.90512274893248
86.29971992357734
87.30330486234108
86.580822045693
86.05699331052237
86.14149403129798
87.2795332662312
88.18047062682346
85.8829290390585
87.46694074465258
87.3879249513512
85.9801747547838
85.49955392528821
86.96308498092337
86.50476668121236
86.98916070662023
85.98104226294977
86.6017619038235
87.22319301602228
86.63159741721526
85.84648722190941
87.32467993335194
88.03788564060886
87.15963182084542
87.50048788468914
87.76260208981219
87.25070832858475
88.2470095805658
86.51504280468765
86.28080864264086
86.22696347146245
86.22415399738834
87.40453185799622
87.22940846785166
86.72460189708882
87.47540068398838
87.98962937140111
87.56118908466864
86.54558970434098
86.99053915599289
86.17775839078153
87.00337880708362
86.12701480182248
88.42846278083088
85.84592341783352
86.97617537269227
88.03791195222024
88.11837204817829
87.78729506581894
87.20059841772728
87.84461240404002
86.26597572839147
88.77734841561585
86.07893784270276
86.7833907781191
87.81334737738695
88.52299923334783
85.94639338835549
87.72492116706167
86.375316160512
86.79205688520264
86.82531232595153
86.63240857140751
87.13972619624974
86.88079456274725
86.81794032361694
86.17131080995759
86.40974933158643
86.047910565042
86.1882100155619
85.53760831492883
85.88179441859614
86.41999222097749
87.04089519624227
85.79701548787756
87.85535985044085
86.52446352877564
87.34872255223475
86.9921439499952
87.7545212556544
85.96050030130452
87.03078925520961
86.46639433339314
86.50279466892866
87.61157928557026
86.52748642890298
87.26223705942695
86.42580730568669
86.21866011094137
85.7449240950702
88.08584272489992
86.90220540693184
87.85008491638975
87.32232459930671
86.29021791748653
87.06504108904718
87.40730547777389
87.1847671380828
86.50459939530799
87.35715390777867
87.28419976890326
84.74668659223842
85.39830516877807
87.08184060849202
85.78844005497962
86.38779457152266
87.03430265308046
86.32729237558776
86.97925532336048
86.66049135069277
86.60262911862016
87.30882447862439
86.69488022092705
86.85066392197541
87.54241257562786
88.02081506389464
87.2238012447036
87.02245939195113
86.74032080701141
87.63681053119464
86.84081990559628
86.78261593207625
85.94098577696876
87.89162636513296
87.8802869789279
86.30631598437888
88.2056449288181
86.42923547417142
87.50978212194723
85.9882144490804
87.08615266117188
87.13469617201898
86.32475314471232
87.54014795127678
85.94655311554693
86.69463415258566
87.74406636142581
86.15318206912063
85.65592901890678
86.50643179276115
86.85277035278578
86.92594161283448
86.92360446824114
87.7419097457004
86.43262802157588
86.97520491290544
88.25730878717066
87.26674371934308
87.11828173001665
87.35935865114595
86.48296121478995
88.18480132880369
86.96706896478047
87.43130396881485
86.51935038936755
87.04301883030405
86.65748327460284
86.95050807058472
87.44037213966881
88.12299170139278
87.14064673036206
86.95479263275094
87.18331154845514
86.58599863685725
86.09295955333616
87.63597261303853
86.65672978603932
86.09011958030861
87.24839472756436
86.34474086266185
85.71339907331368
87.96280901949298
87.17901603643436
85.79347638069908
88.15238184867985
85.86514242315639
86.11848585492817
86.90068768993018
87.74585864921302
87.34838212265693
87.38633677122304
87.21833706340529
87.24136778909808
87.78578535488357
87.0357229710242
87.53196190387906
85.38884471037885
86.5449270843492
86.82614804689645
87.52810446143388
86.22203453980849
86.68155353479416
86.62303871029823
86.07073148678923
87.22011902739733
87.35019955563911
87.62997250469091
87.66774043069822
87.31217620619519
87.27139182262617
88.33811440333031
86.19704449900091
86.16350876620898
86.70692174146929
87.27352658322208
87.35649076937706
87.99042848241986
87.95882622255716
86.67072579571422
87.09486862247542
86.26208459578092
85.9321293136268
87.05615382460543
87.28264786725373
86.37660160737975
87.7150401736551
86.70416900164753
88.02457508596726
86.94350591235785
87.5749637029278
87.37295912414234
86.88140606857829
87.20669438143031
87.41654778867516
86.48052876790467
86.4683034430539
86.67685148995072
86.02827871113992
87.94284399579719
86.07519597068993
86.34913135893834
88.25382191084526
87.82703556275257
88.6463174405761
87.89433795557024
85.69880495526964
86.06520056599166
86.94995933555303
87.54602715541988
86.42903608719834
87.45751907977939
86.79703739228209
86.74713343216371
86.75331686115899
86.28856053782806
86.86098680786404
87.54069738217711
87.27493420116184
87.08133062531495
86.04024710915313
86.66297770557858
88.3720630316008
87.37040150665382
86.67471415509175
86.58241257200963
88.05049849484547
87.69414479254743
87.96545935663109
86.27222030628269
85.77474206038966
85.80575847402841
87.42510570659444
87.57463367399973
87.49509685349358
86.72401942251336
87.21253562576962
86.78169750136321
86.89876352792
86.90663678427875
85.3088246527841
86.65662385211844
87.19038189491923
87.12879346546268
87.60032421200928
85.82745919591538
86.64432367630818
87.84508622679193
87.94560955920059
87.86287857643592
86.19441392133858
87.34949451256654
88.01685220701852
85.86617432903924
86.77893277412025
87.16097562355257
86.9540228295517
87.93167460179113
86.53016583190552
86.840974938978
86.54153749751724
86.2179454101616
85.82054026055857
87.20550847506189
86.96707660953099
89.03525688229283
87.24358466654445
87.49644650917055
86.27928338984185
86.24019321762596
87.16800182427856
87.70171936712907
87.09906434616933
86.64390808703412
88.11420643710353
86.14603673253636
85.91466051697067
87.3624948723478
86.58418565996399
86.83716740620875
86.86781103083717
87.72355357914456
87.11466234899342
86.16016488233353
87.52188250689827
86.73893347074579
87.29896303323933
87.75460724786053
85.51632794155265
88.21651645545401
85.90865027932416
87.34369214790492
85.29146143021629
87.94234779643172
87.60912308784359
85.69685001250538
86.714806014632
87.0604228219123
86.45850899070298
86.21375236671919
86.74025732960281
88.18766030518768
87.06523786242016
87.04377230584953
86.55282636199475
86.56133506279515
86.6926823597089
85.8388867092361
87.57422827653883
86.35500893126165
86.74486709834022
87.08560457057847
86.87357069590708
86.10087896389584
86.14306829335457
86.59983285441184
86.93254498682742
88.74453279342357
86.11679064366474
87.82392483365544
86.25512759781716
88.18776207388713
86.85282448563576
87.04522230493527
87.27468579965229
87.22824214646641
85.96943958997969
85.31339635654452
87.20392197621815
87.53372825660354
86.21231150747347
85.8560870590998
87.1289128875241
86.24178164861752
86.2808836639697
86.08024844916494
86.17311725363376
86.81296756476146
86.60358865171821
87.82482766287158
87.28363745156946
86.6932867222869
87.47880217650264
85.38121854922196
87.3952116875568
88.29909676162751
87.00419419514976
88.87064984549578
87.5881653989937
85.67573256027822
86.98256765212443
86.41190366056205
87.37464569810307
86.64425220366141
86.95905975047283
86.89929409821706
87.13957137491597
85.94124415032155
86.95011619066095
87.63080989749413
87.70900353955547
87.91563780233697
87.07904313483263
86.54281396178534
87.29956905046487
87.056059457122
85.36656963276253
87.43811629100975
87.3202321279961
86.23280874271418
86.7063959324474
85.91220021126927
85.84843828667324
87.09072540458163
87.19828950629629
87.14165000903427
87.78893345367645
87.47535820764867
86.05173577465773
87.8082785505204
85.56063063713185
85.16282105234671
87.7277179388736
88.20834573272616
86.8872431414908
86.94382484051255
86.93026027651564
87.52598373335181
85.93978799707017
86.6524002274093
87.07498896366651
85.80989269652027
86.56534091917104
87.22792446180041
87.1246650456966
87.50910692666349
85.9166511776992
87.36794254703098
86.75883642140424
86.53672648258339
87.91617944502781
87.21139611032463
87.90157461228915
86.9374681378114
88.23063979968215
86.13767136723892
87.09093938275635
87.84992452883294
89.04117531549046
87.37279431439372
86.48506672768777
87.27543006563319
87.27941437948051
87.05442111759848
86.84589168816014
85.7668774282363
86.76913364048285
87.45790618741366
88.01160358118979
86.36839539873934
87.64483531926709
86.67906202985571
87.10821138678617
87.29845184453407
85.76514585989808
86.65930498216154
86.69638020838153
86.71560576392541
86.10002154982973
87.61853961400368
86.41264693232988
87.10902889317538
86.04662639071448
87.48829548073721
86.08673645499228
87.09345774706527
87.71038063030844
87.15427501181102
86.82200087583408
87.40047673557925
87.85740734622563
87.57829880390005
85.99541704003835
87.83968351724982
86.71581192623506
87.20802700033339
87.71766777752143
87.0958820621839
86.68470133290863
87.35742767094207
87.41389094626804
87.07955363427685
86.57233807561042
86.28776649965431
86.12271826427934
86.28485060464489
87.76757118908547
86.81784789474185
87.49111879757908
86.71809018063091
86.88650485211457
87.23649595087448
86.38412918657612
86.25809097845054
86.09517216382442
86.92624838983755
87.58908276262142
87.73621811659223
88.06078564017561
86.04680119136475
87.70463857934153
88.7840388713913
86.97607770053396
87.70878822797499
