86.10762327279402
86.77116470138142
88.32886705679272
87.0840798758517
85.76989366604506
88.09563330151349
86.2269371621681
87.08554105397441
86.74609962375196
87.17499371853008
87.2610003043305
86.35618055686889
86.1818127858391
87.09689290650954
85.38632821586783
86.68459720600764
89.05855140163243
87.07297885660323
86.05255932275568
87.42807422173246
86.76896818412207
87.1891498685538
86.41852122026552
88.08039375821858
88.06978598220019
86.84225955305064
87.4792005246499
85.6710213737742
87.67669695692881
84.74308697798594
87.88814003436246
87.09834610396146
87.25054537970854
87.2184231376299
87.27907969743634
85.95861441144986
86.85846302743637
87.62972500956067
88.17709509524947
88.49993268396514
87.33502272953
88.55093282165824
85.53166048900778
86.87777141623765
87.84381464906328
86.20495238001526
86.47200239113955
85.0347788134276
88.30572344293084
86.79542298715496
86.83762329902882
88.74403707500228
87.25293806314899
87.22537206064528
85.76222024589539
87.05598208679869
86.33717379283736
86.58645463108768
86.52852042252314
86.96255138864808
85.90147663771472
86.16863498500796
86.80118922586365
86.38466132032886
87.62532486448237
86.77636146509555
86.04945912398712
86.24245786696976
85.87434700743084
85.6230392726339
87.02628345780788
86.58260674644184
87.73936073405946
86.91621742969019
85.77557998224817
85.80817089105321
88.44204288220685
86.08501156213654
87.65090841021424
85.70079482362036
86.63795084597459
87.59202152934066
86.6438514121246
85.58624292249559
85.45626341961365
87.62387578249077
86.6222422999938
88.44978100918549
85.32143960108328
86.11737554018366
87.9928334862014
86.37681549354305
86.639830711788
86.37143161989353
88.70479758718828
85.88005218400305
88.57889241551109
87.29353884596
85.50230569575055
88.29735952785695
87.15490455613237
86.91610107856731
85.8815041546369
89.03181338843875
86.86152833416591
88.82891865345857
86.96752551471033
85.60783873736126
88.47713399937399
84.785702913484
87.22519431837577
87.3650630865074
86.24617171984488
86.67737279897715
86.31072141239095
86.32025345378658
88.58508085753193
87.85872746104188
87.39952053213737
86.43860284897252
88.29338452034627
87.32558791567922
85.73872734402528
88.04054812251356
85.2285016180949
86.25616347044513
86.27253806445296
87.05337862666121
86.50890947442778
85.61500519726206
88.68787819892827
85.9573616016668
89.03489568804929
86.07129770917753
84.95477404555042
85.82695432519259
85.30036957939771
86.59034532309694
87.05650718174383
87.11271474338147
86.69659647269793
87.60571401102175
85.56745708236299
84.83331419744857
86.37858112800984
87.41598377214873
88.06527648114219
85.95464138554107
88.18927293998149
87.83606684125024
87.44735234191836
85.30838634294672
86.49060202105753
86.59100466159728
86.70124395706581
88.3350654063914
87.57575067876317
87.61861169382325
86.10614204472694
87.34581787338031
86.86818799442044
88.07182921797853
86.97101953367806
88.87573142610435
86.87754137818237
87.45444137889903
87.04828238516448
85.30140064495167
86.23073962531632
86.5022340239455
86.24493064872128
85.93953831530676
88.07507143187335
86.18084585042483
86.25032379319933
86.45849474072185
86.7483010929637
86.09834080020754
87.12158365535505
86.34807237909922
86.01853441698881
85.91077530140609
88.84531354740373
88.39208806468729
87.96707964168894
85.72250133233184
85.91584409641236
87.4628545058737
86.47450706549076
87.3247486350227
86.97791802042073
87.23484699408047
87.32171739838454
85.81005882248331
86.45239701483416
86.68765893092943
86.13953526412298
87.55739125925543
87.59304286730664
86.62426499750786
86.48516919929132
86.80589052526621
87.08902242831745
86.20326464800752
86.38131325465727
86.93089329592306
87.38846958447805
86.08239376204135
86.366059588916
87.07269784651997
88.55918621464838
87.93160892386618
87.0016670531449
86.86110008344612
86.71201820037923
87.97329896175748
87.16123997948219
87.12809383798529
87.05161517357135
85.36811155204249
87.18857294199992
87.21652571944527
87.19513785294026
86.31784228964645
86.81121256313878
84.72103007851686
88.03046732007601
86.8356176746845
87.30962750280393
85.13368941032572
86.7346036059868
88.07728276437385
87.13355506679488
87.22490443313863
87.5261472402015
85.90268471068434
88.81661209694924
86.2879029406269
88.06884305783119
87.26597409188852
88.17336339368092
89.50591020438715
85.652050665072
86.4949192553326
86.56438148928434
86.81994609262796
86.60347693135846
87.94646692435971
88.29661085002043
88.13939845239202
87.21649799140802
87.38550521289581
87.91409839430376
88.28998202937902
87.06589701566209
85.25595179847534
86.56049311828717
86.85800675214712
86.34820544153577
86.43193920084704
87.69689560779216
85.43252971943724
85.8241268680189
88.71926331597406
86.06929003323839
86.16971830095827
86.22160641073437
87.81265833606422
87.71161694972646
86.14298982742993
86.06848198743786
88.4011865054333
86.90075727428184
87.89204395731075
85.15309646065056
85.25142522894942
87.35969425783078
88.74507162844597
86.92843464320435
85.06745077807983
86.67927493451344
88.48724619460168
86.12955552021988
85.84663808244481
86.72784391047172
85.06770709679975
86.36728906240353
86.99828011651431
86.7849833318683
87.11317174508063
88.58204404951454
86.14745069335484
87.92144702067297
86.7329072200768
86.51892668802218
87.15698690828029
87.13199206198158
85.46513821394227
86.73787903839376
86.47115839399471
86.74314377368673
87.60018924116429
87.17131532224589
86.67425780810508
86.69196071231356
84.86678843748209
86.46495375797001
85.61805776606764
87.61016463436712
85.6398767213128
86.74724480907514
86.02094213354711
86.2764781884965
86.51992523736575
86.45051393071965
87.47456285816305
87.00676083810663
86.55888883914528
87.25752163546915
86.76228270326246
87.29059110579321
87.13123345727983
85.20855773383758
85.51687837559643
87.17835549331107
86.43844792014713
87.6887150185119
87.52623539372114
86.76686940024072
87.5714719756085
86.33120431675123
86.52503885101713
85.96713348396617
87.77315637936397
87.20296757154257
86.61496150423751
85.45110420726333
87.75190128933237
85.9474562412519
86.89585349115067
87.5789071762054
85.64888980991965
87.05058117840576
87.12340248752714
86.8923447654986
86.9154699787712
86.70275212372101
85.27659190270401
87.3812622364111
87.59028037124439
86.09362538245949
84.98183195444813
85.43999531216963
87.75214198016303
86.73617572187764
87.25699157009458
87.43114106677632
88.99629928341456
87.2028560438995
85.89044008404751
86.10517247455792
87.18373527840359
87.59579838525906
86.80749450724682
87.10123008007817
86.87071421957029
87.43224825991236
86.36711080623213
87.41206304632907
87.46682754772999
87.1519366015455
86.9506806334635
87.12521636099841
86.22261636939224
86.44010459169817
88.19066670444288
85.38476048796561
89.24330812639829
87.35164767790326
87.92286654357852
85.93598239130772
86.26997947219863
87.81954464631339
86.29769063018956
87.67635315204305
87.12571674870581
86.81357648596708
85.12181053617408
87.84264684866913
87.28302927907639
88.04995420029753
85.86847666456399
85.68673320890024
86.29199805887266
87.15650841879634
85.99755397061915
86.94639739569617
85.54566107873903
87.88447033345115
86.35831524418123
86.03392230638492
87.65288138968592
88.03476126048723
88.94935039687994
87.93317380433975
85.94125088994024
85.7726472185139
87.30966197645759
87.2851183572251
86.91776292350198
86.05285090131422
86.48809085512329
86.99738546775825
86.5269168412705
86.05407980674698
87.17684987627003
86.1018059581829
85.96984447209961
86.72854535076247
87.76511354001869
87.49579258423658
87.22726010145121
87.34341835612933
87.09438188791951
85.02857298114903
87.41318735591213
87.86083713581775
86.87047149841169
87.8114165160048
86.53189230263608
86.23796403282348
86.76191919803223
86.91344809449481
85.22584291756998
84.90985492141411
88.52102141454944
87.3828176570825
88.83371369980259
86.210325688064
86.95929510267183
86.91142946311157
87.38811975757612
86.79955080939371
88.10897224617781
85.74158216525892
87.97891865853192
86.81398796620708
86.89597958372008
87.29904526119962
87.7236796173477
87.60617140010012
87.84046259551387
85.88773677527345
87.27555542018955
86.71088600828377
88.12186626421193
87.09565997859745
87.74675201274734
87.88039336042542
88.7786039104085
87.2535281394708
87.54582956080446
86.9023847391295
85.85833335451707
88.14679834884176
87.08799054499917
89.32203738664741
88.2139120857935
85.38207321537455
87.56547549909733
87.45627636294219
87.45199601948781
86.56207713225248
86.27332421664495
87.19175248541382
88.02797506178996
86.89819093603886
86.05637366638365
87.33466191747279
87.68735388386597
86.90730634192717
86.89211929847318
86.28915625320856
87.43274892415857
85.15124408983638
86.08185448877651
87.03156495598222
85.48514292201509
87.39675828471829
86.09036489463465
86.94246927601459
87.25162744187593
87.1425983884962
86.30658860090402
86.28879763568936
85.42471535752308
86.57612340077874
85.37369392081733
87.95963239029771
84.77056352256672
87.10488668199415
87.1233536222168
87.94367834938166
88.03057468341959
85.38956259972453
86.76079241514844
86.72821187791243
88.09524453390212
88.06744772030223
86.81713336938435
87.49712789893411
87.29169799428178
87.29169304226058
88.069846844292
87.76243167913807
86.06119894121353
86.52555083909974
86.11398191893284
87.35579812456379
88.5091753557902
86.73471002106237
88.24698500901567
87.77110350555903
85.69098291601078
86.87469918109026
87.03394185285163
85.66318241349612
85.2756886951416
88.6884085703325
86.18123357240358
88.32939556351883
87.70432665433552
86.19325706994383
86.6407792031646
87.67921635321167
86.01823785864325
85.28476785945232
86.98584647664796
86.68962526081545
86.83611210610832
86.82876228375146
86.19511990807325
87.64930095659099
85.39121554431283
86.57221286324548
85.97187007234147
86.22899325839718
87.49134724582133
86.24346275383026
86.80467820785714
87.16653418028336
87.20106564227402
86.8520279969779
87.07993300874308
87.40192470903398
88.25566830845777
88.3215694749794
86.76170277038801
86.84886169403511
85.87312865208885
85.96595124814941
87.6661703863892
86.54231439707773
85.7496552117957
88.18401555738131
88.96297799295088
87.39885405789019
87.46782078819618
87.32201679895682
87.69876597217562
86.27776563618136
88.30197691034046
85.02677284209408
85.70736553575777
86.72410818833492
87.03720903057611
85.60609665123526
86.09898949152567
88.87494354847372
87.49015056573839
85.88292618550341
87.84788802805497
84.99041939150243
86.01305153115823
86.25109135269255
85.61865776158554
86.57992169612801
86.62548582134335
87.1372332285006
86.52694586608233
85.68114308835534
87.18208494249603
87.8616832035297
87.28609061955726
87.89628051889383
87.35360899710622
85.42009191694241
86.09572805701032
88.82621403372607
85.80621100533459
88.62526363627933
85.95862339725187
86.06812340066111
86.83198898753434
87.35872883566391
86.96264279323603
88.23754056188001
85.57117839648627
86.23407634479017
87.75629550466688
86.16248234093528
87.62148784216278
87.18660874813183
85.97897566257674
88.68632086859648
87.83327422137464
87.68177702576124
86.27981838646491
85.98571167335463
87.01644186727086
85.79274789571144
85.27236538847907
84.94103156171211
88.18197604720314
87.68962682162723
86.07387222457783
86.4912532995372
85.79275162569829
87.22944454613842
86.4098969050846
88.50640443008854
88.21413640085865
85.65730413832487
86.15396596307247
85.89240210705833
88.25107158466808
85.40398837037651
86.17503338966445
85.55217116618113
86.29537689354288
87.54496822496296
86.44136880477443
86.45625150744256
87.28412300099211
88.63021694930703
86.72203526872882
87.22039721801383
87.93679671443026
87.907749745214
87.03617448401289
87.45929861066168
86.87908274151731
86.89939097374285
85.96899625787084
86.77825461339472
86.12524262283493
87.10102703039617
88.12388328220901
87.18900132444502
87.20580193609439
85.43433361297258
83.9086836421177
86.255409775483
88.3045053309911
85.28349534914263
86.33331720102993
86.62434963705437
87.84804060632082
87.22829585992949
86.98138669747316
86.85579244535367
87.42121189966939
86.57013546154386
87.58706175120753
86.01472591783957
88.13298662663131
85.44893855194155
86.22335887295914
87.93114006137253
86.45765990063727
87.48968513092629
86.95454592654528
87.27285470723392
86.78910729766316
85.5742690480781
87.1949138373638
87.48860368490638
87.4410554620034
86.7334336007141
87.90800670136156
87.09748380694981
87.92550512425206
86.52124281691695
87.83207518024454
87.05707348194692
87.69283956403204
87.1088004921907
85.73767218030575
87.45047168395648
86.24024095767928
87.95389985201973
87.66244871546657
87.70462198661552
87.36460724228763
84.58804551094403
86.38544045200739
86.10606255825968
85.33266613725498
87.34820510397724
86.32055303638053
88.47441520705142
85.9701404307616
85.93748639030467
85.81414859755152
87.40838651596941
85.42026875282497
86.47551655449895
85.10098466866872
86.16088299542534
87.39438314544277
87.39244172636253
86.53877008399
87.02494584195195
87.1158669187487
87.91588892637643
86.47148995268545
87.63510885551129
85.8242542869375
88.76663974824352
86.44485721063684
85.30623946407225
87.04826116242444
87.55837802606486
85.49763209566993
85.46191411136347
86.48799959709939
87.38138651163283
87.31210213965613
85.65537984539833
87.28956465497978
86.94246665968323
87.03017027590766
87.88980701523279
86.09499894483656
87.65788624824403
87.25566441207366
85.64853043139318
88.24154787877943
89.13866675047505
87.0387913335875
86.39136274742376
86.4206237868521
89.51640548731422
85.09355766899249
87.39922202663287
87.39574899482528
84.59113509662993
86.7062357794292
88.34303736304294
85.26935408620308
86.98168530617953
87.83664025468735
87.02636876472256
85.71713618566714
85.86249063651347
86.88630219450985
86.30687823710359
88.09500499821377
87.81643868267999
86.97655357619084
85.42442057686057
86.94391650610783
87.90672785036132
88.33969089664508
86.12239448550235
86.21634931797185
84.99132490669024
87.5825207994618
85.80154853833993
87.39268070524874
88.94843681404238
87.18456991576079
85.94630317183538
87.27709627389541
87.46861725155553
85.38206398933838
88.37293600578182
86.25186013047443
86.6752382237718
89.09675945955394
86.65475996788618
86.49452842389985
87.39916171882807
88.19410151766701
86.48567926533698
86.12103993610981
85.6874637056804
89.14704060990536
87.31522421416459
87.92626692008362
85.43016639394892
89.39542757912231
87.06478683802376
87.32047813974286
87.09515849180855
86.2264845824958
87.23745937177479
86.08539701524552
87.75678951286876
86.71146884937272
86.51571271536689
88.12368095292872
85.90174074757458
87.01507089816003
87.52247430594102
88.9482495467001
86.20532442993381
87.1671369998835
87.40898322693563
86.38950792245122
86.72797083927942
87.1378717308395
85.59541954556957
86.56624294380127
86.77700396093412
85.71109016642023
86.63825498363717
88.15031803997286
86.73983087627634
87.34290917642957
87.56307410871399
88.21655319000367
86.95109341258636
84.38171174254342
86.57916602652195
85.35606873921662
86.20733475926764
86.28611036832194
86.60695752159633
85.89023781232153
86.43834915482793
86.78395826882036
88.16022159786502
85.95169906886449
87.38890192716863
87.53746430128824
86.0658630042448
86.83437541769906
86.39087936020977
87.52865066675149
86.95350555683927
86.1741468272637
86.95434822959218
85.00666381934485
88.56362275446078
86.40757282076501
86.85637541656759
88.48692751261875
87.66904760336435
85.94960933769204
85.16063275071023
85.45341449239744
86.42341013096598
86.07205430618868
87.1224219267156
86.31246449150329
85.96725411700898
86.21610795158766
86.62150938367455
86.58135896818892
87.48868183526331
86.84948607143026
86.21057512052096
87.76997026787602
87.37234260787237
86.9202723260543
87.29269911434767
86.0507542995703
87.68537420770001
86.21507057984465
86.89928733895714
86.88958515914577
86.15072820726196
87.45629019917013
87.95795705540415
85.96556359397493
86.79161897431317
86.44602913083796
87.6004802594313
86.61755007442643
87.21138344542477
87.95295382424932
85.68437609648001
84.83783274751815
87.7802327098157
88.07370488544862
86.1645648036898
86.329140618873
87.40174923912281
86.60354412263388
87.34502169275939
88.11466566134295
87.92199385151292
87.07090096904035
85.81169969599372
86.62560303305601
87.09908115704552
85.6636883241128
87.40547177585817
86.64163794380761
85.95806987306754
87.81465964513012
86.19520392157497
86.39044273639877
87.64627751594772
87.0426607687552
86.69050235094271
86.74252402131455
87.45629678826973
86.85857460603917
87.69302040635462
86.88992780326943
87.61567308859104
86.34741723089479
87.83523623014851
86.56889976768908
86.46183545139962
86.77201304003734
87.11361079006458
86.72845052994158
87.72837263800977
87.68292604378121
87.14325363954956
86.0204091614597
88.29284758600004
88.37898950436269
88.04926062957323
85.97595562407629
87.28291054409108
85.52092649675069
87.62353246939848
85.6343713012422
88.42163404661999
85.96488338918037
85.77649686956565
86.07575720993329
85.58618541876321
86.60875999866298
87.14189875956272
87.82570170639674
84.7755095199499
87.80234489166558
88.19460141445971
86.3699100587515
87.4417224901885
87.8676221812963
86.5652469174749
87.78843312424654
86.49575108455912
86.58028981505748
86.11821006620872
85.45115700834704
87.01401547261158
86.54905472518847
85.6445169693946
85.72227186579529
85.64725757524086
87.61879801320849
87.41229755606662
85.60543689592296
87.29361323279444
86.93820103084416
86.48082890180757
86.39988659722083
85.59226812920168
87.27496620256773
87.40019950983762
87.59303633570674
85.78025891081434
87.18568478299768
87.31550806324164
85.94827010314104
86.15910021546901
86.23639381624615
87.61444575508186
86.9264907075217
86.31788783749606
88.61619532902839
85.99171828189576
85.51637852829573
86.0375335851583
85.66488880417342
87.68627880085657
86.66975976896106
87.58369072096353
86.24421706449694
88.24322485823015
85.63342398706153
87.48987735512809
86.86766485603944
86.25326215212702
86.8388250343386
85.7784073694016
86.62395578923656
87.33803331820411
86.84739045562898
86.05368481895337
86.19118895979446
87.08541974963525
87.44383488791391
86.30595656741879
87.32895821245508
88.94904490050614
86.4950131993365
86.33099380541331
87.86540386736593
86.23194980069518
87.32197555302712
85.91468820738322
86.79000627387015
85.65270395180879
86.73296347785245
85.75981190966216
86.05803462402883
86.08506124559304
87.00657839594031
86.8680309124095
86.07390441504724
86.63137203359268
85.20708434677829
86.84883592800793
85.91950299609363
86.67123599404788
86.99378293044076
87.36677720270043
86.9930870878933
87.30658293319576
86.42790638801706
86.6595068149462
85.95691124944015
86.11865226207182
88.24536724463943
86.59475552873342
88.0809199622397
86.8316473093626
87.03225979263159
86.62271252002418
87.81432498447799
86.85569301328528
85.99056479222064
88.27302014339614
87.77033257905687
86.93449151341231
88.85876115068851
86.47422158127239
87.06894605285059
86.25312464901499
89.19852162922678
87.47600347227912
87.86816883339033
86.76612211785883
86.83847554066942
85.3548394540711
86.91442040794814
87.71699069246782
88.19715413761524
88.03907248394758
87.1598330365033
86.59666236178785
87.81388923927811
87.60549865774588
86.65104980745669
86.53106613630426
86.78738235439059
86.33863555745916
86.6093655813365
86.35931653263174
86.12351503487093
85.64431914086589
85.65812162680187
85.86105646186942
85.77151518095081
84.90346992936483
87.7826221780948
87.2069704221479
87.47278182764022
89.01331877472377
88.49382567810197
86.98792209765749
85.87468593420061
86.8358768318747
86.55518033415866
88.29022507021905
88.3555415549061
86.72330166868355
86.51763137790618
87.21841257650544
87.77918044241186
88.68061068386865
87.38907666955694
87.25243731403668
86.69228956370104
86.99070619077797
87.16668774441362
87.41897108983555
86.7190826903622
86.69385377408403
87.5213661965326
87.22649887622072
85.7806453500161
87.71092397910625
86.30939718571413
86.00582755103397
86.03331839792651
86.90248056951226
86.5145990377485
87.54641040124127
85.9473409238875
87.1970836944343
86.70021990435241
86.00015430442073
86.93243107520964
87.13596945566897
87.08289167503787
87.72431228483318
87.73225939482344
84.66871127640584
86.65032178366313
87.08401629869422
87.300106248019
86.75766392176088
87.39979177606814
87.10894261571941
86.73048870741182
86.72024382663857
86.33391596722898
86.24206687538528
87.43487124261112
86.54747407262816
86.34963153093486
88.16793111829864
86.04274764332911
86.28779751621862
85.49942377567145
87.43448520090155
87.0103217219505
88.67405363468755
86.31254068188355
86.96576214464775
86.16413621766965
87.8173818996444
85.15260462469283
86.13793957705452
86.13816814195579
87.39872190381296
86.25782425122492
87.10749670227912
87.32308816545427
86.56497875660604
87.348572327748
86.66684965601584
87.45871825915977
88.02441854529548
87.205585213662
87.35980863614373
85.73530275431818
88.3270206904835
86.63428294388468
85.97854727836935
86.75796384574147
86.629886670021
86.47982479057032
85.7547229173604
87.12636845980829
85.69823598572867
86.24425497456025
88.05594956441033
87.50914110913257
86.37676257765978
85.66081802473286
87.16422032880926
86.00538190845435
87.28969573483022
87.54087405342818
87.68382473707186
85.02469883246535
87.07108464581334
87.61615985420354
86.67587730485853
87.56282155339748
86.785520563962
87.33928010670019
87.62051529326396
86.4866362511388
87.17860082472932
87.01181814783604
87.62358077599178
85.57096069311433
87.68726127408327
86.39027180007018
87.24845348177817
86.13943233240309
87.31576729495181
88.6420145100408
88.30147633943884
87.59178239055765
87.90365858790533
87.25511627279157
87.00010330323337
87.60025754988526
87.74254985659697
86.13504956052537
88.13704992308882
85.80233901536852
85.17204244965426
87.61807346792985
86.78798097540823
87.03183142157198
87.0870035451326
87.84190011189484
86.6901753090465
88.55720090024253
86.84988468921469
87.53322183811335
86.73401259843367
87.43216304314743
88.05857219569998
86.5989116531785
85.56588859642812
86.86165402199632
86.33041861149387
86.90206712172868
87.91633020892769
88.41382027522329
86.43095366966712
86.62413973122652
86.94655363295533
87.55351438346844
86.00075352488558
85.38181936544814
87.36575870684965
86.45386335395328
86.14297545322087
87.92926369766812
85.79971206418845
87.31386458101214
87.51303076564758
86.0014125490203
87.7587617702121
86.48994932075807
86.57532864780096
85.63128820524463
86.20670325071063
86.50701156684026
87.90679678281903
86.09906195220775
86.19219159950494
87.2042365723018
86.63835768393821
86.36097634229998
86.55134727991187
87.4271101358468
85.97927533063604
87.46396125014813
87.34014431978326
86.37597231547208
88.0349880468904
87.53135377796326
86.65832808871984
87.60813526379418
86.93684575702805
86.12582264336481
87.46832250637894
87.71367123820097
85.67667776837875
85.36134327560704
87.65175970526991
86.89017219709582
87.3417942866983
86.95096477379957
87.93633173097417
87.70005268197401
86.52988477806385
86.54373398371018
85.7915764969836
87.58426850953968
86.56173626988385
86.47960641651014
85.22995697451795
86.91124359019365
86.49168090344588
87.8450212285467
86.34747477873955
86.91966438422084
87.47983380001992
87.00371875588063
87.4004189917408
88.34719822138392
86.38318702162618
85.2665481563326
86.80903731797818
86.25707650791325
85.73747870319657
87.71665992154028
86.50344734042046
85.74215286559162
87.70012436128341
87.3893338741376
86.04489242358717
86.22373023413643
86.6718060588454
86.24460413020334
86.49336423615472
85.03884296756901
87.64279856982218
86.33633643721488
88.36335327255945
85.09341827849357
85.09416273743848
85.5403985065858
86.38248008484803
86.1926938915251
86.61938275709655
87.11002780852438
86.38214456188025
86.1471692769076
86.98406508738081
86.10059537629704
85.90359495833854
86.32732131528589
86.45731212380187
87.72956188804764
87.69696171541901
87.3472765328307
84.05528207316664
86.26391816111521
87.01921813711229
87.31318498609178
87.22041037786192
86.36554418959858
86.30970358962381
87.53271375369302
87.32574308352926
86.96105144872992
84.81003814143497
85.44786299943507
85.73731226217566
86.68863782801925
87.77223588389411
87.95812103643121
84.46362543394521
86.22247913312563
84.8099780323998
87.86532322707332
88.10036183630788
87.04359457437675
87.55698593621183
88.11098096470168
86.97500184952418
86.03261138487592
87.42989001945888
85.98328788243178
87.24352378072594
87.24935236397296
86.01715223493586
87.63643241655
86.50134137772578
86.88640790917526
86.06427435867957
86.58431419175605
86.73267676343688
85.70643836919052
87.45463579073515
87.41066517055701
87.50637151034329
85.25265580541101
86.93731621353452
84.71235633231183
88.24737699825872
86.48381947732287
86.9243531719526
87.13910686666954
86.63408700869584
87.1415808458786
87.05128185666794
87.39050756057259
86.2659593846242
88.3300566769866
88.07658782089418
86.5686484840437
86.28650678842637
87.57432614484752
85.88993324698023
87.94470734521339
87.01025736309411
86.76181508379888
88.19900049350719
88.95102112768444
88.48632694132765
87.256878722072
86.35865075570109
89.02555799011208
87.06799831536829
87.965695456694
88.18886614702744
87.37235709707862
88.82555164773315
84.91791341759172
86.04453128580931
88.21124251118272
86.2572435816701
87.09955922032299
87.03893226844214
86.47574265104667
86.59607561536286
84.73194828705779
87.36483640924659
86.56877246417335
86.01459236240963
87.0048084568065
86.91736491893958
86.83293608784868
86.33894665243471
87.12331464336619
86.96750245600556
87.2149359047413
87.16486539137132
87.08303762507369
86.87067746903121
85.72332645500438
86.49854802177411
87.56441563431886
86.60443258618139
87.25448270759178
87.00075637576562
85.325809910284
87.23917528622978
85.07730630834146
86.58366034146184
87.94669121208993
85.17970585006934
86.53006494806209
85.93596484566437
86.72941589458922
88.05130681080834
86.75749402163528
87.70705872029048
88.03012137198058
87.6063454685973
86.92826874236668
84.16656059537779
85.91917028629625
86.88490670479892
88.28976024492337
87.45757557556728
86.56962791789041
85.65778053048088
87.68374889225106
86.47577127568937
86.95489514360752
87.8865615692986
85.41873569565452
85.70248072260861
85.49810075798513
87.644270943788
86.67561323537073
86.35572888879136
87.42778971097778
85.1191301148634
86.87675207675571
85.8063845660064
86.32532729443636
86.48453828568533
87.2100242173556
86.72317137556296
85.69461662507304
86.95424501075534
86.31757370390905
85.41246295142037
86.40253161417981
87.92521860416562
87.72549632068613
89.33139542289233
87.27030551413061
86.22809405488015
88.1335172869245
87.41892607441055
87.11559055193908
87.62786202541987
87.29070848208215
89.27952336638049
86.09661664995615
88.11811894065102
85.3299542571559
87.5037933743578
86.83220656382873
86.46090449663956
85.96616053133386
86.77360738143351
89.13284114996858
86.41074257769452
86.26470123311651
87.14702540095274
86.28171592656962
86.4427154565785
88.45592168808803
85.66458256104515
84.88440645380005
87.17039597860966
86.77902221707096
85.9766066934393
88.5777644313633
88.16575152458665
86.16630114764463
87.73299349695239
89.74177812871054
85.93436970480745
87.98460514158752
87.86837675113279
86.39746568495814
87.29245423990288
86.69827557602596
87.30081659123871
86.41540897769447
86.7403589972774
86.53796737714659
86.65863677224162
86.83119002216047
87.76165175963443
86.72445648193816
87.92588133442409
87.60307332985973
86.72982597091709
87.80268528912724
86.96877336726719
86.75647450033722
86.69281663758126
87.30400835562853
86.62729248372558
87.08336982724832
88.24548739201163
87.42733252801224
86.927813052066
87.2435565544447
87.32654061965329
88.93535956335468
87.03435355971051
86.76548802281037
86.0371618999151
87.39404433544735
88.45712962742684
86.57268103082639
86.30101951956205
87.56777428522818
85.74550393386099
86.78610698376022
85.84803805090401
87.23158837083305
87.54595876580538
85.5837513980981
86.6024526346735
87.28532189684235
86.61225972191535
87.36649533764628
85.88002929297501
85.46850085534538
86.29687496567377
85.79753302300882
88.405746317968
86.68223241766759
86.12653688928016
87.21377381827907
86.6193438680821
86.08724865275087
86.3263346677155
86.04008016689227
85.91790216523145
88.41680683043096
88.43684669611383
87.7109296343291
87.51093677189158
86.03613047195937
87.03607686281323
87.38088663982505
86.50216735691258
87.1849320819566
86.04935733041106
86.31455057985582
88.12552485841842
86.50608180372555
89.02135002851848
86.15857976405447
86.45542271228271
86.81125170295007
85.93055645320311
86.00079243536382
87.90041225183377
86.50235002489248
88.04936893396959
85.99026321859982
85.43866566297409
87.5118862672155
88.25004184321928
86.73675093332409
87.03340225184817
87.7681225774415
85.84648004754217
88.09288729395178
88.17087065773512
87.73871462441738
85.64959962900376
88.31915481868091
88.6663271620678
86.48619443399308
86.10993239536977
86.20670362970542
87.61985343916089
86.93591982225283
86.97201447735918
87.52414021459555
87.98558774664757
86.32435195582426
86.42902841428628
86.52135590002861
86.78989552593673
87.25330243054846
86.13179065910467
85.63232484546036
87.1227900445002
86.40079860330897
86.62522851958933
86.58560378260773
85.80540282831274
87.24905512872847
87.10695969386555
87.27945583378423
87.52875788485838
88.7570657479002
87.9378396868697
87.73191317811413
85.10361294449416
86.52701830166731
87.0574275117848
87.42594718060913
84.927409344184
88.2349852350064
86.46827722021109
88.0214606756032
88.08529921833114
88.81866344456637
88.12833221012784
85.82480764779473
86.6985474548397
87.76882945430086
86.75725616828807
86.55021813663005
85.67541684757481
85.66403705195577
87.67688462645474
86.9493542539269
88.0445767063078
86.74927921178703
85.22351685651272
86.30057855014408
88.67902828437862
87.3511187564651
86.91718693807975
87.48731783132422
87.75526596161848
87.18992358865987
87.6775809027568
88.73789063787754
86.49534583596484
87.35590820623673
84.44691218295034
86.03445696684064
87.39772810459084
86.67446172674401
85.68651651377657
86.20428324424762
85.64765171565668
86.8196818657007
86.185228938575
88.70381974132825
87.03231231937761
88.72805761250737
87.06777351409636
88.22556587063505
87.07283919183122
86.68363285120691
87.09582276601111
85.89138658295964
86.86468382012565
85.91360215939049
86.7010914484379
87.02384212936958
87.05892085693671
86.59255124615652
85.53581315234356
86.48491276253456
87.90121558217675
87.80786917052798
88.66222112426387
86.69800043022494
86.11830416907782
87.33944252144816
85.76396932655614
86.46495608813144
86.756725131439
86.93995738521167
87.46549305375441
87.92657048592581
87.27735646225123
87.79192721251317
85.56558486843555
87.6438610304418
85.59949130779528
86.16550985173396
87.50108736927945
86.25409902894918
86.51243169819438
87.21326086915703
87.9837195393632
85.73539409674765
87.10692380411507
86.91546462910837
85.88067978787939
88.16023266391609
86.82776098570815
86.91782633314119
87.37697872924967
86.6062518024476
87.0914479366655
86.85975244718578
86.33059477084494
86.98488033007125
86.79919888415387
86.16677780799408
87.74304907737762
87.08822274612143
88.60924434031676
87.12909133412404
86.81913761673721
86.9301617141504
86.51363358225338
88.06672939350193
86.22678721133535
87.63365284307278
86.33665797328213
86.49673718635704
86.43613405268292
86.12654377890304
87.20463213529246
86.22948814897481
86.98613125919026
87.27935509086994
88.21234816833153
86.76070368554933
88.3449643500854
88.62820017158108
88.38602606304424
86.11595516816563
87.64290954632988
85.63796091286578
87.09335594163849
87.80863738857299
87.5113804269461
85.39467840073567
87.65583993952743
86.37631315843979
88.48876438689543
86.76014839996174
86.05615265883658
86.82229279142169
87.21305621965755
85.22619394175504
85.84021586758037
86.3327774572151
85.32126129539948
84.67141403748238
86.26889005819616
86.49482805177507
87.18870134420371
86.32358932177016
86.48430088558901
88.12784448181624
85.16677367375355
87.53612320758062
86.3396956961674
87.45768870867589
87.43425579801409
86.71492521039454
86.65434853860475
86.5616542211734
85.86633889558384
85.08117337238615
86.26786269986371
86.29270880557229
86.13085497343414
86.85394637419154
