86.54876365597245
86.02353689432368
86.11056404182234
85.81866824981739
87.01442434669329
88.1567802063115
85.4132945453995
85.97476925934706
87.44414324638682
86.42889867296523
87.54114964745979
86.6502712833332
87.72204047946543
85.96323859253164
86.80121246779463
85.67440946334771
87.13554320261127
86.11683467385018
85.6496767738328
86.55128760150635
87.10293542582075
88.1370679438374
85.97688185879852
86.39649481596476
87.32310229976505
86.58230890144979
87.64536614191007
86.1108419554863
87.96621104231119
86.7855127941496
84.1980611278142
86.69085031989255
88.37238685874512
87.37072862991896
86.4685470409744
86.22895475010694
86.30306359287924
87.20700986994669
86.79659147044497
87.30623224313874
87.58252295967269
86.19206503280431
85.63514882046907
85.38193987518723
86.33885687672256
87.97288015768993
85.45658734719831
85.96220796127432
86.65466642973657
85.65868416188522
87.2244048788858
85.95631205960788
85.87150549813389
85.86111008266768
86.47246414687984
87.9890069872978
87.44079445690677
87.0758607417923
84.94542119810794
86.74497779311194
85.44077968300496
86.26757459382783
88.9612980231933
86.6084241888167
86.02110660267353
88.03528869560485
86.11560333960858
85.70249105975131
88.24663997716448
86.35632878090843
87.38791949205677
87.66505943329676
84.88593302508458
85.39333086870855
87.36253776540073
86.8790573574763
86.20625379833785
88.08305995840834
86.46789883665951
86.3538871335829
85.83571194252235
86.43213088310284
86.36676000974887
85.99980437701954
88.40723841981011
87.3614700075028
86.80231471673255
87.48934205913922
87.40498507565898
87.21123345677937
86.94627020125832
88.47493590957895
85.80754401254937
87.68379779875542
86.67135371924539
85.76555247406657
85.55259078573575
85.57029039731873
87.90297851733428
85.71923030862189
87.2869200878561
86.1132236746691
86.95679034351127
86.4105829948864
86.852381903899
85.88146979383964
85.75560749586882
87.5146726585871
88.0709103896106
86.05354519490605
87.44794746121154
86.95076334486588
87.64116226867834
88.17826585808325
86.17048461130233
85.81077988954016
86.83777431557684
85.82932215347196
88.07998906912783
87.6057698801092
85.6639979542886
86.28070096631195
87.63661141587166
87.17077185963652
87.26831198693375
87.04455844902495
84.89045057927454
87.5079817432389
87.25130095919242
85.45338479323914
88.77448317976142
86.4390927253074
86.30758597985846
87.38901624904113
87.0950313320627
84.34311094745273
88.33554761485753
87.08344258950058
86.36028272662251
87.08975409837167
86.58953608445593
86.88375080009953
86.25401820911203
86.64504100202484
87.30015136247833
87.43403370556044
86.56032310511927
86.57644421951619
86.00268528893122
85.75920779682362
87.556111167737
86.10546655042711
88.50808677010988
87.57919901261018
87.03535912453424
86.48403283597294
86.64092560987991
87.61107791857378
89.10703731618807
86.76450388600294
86.86345394250766
87.28125173865088
86.70932047104753
87.55030748707807
86.51011922704761
86.60039404944743
86.43718024949236
87.2759321506944
85.8383251581744
86.4290436820632
86.79721773434447
86.69092313809504
88.05274014531147
86.18121348592625
87.65821268158477
86.85491567466217
86.68435353866157
86.02140525627652
87.68971091855447
86.79551801055355
86.39646390722002
86.45261030810488
88.23909152059882
86.06365718485465
88.26257432959174
87.59410863700549
87.47281193109616
86.38594832314897
88.00936689674992
86.45986220540065
87.25657919559978
86.78941657031216
85.94111341117426
87.43023279686976
87.121371531273
87.64674303684659
87.95369579157031
86.6670298402955
85.5159818804387
86.70071294348274
87.13373769487367
87.51857593248971
86.34899420475986
86.84715523021798
86.87427557141105
87.45010379035374
87.59902999557974
86.94483127302036
87.10561047526751
87.06101598930289
87.1995040416403
88.40417650984735
86.75404768719103
85.67253535505051
86.281148878598
85.1521956463119
86.17048279670101
86.12392569062156
86.57265054006609
86.5016350894538
86.72277138167733
87.04230317452624
85.93899153205338
87.51298186255148
87.71893919603434
87.61647369157919
84.86489272952147
86.29630511426511
86.78802334518336
86.63701900192916
87.39419782458884
87.48293222944943
87.01302868394468
87.50691791464563
86.66187771471905
86.65466056458163
86.95096444382465
85.6749725933779
86.78007306832154
86.66768738731496
87.49524802858875
87.824918228228
86.97946200676444
86.04959133911723
85.46956334033523
86.17560692575438
87.51710592244727
86.77097454816645
86.95709556279846
87.26108080268469
86.78953605255387
88.30232393846876
86.28900070980978
87.65409944794779
87.58469110919563
87.10091539040661
88.25931505546625
86.96050158066622
85.0580113081982
87.2628660663536
88.40809398280796
87.47692448100496
87.28898787347273
87.59608173044006
87.68260947128535
87.06935141141369
87.36221731432218
86.47799078230125
86.40525581283923
86.85217890204514
87.16395767208381
88.26891897166136
87.73939459270821
87.32181831005259
86.21832523250758
88.19041569870029
87.49348528624485
87.77139666720988
86.54399237958964
88.3904820527613
86.90159377980815
87.07406143521021
87.3541918647685
87.60006020398689
86.68750457591588
86.54798445356894
86.36688984754873
86.50843778650703
85.31356768885294
87.4226881043505
86.53365862023088
86.870249235744
86.91973885751126
87.33988560674648
86.97990860197702
87.03574373500143
87.9383383982585
86.05137180190812
85.90203268440561
86.51352610522206
86.94272738999408
87.46555894457636
86.91174082607785
87.50543737007844
85.77096172252746
86.06997964439908
86.56598772628216
86.1507529619578
86.77158365231487
86.2676401244325
86.92219432147117
86.00010339030727
86.96923021912252
86.74450116873744
87.42536986419043
88.12888675552105
88.32129363477702
87.09642860505349
86.88221205782642
88.2064005960337
88.58783429415017
87.79434335850692
87.94848856425615
86.47482876592115
87.19919678197346
85.30982782336454
87.66627959907353
88.32047340629131
86.37358869692882
86.80294150936058
85.27116062962045
86.52853246122766
88.16289286568679
87.40759286592942
85.80252584067657
87.01824238855039
87.60324211182787
87.06525057773484
87.45152443866343
88.07714303916929
86.4429407555461
87.71228567517524
87.35555057051953
87.85549107784729
86.76509733300931
87.18626899548764
86.80770645294697
87.40403802477437
86.74739840484118
88.05605405277068
88.11965007201185
87.51790094434979
86.57687753166536
85.96114149687241
87.34226215585947
86.1469780888874
86.75847288071068
86.84774531401087
85.1264863614241
86.34018675584227
86.88954753672078
84.87057916044836
87.55167801067265
86.17777651763859
87.71316558216637
87.58730333704737
86.78873474782067
86.67642059487414
86.37849946413337
87.62846081723733
86.62200338092654
86.42979911446928
86.68168418633125
86.3648554246157
85.5449753775131
86.45150592391077
86.6342752168495
88.80913975685782
87.0234659106359
87.71355969418087
88.62389669016757
87.05943132889249
86.65280410680413
86.14430799956638
87.5747627220358
85.58552423427514
87.6266831505497
86.95881666723393
86.70043310235742
86.83574671202236
87.03947798115426
85.93116047227758
86.18081674345883
87.9341310143912
87.76069365423909
88.12702478951992
87.7561479005122
87.99942404822774
86.82156498695062
86.96633099599389
86.21331151739133
86.11903232808935
86.4426716906579
86.27456762668048
88.83804913225835
87.58212892675016
86.64047462589954
87.37867983036132
86.85506560541658
87.43852501537742
86.46744549043471
87.9662076612055
87.17623927889463
85.92679106279641
87.45545910692346
86.95351720616026
87.74388254925066
86.14543665639553
85.67417692935265
87.84960433582722
87.56721053270412
87.66306290204479
86.21203199529516
87.74067610333816
87.02074815981447
87.61590641514195
87.42209238494219
87.4019216595968
87.2685956404621
87.18968245766409
87.32870532053998
85.8491771582125
85.77514474053457
86.62129723768113
90.24238191952892
87.39333159014498
86.9883560709219
87.56593472869119
88.02668152734671
87.23135142270793
85.97608534792037
87.9191841307566
88.09299895634904
84.94648661932894
86.16789746852535
87.39404410263735
87.42666932020786
87.20389787939747
87.09795407606894
86.78417431883571
86.01876491307978
85.95528192858093
87.23930396610291
86.70625520581272
86.70023390300963
88.00389029700142
84.79613843007856
87.33764128748597
86.83632814193666
85.62145278081275
87.04249949997056
87.91414453392665
88.48986434647298
87.68624571522182
86.47774320552467
85.68414124435061
87.28099614031107
87.01546166575619
86.16287516999455
86.34191344851637
84.09938775314815
86.96137696032928
86.00937036558435
87.97955673712765
86.24276478536632
86.66060445739818
85.8218605348938
88.03089587490796
86.7754595621784
86.81898770221322
86.66266236161017
86.43649412737825
87.30454365771499
85.59177150841221
88.67825319670953
87.28807671468745
86.03643142638721
87.11941052197628
87.32729888215785
86.99722169475191
85.94054738339273
87.36173056158324
87.14527185075379
86.5249083076783
86.57546664576644
85.38549066763187
86.90667565445708
86.19935576415526
86.53189213231055
85.24650107773637
86.59918450122802
86.19726868719708
87.36129540155812
87.26325973425652
86.60217386185784
86.29626849260589
87.09041751489279
85.891684637665
86.62406510846982
86.37223492718768
86.66858414011702
87.5968116082264
86.96914696133489
87.4041799384894
84.79556417244939
88.40290474017684
86.45038766137455
85.12934988021924
87.71146086819498
86.7395979710257
86.7799182503613
87.45133309018775
88.01696821740863
86.97003962861015
85.36961509298592
85.6746746551586
87.20103285007733
85.97430546545623
87.22509910828057
85.08685087649216
87.85101707298028
86.68616631830368
87.49215594281661
86.69267448647823
87.87857044826312
85.88281290472482
86.84753267169603
86.44190603247705
87.14491234615431
86.60856439159954
87.0222537218652
86.42357810476487
86.6040580658512
85.81033156232832
86.62339144820258
86.34952287044135
86.23397182289845
88.21880260585051
86.67834515905582
88.13629316983072
86.61953636763417
86.58144946542629
86.23523771634324
87.901181303425
87.08163336819848
86.81563463017375
86.45993416161387
86.28031733532572
87.14802658499717
86.53960955422852
86.25052954733157
86.90741669604871
88.25619856801737
85.67378775669188
86.94545791933679
86.76132435605572
86.50432771679831
87.28382465775702
87.58170148851269
87.41561986654929
87.07057661461752
87.14660926082472
86.32417569589984
86.213095642285
87.67115309971902
87.23077446953963
86.93552856081033
86.89486222600775
87.18610522975655
87.42505420993167
85.27982360396267
88.02830338555594
86.45052289913299
86.34339919863686
87.45197665197753
85.51953574945678
87.02918338541043
87.00861790393789
86.72681147809902
86.51240971734693
87.02315989313348
86.41127691190448
85.84207582381279
87.42673181049005
86.51718261941632
87.54286964641803
87.18616711764983
84.98801462514372
86.7929754715787
87.59834311025257
88.3691520263703
87.39450361421845
86.06315662572112
86.5564064105149
85.85849110712974
88.31322921379277
86.57890899509633
89.0638924298941
87.07321560711205
86.31494931397228
88.11153778045846
87.751460760218
87.22206879624781
86.44023071346383
86.77875448664282
86.21598439822995
87.46336269256003
86.48631518975496
86.98351969485878
86.25856919134974
87.31398832204533
87.61480425011032
87.72359614079112
85.37679364394802
88.40711895624064
87.86064710019957
86.61927634658078
86.95345817207036
89.20734453176527
86.38742996785669
86.36216730642693
87.3217420734619
86.14154006427405
86.40147610729558
86.39765494089143
85.02983466195722
86.20612866141165
87.40307927226885
87.15843081965339
87.40642551068925
86.75177852445533
86.41668072560606
86.1620611010158
87.41123370712126
88.19718310249725
87.68138959257595
87.24666894930557
87.84274441215194
85.33411302099417
85.33960812755363
87.9839707588221
88.13636920592285
87.66644002267594
88.29939936289892
84.82146510881772
87.18421268445415
87.10339355466643
88.0232541277929
87.21572273193391
86.94527342420253
86.21709486122798
86.99922486238874
87.54903889911853
86.90245048049617
85.11578417173793
86.41889468413089
84.53553868278719
87.64134435085269
88.45281474197763
86.67197032428122
85.39614320290157
84.98155075803224
85.32646554585773
88.0942712283825
86.34951838684911
87.37509040451194
86.25959696053904
86.29246127162068
86.10551098060982
87.11454389190997
86.37365738796953
85.84477229300788
87.35265924497065
87.20321594193757
87.0831720387956
87.37546244903277
89.51408077508354
86.55036115195097
87.99672538127004
88.8171756791218
86.26841894848586
87.79154471626074
87.13392036415355
87.4353771446802
86.99020658722813
85.87830679617034
87.45099204875676
85.68379406153025
88.15440394409464
86.64108426374911
86.79633625217876
87.14675379098075
87.39721534886682
86.57923950280195
86.31208261870692
87.92674304989362
86.34615541208608
86.43883468510269
84.72513317568274
87.49852092837237
87.24975708507635
86.67186108683121
86.26362973025653
86.89204736754652
87.46254965710212
86.71602825139941
86.80994245366699
87.82777081876065
87.3726971758356
87.2276737548949
88.03784758207938
88.16010398661133
86.71407163203129
87.4426096260219
87.56048501511455
88.69026256860057
87.40562595672974
87.63687369877503
86.62807470975149
86.19700351243318
86.31484162911624
87.3822696475566
86.52468329888106
86.91912373352096
86.37983320923699
86.73157973700033
87.1840095459297
88.19544629003158
88.07871396030141
86.99227803564555
86.24882776660517
85.90408430575462
85.92120305688984
85.29328973923407
85.35927044353137
86.67223864045366
85.24196721848057
86.65208294737519
87.0625478400534
87.42042015878283
86.58814418066606
86.7584606632569
88.01840267899598
86.92832865570728
87.2985901236239
85.52573474456518
86.47867090308999
85.12574859349934
87.65036151953372
86.07766438016125
87.16932271935262
86.93795911837506
86.91757354520415
87.34609694138133
87.00782968928243
88.41217000715521
86.04519408254862
86.45277897648215
86.71171278123029
85.28325864793278
87.98809041240155
86.03963644085334
86.98761499143147
87.71496714069823
87.11328276039647
86.59334301768891
85.96914368163789
86.31532739656197
86.68328369717416
87.50854877636489
87.83589541919585
85.97198143035912
87.46223528445418
87.18244514759155
86.75178119479735
88.2758231930566
89.72387821994758
87.2857845568977
86.85261191828047
85.88214442522846
83.97408052955525
86.29467261563204
86.64150449105017
86.37848820143508
88.0879386772467
84.61341119819436
85.32981457928126
85.84584486247316
86.3733589977862
86.75898493738968
86.85715618634823
87.86321185714301
84.45574672567534
86.88183417923342
87.29601032944316
86.82799886515949
87.79682462644735
86.03968851580623
85.84038799498467
88.13810665598109
88.23274877805075
87.05329756441436
87.98142391120317
87.2585315231127
86.86437559081527
85.80209962625989
86.49756046458793
86.69607610357475
86.16714236823455
85.85562331463669
86.22940130460675
86.00709797900417
86.68620450254184
87.1512028934404
85.72698094903912
86.60699970143102
86.24235771755572
87.23776228945579
86.3873639309534
87.62115787479766
88.21011646566008
88.1748260573591
86.5336351114039
85.15254248201576
85.60919288228393
87.31812460786045
86.27129066428446
86.15868551882816
86.35958631510395
87.04169956443792
87.30698562138463
86.40195110348508
86.81602774535034
88.227430472093
85.85162249322563
87.35304891001194
86.60904460814673
85.11016650734841
86.72022206498232
87.09184633643407
86.25211608759993
87.70488531321736
86.84841159748984
87.1260665801614
86.68407017933652
85.24159789329809
87.02457081567015
87.61908167715902
86.60354124247507
88.91451776587569
87.12657628456272
88.0106134637558
87.74213586614032
88.43322305170334
88.27905793433818
86.2977925031038
87.92231627954159
87.36486262226492
86.63090599433617
87.06488731247862
86.4167460153865
86.29005663298899
87.1833546971462
87.17177034541594
86.83452701083529
86.70175074749503
87.23342624759633
85.39371516826094
86.10905711679827
87.51745548789327
86.31110799524761
87.40851167735738
87.99063609660224
88.12933065185581
87.55234536386308
86.00000959826146
86.87612056056348
85.2675716055191
88.71960728215262
86.31113642969622
86.91521094850232
86.76020188090908
87.22997712043731
86.69147479946122
86.35221691433648
88.8466593824632
86.6412150584659
87.18813619270365
88.04325535417628
85.97735181642233
87.3329560129865
88.1979835472877
85.9328632609552
87.03042124320466
87.02219344495101
86.79614455772005
87.20384192600395
86.03559316545044
87.16076037125904
87.6722616299599
86.62732567979566
87.51418525474976
87.79368844603279
86.93393495986271
87.23965187322676
87.66476358990408
85.69446683553352
88.43136651959628
86.67763769992546
87.27365827356324
86.5004128174292
86.84428636837872
86.97382100758342
85.72509126467482
86.87881323893228
88.85389037623953
86.82824334381291
87.89109067017453
86.18371166267531
87.66859432533914
86.66515810313798
87.32771085690719
87.50005980934344
85.99018412722043
85.41240191995193
87.28800956037496
86.7103420856946
87.80423337486884
87.69840627254692
87.09263339388318
88.84693641770589
85.08678379796254
87.35258158937992
86.84592849771933
85.90639221265158
87.59792732290123
88.1191738248326
86.47364833569779
85.74660836886166
87.58764502313365
86.08459677294661
87.25381112718333
86.62017591381245
88.31122975822517
86.17056611689472
87.04938119347612
87.09123012203082
87.06366430082308
88.71308250814702
88.54650630808199
87.85564378543454
86.5656257419672
86.48603810547438
86.91316020927339
87.91820413155715
86.44669312986827
86.25014150589196
87.93577063463222
87.2122226247996
86.19770389107775
87.38310339821814
85.363926655625
87.96793022879564
86.56478380936419
87.55405497944527
87.70220046758455
86.59131146172736
88.34799349688333
86.29767290678494
88.31097479335749
85.48461289205959
88.6020147020832
86.10297638145751
85.74836982908415
86.23695067423007
86.27540079712914
87.8468188566767
85.41704070213476
85.4586501213391
86.38664261508188
88.26398577026052
87.46879219327482
86.8489841097337
87.84581000712737
86.02606788268812
88.01324726161455
86.64972237039444
87.70862232776363
86.59699921836143
87.21249140287192
86.53394470073572
86.92773830011132
86.45595121373698
88.04233012413668
87.04221314968294
89.27738505086333
86.26331240145647
88.47619503035527
88.16260595426998
85.91474596355428
87.36022457973048
84.97517505846443
87.32842552252198
87.99098309497005
86.88679456348392
88.65854409827887
85.58764153438986
86.75394413498735
86.91614517911992
86.24283312115969
86.79261130552226
87.04404942741246
85.81694251739708
85.22166501995237
86.82936999315787
85.69977017728918
88.15809295616347
86.9938036360277
86.42500330208672
88.16073329438903
86.95875460818382
87.6281077537784
88.59214796246255
88.0656127637858
86.94346744510584
86.74512390701328
87.5157924529186
87.73975651910833
87.03266997753477
86.82578176801015
88.33190542029197
85.98492915673712
87.34274390913457
88.53296136776966
85.80870465811802
85.383969123421
85.9508655755267
86.00727831175266
88.38177484346261
87.70363519109334
86.17630570463837
87.41527281727669
86.81650383282413
86.88275914588985
86.9569922941646
86.61917056018979
89.37229649233859
85.38700139455152
87.06568358603954
89.23022697219135
87.39045473335695
87.11409506314665
88.2869692777109
85.58094749218846
88.08966296104629
87.04162941717057
86.40854401950806
85.6306119316476
87.62132628872276
85.86357011582199
86.57977869148574
86.8138078183559
88.51197644250949
87.86589884804141
87.01582578087243
86.00394554817528
87.22426991635724
84.28939185729237
87.84339428509213
86.01267615585716
87.19999664485871
85.86298484378965
85.63267485039424
85.91186054469897
85.97912812189922
86.10717411444158
87.27846327556483
86.61966051301603
86.61595665568882
86.93418609451929
87.18793885769142
88.0456011384421
87.28883590338206
87.35444137712756
87.16123251040848
86.03955257009267
87.82302667282912
87.31843947924871
85.12381779734947
86.20813479066203
86.75701740564553
87.89935871051622
86.05263336144507
87.11575407436953
86.6084997722647
85.95818876587283
86.92098695737396
87.73165757090261
86.75689593269996
87.68073020417631
87.92946039111575
84.2753826888056
85.99077296632522
87.02382824316811
86.34389299226154
86.57977689430298
85.97220247633143
87.25918291833253
85.64606185930799
86.87100524725942
87.53918346044088
87.8250020640455
87.40160982749717
88.11690912814994
87.1276135072792
86.35520735584176
86.1672265122453
88.28054001152266
86.34706907270807
87.05090689523412
86.51179467678051
85.90376185165752
86.69288776536952
87.06939021340281
86.53068818584777
85.23078388020346
86.53529836426799
88.42062087981003
86.4512751778218
87.05474833649345
87.94861827371011
87.7094384143388
85.99517912280459
87.87129358413783
86.5508835770087
87.5288249802425
83.93782313840676
88.58164239055384
86.44213768998303
85.05519817721344
86.91435270715495
87.33595945800552
86.58579071096628
87.51167674026033
85.68514675056744
88.29249043704608
86.10421267378992
85.77283509220132
86.29790203321348
88.07432900987028
88.01723815615506
85.85657640688133
86.75567359348177
88.79923413303779
87.47554908186272
87.56392478126595
87.35985522432794
88.17907178645335
86.44926046643863
87.72934760745339
87.01946053776828
86.90642157821084
86.41237423963283
88.05192017592807
84.97765544478351
86.73616203428607
87.20551464965821
87.20474370541315
86.30326932105753
86.9503940717835
87.31738969704644
86.31157253690566
86.24805101719312
85.765018269467
86.91433776526395
87.77922705881669
87.20625201670816
86.5277155190871
85.79531300866955
87.62530711580192
88.164379038906
86.36310070554956
86.21260034167993
86.05734148951913
85.95017006146051
86.94160644398382
86.0635830585149
85.9010233047449
86.94800778127448
87.62769104035142
88.62296685090058
87.57600827117568
87.14255690857628
87.1847082208372
86.5849322198504
86.49264844146775
86.65090060329406
86.4438310041842
86.95245921987464
86.93059728485774
87.22637439780654
86.82389693826994
87.61965989393556
86.74406586979057
86.9903193218839
85.73837329869824
87.41619535087706
87.28482399113344
86.25189055906459
86.38977308635616
84.5909907754761
86.96469891762473
86.63937101014425
87.31551386111835
86.92661971551763
87.29446205049322
86.0067931953483
88.0728594877167
86.85837255088451
86.87256057596012
86.92223364382869
87.56737285038282
86.4375037137261
87.8795554569128
88.30895711859588
86.5631537068571
87.1295688490276
86.94288063027658
86.04618620817658
86.58534758550475
86.8524477960629
86.25855792022112
86.3493515757422
88.1218059386898
87.2185764670161
88.04151072466257
86.43910810777861
87.45092229269717
86.39138640041854
86.3023706991164
89.7238614209126
88.13491542761574
87.39294131702007
87.13028662778227
86.11936628067812
86.42651525253663
87.12825187429688
84.94635421032652
85.67684227481942
87.7038050944489
86.43683481815867
86.5961261610507
86.95935112031515
87.9655068994358
87.03873385947313
87.18456375386675
86.16533179011213
86.06814936898998
86.86559858360127
86.86850540168706
87.22998443150149
86.43591038676391
87.00687315381583
88.04238305584276
87.58822242008175
86.20257259041554
86.85519253747943
87.27334245593599
88.63755504002945
86.34027222375106
86.73162836794052
87.47831832145098
87.78472311936352
87.8014206692745
87.25136256444392
86.80120398279092
86.04263452463118
87.23557901449946
86.11049709199519
87.06499472373649
86.12056774062971
87.35153950090047
87.30871481493897
85.57714654317267
87.49373560129521
86.98640229516509
86.43724462884747
87.88391141750624
87.65210834338099
87.4419702894506
86.53976374528942
86.1353341538359
86.82844097003216
87.33833686839746
86.58867928823872
84.65657807163201
87.60856695270188
86.83300277529364
86.58651963849061
88.12424105183952
87.1979480247967
86.81274781283568
87.25379297892037
86.6485147376974
87.09821309329033
86.19981363237683
87.1653835067589
86.15595383933271
86.49863447457999
86.96454936889057
85.11067125074835
87.1154460305146
87.56837161803831
86.03373691715642
87.30288118966646
88.16872775332216
88.03030621346693
86.20431393372398
85.02864621137616
86.8332119582378
88.32732422576704
86.97698060181276
86.57387945666547
88.0691133726245
88.27633104585861
87.6476270739494
87.58586528577366
87.72146452002119
87.48398323023767
85.43807325473615
86.47875827584771
86.40228126211237
85.49448986985081
86.25570915464566
86.18336604164956
87.6946395439508
88.80691544731813
85.49830799106364
86.600516065272
86.42931576776125
86.2388785753583
86.52992927886535
86.63797136862922
87.25005530182854
87.74513726104655
87.31907280933896
86.7303274890887
86.72240469183492
86.59922970799411
86.98827304635732
85.90994703747768
86.23730267903309
87.8171071985984
88.1516355681708
86.14444499089394
87.47938695745702
86.69851950610291
87.3461060085836
86.08771813579553
87.4351515982151
87.49177880583373
86.8854027136749
85.74365354272447
86.02583531581296
89.08141496841884
86.44092723075266
88.19082959073752
86.62955418471013
86.35993084202227
86.21604528916926
86.65283747831452
86.78397069164969
86.50679523011654
86.758286359689
86.9548745217089
86.30786885063732
86.2601769231199
87.00486498943462
86.53921265640739
86.02782788781907
86.39003629882923
88.16501453159023
86.68507343234621
86.63372734054228
85.25109577932149
86.18993361963494
86.50566158290415
88.34433448583961
87.33572544508516
86.627856962853
86.83477341545746
87.08281114628699
85.91634953460404
85.28971738671915
85.32714130969423
87.87699019941921
85.93139481065745
85.17220890349327
87.93277078167637
89.00053572116578
87.3315611074295
84.49017176163753
85.2101558678077
88.01816279204672
85.7881218463954
86.40943897529223
87.1348682386678
87.47008461436008
86.1148809268087
88.01910802217938
86.93584499928798
87.92003589170584
86.31851359755895
86.856176874822
87.51208213508251
85.97423805153245
86.79564436927855
89.07715638108237
86.70134258870097
84.82765359911826
88.40353006319977
86.17689748691195
87.00635388252816
87.83951127492381
87.11554132089026
85.1349810192897
86.44036922711064
87.20580436747468
88.25471139002387
86.5882794066033
86.78338775234614
88.30093358206265
85.0012482720728
86.99979796241438
86.72917916499445
86.47948522457406
86.51081836614402
86.7906421323564
85.84712997673606
88.34432329057456
86.03588688006937
86.98527672658753
87.19004655690694
86.9377319721375
86.6930776063997
87.17177405986737
87.87070008224092
86.91561708665131
87.13938852584333
86.2641136358532
88.72500288998559
87.71920227828797
86.858099201156
87.20830056748258
87.60097222484634
85.43943200685675
87.59189105729143
86.71876920297558
85.61009885893914
86.60406279034311
86.68954338610057
87.15464953856788
87.50037961244509
86.66059814722959
86.06072350794135
87.74203982003503
88.5198325916789
87.35046250360666
88.06171953766224
87.08708353552667
86.32722095142765
86.66905386782939
85.26420747834165
86.58894689689248
86.69795606189103
86.30924342212681
86.11285605820942
85.38466278671768
85.79806682549562
88.27506066630245
87.68297484341863
86.47535688562682
87.83645051936266
87.02873433027621
86.02373056359345
87.6447492815454
87.27253050372005
85.84509035534302
86.71022596599684
88.46303569392599
84.58978941272554
87.54591855159552
88.25527037961982
85.75237718916594
89.76270997904577
86.08168037015552
88.28329042326878
86.95015072356557
86.71898769507102
86.32792131519686
88.40659212532886
85.74923197088287
87.19777901747952
88.37419655575603
86.44716423912514
87.06108607429303
86.0070511915459
88.90402534918486
87.9222376224811
85.80376904807976
87.18801847214377
86.32323965457398
86.78531996149553
86.53959125781832
85.73417141845832
87.02236985644434
86.42414760355392
88.3160001286895
85.76178981590496
86.40937925329851
87.10865125985006
86.9124217687575
85.58968830277044
87.41341320331149
85.39453306521558
85.97774765343202
86.07492295534865
87.01776421048368
86.42481108749381
87.11247873142509
85.75644816333087
86.12466904168703
86.28403161080213
85.70913269955619
86.61499334405381
87.03673542349136
86.78878066674271
87.82170688194685
86.93513798038384
86.25390504830565
86.56548879407764
87.06348118022754
85.46024096991216
87.86491496965702
84.91797956286955
88.71252366846241
87.52244652068347
85.56419126648797
87.57254189631493
86.12863734773565
85.93909651385674
87.74509857320739
85.25814219532882
86.79919775133958
88.33042183160529
86.87734698658292
87.20967854291632
87.54699071815567
86.47265911487224
87.04326681938657
88.02190550083685
85.83704657713513
89.16912863931626
87.3284381545022
88.09074772005991
86.80678675406806
87.13907616743292
85.97077797651993
87.67883409747787
87.14529002318113
87.39765449780516
86.66747916316095
87.85376550055513
86.33880530579508
87.34152367692698
86.7642458240939
87.09173244730215
85.9744758964177
86.22275390414448
87.22304061554547
87.74956804383834
86.07126135233239
86.64219470578104
86.57806924525704
86.39653351791986
87.32984198577796
87.8962721684484
86.48268918812896
87.51511681533778
86.24322620096555
87.3275097565458
88.99422082948693
87.26551616649412
87.45519541911787
86.54812348665747
87.2696551352259
86.38970516083035
85.89852289996227
86.191462911737
86.33475090914253
87.23096018015845
85.39802844023085
87.13668542063564
86.30517734111679
86.81510375100257
87.20848755870209
86.51395769341921
87.45303117606389
86.24022121040976
86.95873328080508
86.30348174270954
86.48071888349502
86.39823907412159
87.85448416308589
87.8376309973971
87.0442439434125
86.9354311965947
87.94906262515724
87.00265797069366
88.15540491464023
86.99701494455334
86.09074925426921
85.99614708873324
85.3878692630329
87.22360591624181
87.97050475047071
86.51762233052276
86.42690578541978
87.23594439307239
86.61452974371589
86.52205645140309
86.61014658175836
88.48716712374095
87.34704074932365
86.63693152648098
86.48154320755161
86.44325111030594
88.25695027757382
87.12152470842719
88.05500392802027
87.74909416026367
87.23375811796386
87.2942384062494
87.59024309948346
87.52753990386782
88.52030571589081
89.19935838278407
88.50195964521761
87.57876846820005
87.54229945828057
86.80129901025707
86.1327927187364
86.89077814515336
86.93143608969498
85.13004051060136
85.11547134784716
87.95835232366683
88.0097526062804
87.80880475123212
87.11618719722662
88.46241755227209
86.5034379416536
88.60434913775693
85.84280708619303
86.0121537607993
88.16887882498138
86.2257616716143
85.95778035067188
88.8159176731999
87.02887708965876
87.0657344195761
86.96236203252217
85.53648832266823
87.14707406085064
86.5122103476881
86.68127237461974
86.62413679288551
86.96632830750107
88.36126623957311
86.71884896245868
87.30424693937978
89.06524232663462
87.66273485066301
86.45714253565616
86.48361242439587
86.49352210505619
89.41140846302945
85.76719384838036
88.81352806748761
87.4313443777882
86.81720759945428
87.41625934042658
87.11176056686269
86.20801611682376
87.1126364536976
87.13202833685918
88.12231073380507
87.72242536838502
88.58924389380772
86.82407372691566
86.49231683499711
86.61843499053846
86.45225724850812
86.50020209240041
87.84487126780454
84.96829529890572
87.4506807407632
86.80638532837784
87.39024530289498
85.59807426381128
88.03438717803148
87.31641178026881
87.22655446951275
88.64001469786035
85.82045806693813
87.79727701398184
87.84580997455514
88.9010237878825
85.62959988954753
85.63925750872264
86.39540412582161
88.3774815794211
85.89799857041977
86.68795499281407
87.59012486233327
87.87449634788783
85.90494275627321
86.62403627520767
89.03026870727545
86.7983753545713
86.19288958870501
87.27205742435197
86.39045233437521
88.0703713292257
86.43997203725098
87.46234956218943
87.12546971052659
86.53824199115108
88.05420923812994
85.46049792434131
86.4283442990919
87.92619697591813
87.46892461932885
85.74803918305642
86.34568410525341
88.39378328171924
85.56620277651146
88.1626344404968
87.25126297203644
87.39764387063772
86.63099581616274
86.83883662234743
87.00866388216821
86.15802226998362
85.35985813477103
86.09683013528519
85.63624221656497
88.9898109315617
88.69719238626135
86.89819597184304
85.63858991537637
88.1941213914956
86.35617813378747
85.03268461300384
87.74978886393858
87.12284738027606
86.11738749120268
87.36852599620677
86.53877165875593
87.32518857766172
85.87051099897467
87.57735158418774
87.05532708725623
87.96716042863191
86.63140318142497
86.23782921402086
86.44677005264931
87.70755449044617
87.93094197572859
86.78674250884829
85.95270741078501
87.67574973772335
86.45741995679606
86.80368889679721
85.47328743340621
87.00689445643809
87.99415943069339
86.94597810430939
88.44158259211528
86.48998369527429
