86.98768255258125
86.78984827991721
87.90558819145416
87.1379373047841
86.06470568396395
88.17217135509236
88.01375930082578
88.40486537013074
87.15042402124915
88.75662458089363
87.29961958343357
86.80590587321653
86.34110234463462
87.30531952911522
88.55065980315057
87.01616013567545
86.1821399952656
86.59372180903281
87.77667127289274
87.00415980787983
86.77366876009422
87.70489450855466
85.80030240124205
87.77617108283263
85.92240394201954
86.69180159426979
86.41990217236896
87.06932258596355
87.58196578295794
87.64235865715209
85.77881371838416
86.77016950511062
88.05754135161666
88.60420936875187
87.0049726465976
87.51957993013903
85.76184315767776
86.95660047114023
87.10221066056323
85.37516347454878
88.02007036904983
88.9885288007528
87.22060340307273
86.85796617919405
87.67562919595629
86.0056856930569
85.10810001064499
86.3487861184827
85.99153032167743
86.48603494197954
86.96200070768167
84.91250899598766
87.8959245376102
84.98397870572386
86.18063082163314
86.74883638326718
86.84299195577793
88.12347698171692
85.6166229713384
86.49016270148337
87.09141843464465
87.07707003778279
86.3515157837134
87.23900237338265
86.15951585744389
87.76055784146699
87.34482018138247
87.9519504301297
85.72952922441357
85.64016798890694
86.13714495413183
87.27101588362933
85.63871342350102
87.88208848014051
85.8510834268055
84.59252418955676
85.94317534101646
85.57758826156201
86.77970489684341
85.84988911149254
87.61390192195245
87.0648015732198
85.8759711720963
86.19155628743437
86.6846360484629
86.58604205857446
86.13639767263042
86.66780625172207
86.82875886262546
86.89381551327841
86.23111181476577
87.35626209193055
86.81651949306412
87.21863053910738
85.23365426610138
87.98819850991538
87.15072340747277
87.23744516545537
88.43734630767507
87.58745205316289
86.62942448271599
85.75597826466901
85.05181778810447
87.10481209307522
86.03462950115882
86.64002143399597
86.78066553626579
87.3537314567225
88.7337336856405
87.2167770929079
85.98408414406525
87.61376768341415
87.21405472647517
88.10028498943959
86.92662143661565
86.68324626054587
85.63994238217558
86.0278950369372
87.10258953551092
87.56454755677075
87.45270908221732
86.89208389618017
87.0385830209599
86.6023914093523
85.61600544093547
86.88681815261387
87.55156425941935
86.52585859117458
87.10992567290894
86.53054898890186
86.76144150817022
87.3664515351813
84.0412908998463
85.64693878010915
86.88712644488669
85.5446477027133
88.65152889823027
85.91007601514613
86.95565917770953
87.80214810664597
85.92728408436919
86.72984593218867
86.98728142095418
87.8617210067655
86.9541535235573
87.50260571659418
87.86933042716836
86.94730153399745
86.7228987368385
88.15676151048119
86.5440454914253
87.7383129554873
86.04755208530759
88.03536555643703
85.72290734101729
87.29383754773707
86.45208749714723
85.45134661540142
85.10524551311768
87.30267218604705
88.67935319785416
87.39362371115044
85.61536788331091
85.97339724677093
87.17378381844
86.42557423130057
86.84186957633298
86.17800426982558
88.42193922392723
86.32715072562387
87.06031385594306
86.0301700814448
87.77879073244814
87.21420152879689
86.53690302199765
88.2738001677433
86.28888638692179
88.29793066093201
88.15037825121674
87.22399912117059
84.80925656487373
87.02901151152759
86.39991576393625
85.46901694885177
87.51179371858527
88.75280984464314
86.79508678293654
86.44335467523047
86.81900692522301
87.13798627246521
86.86588620755599
87.01635081143654
87.46598649946667
84.78095785919389
87.06340447057869
86.39873886120719
87.55310048728046
86.7086726203977
86.98486392153545
87.43641087963873
87.74891311777131
86.50758175447037
87.15183658124448
86.43662517789643
84.93509592630559
88.28699944617865
86.23680450430975
86.75107206750103
87.12232338131223
86.59665892633568
87.26772324644745
87.54540627734833
86.51433641889918
87.00079677770317
87.25988293207435
87.02651832489603
86.17815820461082
86.36827889864509
86.81467897135795
88.32472460753714
86.44739388406812
87.7075239377929
87.5554822803065
85.92597503526652
87.1365568090432
87.49503057754247
87.51775655731885
87.99783331210679
86.57999745741948
87.63698777472288
87.05787041519561
86.81095178857855
87.03481380727864
86.37278831532183
85.41308428333326
86.40991821574029
86.97888415476945
87.0900231219142
86.61292211119053
85.41486239055875
86.37694420224192
86.34719931593274
88.63597150419378
88.16580269819576
87.37138498981186
86.75320576185463
87.13441488188886
86.85039229709218
86.70907287481181
86.72750235615632
86.43997825348347
87.91642079631755
88.48478132813732
86.04587467883957
87.17149367621334
87.04036115803159
86.01931191990495
86.96185108004954
87.09390493834111
86.33004556654703
86.26429814126392
86.52994625028377
86.69899746242795
87.34147571187157
85.27377229468532
85.68152611986417
86.43857086988375
86.13452768072636
87.75367091588308
86.66133399236065
86.34540185885069
87.8643235802857
87.82319846814298
86.10973830199765
85.94361840859594
86.24894966422934
85.18715260750882
86.61635775399982
85.93969707828755
84.99602883054462
86.2746784797083
86.58842802539948
86.95389683024472
86.16926013620238
86.82518664673499
87.01288792304157
88.2322771759744
87.56654982831061
87.33032674597881
86.71598095893974
87.20906257774126
86.28250950198995
85.57026318294285
85.71336062554448
86.45592804653798
85.42478230768509
86.76971823311992
87.31394805537684
86.50793700703254
86.54098761282046
86.31553823317024
86.87221803654107
84.81812489254287
88.36260241414148
86.16095237666029
85.72602677069783
87.04117033088619
87.43784797646966
87.47909016259277
87.6209245913881
87.40472919272268
87.3163891972223
85.63192225655358
86.33283081360527
86.60363318940135
87.50168177003214
86.61343393343599
85.34229169120131
86.60296400868337
87.44815596222409
87.33124308713636
87.07099483374863
87.28922441940858
89.23818937073702
87.78202437081919
86.69458720191082
86.23862110117688
86.82917063221979
87.41552000242717
87.27426399826442
86.00836807413012
86.84529022623381
85.44621474009816
86.59852120717537
87.57203434898464
86.35269390840226
85.80494576471271
86.38523186316553
86.36450175313094
86.28764672230926
85.71330806115466
87.39580038190954
86.52198802229945
86.24709667701384
87.19982977171311
86.24557295545979
88.57751187573135
86.57607632255487
87.87649129860083
88.43527704509881
86.87340286197103
86.78018377270213
86.29770885492017
87.05588105677052
87.26067724568118
87.34773919431466
86.94312771778456
86.3873154367374
87.45847747582063
85.67857663989801
85.28361784465086
86.08847172990487
87.24652709436623
87.90240650922622
86.60187226301163
87.46821794050133
88.96164002422928
86.5422928769373
86.69613980759263
87.09148417085767
88.10575005464584
85.75517188912205
86.58164311649921
86.19284032712366
87.8311002288561
86.17299780220726
86.18484143064119
86.21013343688442
86.63010834509419
86.29196514513649
87.46884698161334
87.49443743133996
84.66137713491064
87.65817839026481
85.80154945535611
88.44283010023068
87.35861330736073
88.15852215430645
86.67655663500095
87.30934152875247
88.80637843988737
87.14047596254436
89.04788870232618
86.66003737335626
88.21430139865176
87.65613663657994
87.5579403401656
87.1749083557228
85.42142489578112
86.5576956507885
86.03143400639041
86.00936251307266
87.74163212023976
86.77697166852494
87.93277041077926
85.95962882374947
87.6068822425261
87.12135139378988
86.70629952457934
86.80216794572878
85.63246227074015
87.35154961672313
88.91359088956708
84.45069989146347
87.51720991446261
86.73572468972573
85.04806966108204
86.71948627181068
87.25754914695416
85.75852901525863
87.89154922725892
85.58646199059153
85.46492958522799
85.11560339772181
86.83169734549462
86.53500850785879
88.14029576884907
85.44501646566958
88.29434057166429
88.40318526814944
87.65226093364014
85.71117469699199
88.60835518132329
86.22149527505884
88.05738245639878
86.15006532198647
85.39877771764554
87.44528388902944
85.79880257342387
87.14457067100258
86.67450164819628
85.93656503889822
86.94270249074964
87.20242622516837
86.44084778891003
86.13490622846673
87.94401097416781
87.41198818599112
86.48634932642057
84.77829481509495
87.08916818176371
87.23391294138216
88.12953449325053
88.6224506288376
86.75645380564949
87.45660713751974
88.16696537743627
86.44929981599724
86.97347890396556
86.86133708790064
85.69109610166498
87.47509068465354
86.01253669732375
85.95633122484051
86.31538906277869
87.71708107110584
86.91531216776065
86.33080544839747
86.89315280977235
86.40447394349756
86.79040290165929
87.61972275287214
86.39460736048832
87.10671565856511
86.24728545508806
87.61195809799369
89.05774094402143
88.38362920261795
88.63619162345317
86.91960396212426
87.80687137937524
86.7775879211348
86.9259908572243
86.63826583173761
87.97984831789941
87.15577119650406
86.14702468652432
86.2805243450396
86.5274208048042
87.43541430144973
86.01208098586366
85.22650959887886
85.96471955326561
85.74235802218615
87.140618367224
86.74413022540989
87.04017521014829
86.7093608334911
86.79189285657489
86.87361774062278
88.07901043759666
87.64518178045131
86.30934439490764
86.19693401368811
87.06204244352338
87.4813651877369
85.57951416482935
87.93787091711161
86.83231341631179
85.4782844737761
87.62860943006534
88.18969320925224
86.37788294901142
86.71874530996891
89.27922685120438
87.35010224630882
86.51366400264467
86.08664901317248
85.37619661319869
85.31904761291206
87.70495536367653
89.76818564493459
87.58389473112192
87.19702390301373
87.9878241670654
86.31437079113076
85.48497822405004
85.45669202266815
86.52451600574359
87.0736670673808
87.08405893866995
87.4502203802325
87.30924441850154
86.74872317539818
86.50907966666206
86.02602243149464
85.69607851259299
88.17164089349185
86.01609954863729
87.02895188179762
87.18672509014007
87.98388848934832
87.43792962862561
87.60173694380164
88.05143026766416
87.31947367548828
86.85824104656157
86.77411234562112
86.74504168855798
86.79658501183191
88.22789439266462
87.21985269032764
85.13145012841366
86.78758482866762
88.81779286807469
86.05472260899971
86.85186105083422
86.49756788386001
86.9776512233502
87.8881967111706
86.39294105728568
85.91880808626283
86.38085427573077
87.26328323764487
85.96206637843588
86.4045313275599
86.22808586289176
86.42457074203065
87.32906040551805
86.50964066154604
86.8101386362109
87.37729166497994
87.08746248292948
86.53528130935705
87.57001926495833
87.15034724663019
86.30357753541944
87.52093942000266
88.32757725940743
84.61374135763401
85.92710221875215
87.14405176435606
86.21571158506045
85.87474458684656
86.24252746917793
89.59777583378612
86.50055457335206
86.69839472685422
86.66436298390552
86.67387057726532
88.12113372045414
84.55543397965893
85.38389398763091
87.7902102689069
86.11620428727772
87.05509775006934
87.96861205765019
87.87446894847419
85.19077390721125
84.92070778164452
87.58721219576044
87.4656193452693
86.46447629860471
88.5064294270624
87.12991704906801
86.05630668687775
86.17981121013017
87.81825476588634
88.1384274090544
86.73771697014226
86.78816094229654
85.82982946538672
86.4495583829394
87.72603130642673
86.90728539979317
86.65809795728256
87.25664670962149
86.77359692551227
88.87111359230317
87.079852877035
86.73951334610109
85.85527817444476
86.85903490938577
85.83136362185775
86.12274977306691
87.69334029385246
84.48324295068757
87.84098722250265
85.62902967528649
87.39999610152309
88.3757597778687
85.37787493795422
88.42520537164535
86.57670668165032
86.70453804504737
86.90948652107788
85.86035991938884
86.94427075571896
86.32142341488917
87.24074992543683
87.94676003475568
87.22088470920875
86.53079404405557
86.26318248749041
84.7054332767021
87.66519121880482
86.11430285614946
86.13588464524723
86.28215387440908
86.59774454464966
88.07367892275978
84.67909106025324
87.21816265310001
86.88103763990122
87.83573827616117
88.6487266809125
88.07007035486755
87.84057965259989
88.42465333375148
86.71918061192345
86.80763527820137
86.06735005890215
85.84736803394716
86.61161518175895
86.46734495144011
87.09297914637179
86.1428767981724
87.26201090371842
86.23357496561702
86.51602483546208
88.09624083799916
87.84823271170315
86.09739559060806
87.19268953059895
86.4978777652451
86.31113209072743
88.67666415986828
85.766357238702
87.11195705081636
88.00828174816115
85.85449947179146
86.62294187296276
85.58936015871052
88.11684845195312
86.21299722880099
85.91678412138812
88.01490740484593
87.34124450577313
88.2130193042888
86.53019215255485
87.85208061465464
84.77144942575737
87.92342182798801
86.59364932691189
87.47853189130892
86.91652412101203
86.64467502795894
85.746025713003
86.90683055569951
85.83780873635226
86.66154686087435
87.23525336043258
88.00077126189115
88.81369714150416
86.95402620294968
87.95766045093224
87.02610639874713
88.23098032286421
86.55382984942521
87.33450253732424
86.71667782972624
87.71794153509897
86.95711259188641
88.8806085441038
85.95583044031144
86.00305580370028
86.32122292131923
87.26619638951877
86.4454267072905
86.82611618145121
85.88574347645505
85.0505033910466
86.36956436105048
87.17284232489762
85.86619098563148
86.89327955608614
87.14963212467886
86.09865932376259
87.55847936418624
86.70777812593725
88.15990178237082
86.03576095013473
89.19705419102672
86.83351473038857
86.60219538295509
86.59128267225236
88.2365977237333
87.63022988108226
87.40068034920806
87.50123288395447
87.26391202301014
85.507921823392
85.80904088592794
86.70158674203996
87.36126297832392
85.5593149074981
84.94349104472663
87.70519322733226
86.91184474478419
87.04713287033704
85.3159644304324
87.70638570819474
87.31347881675885
86.83751411856846
86.9380335755872
87.2109069329082
86.74580252813074
86.90418640284125
88.31129229526844
87.37969708870968
87.41440688257255
86.43920754556167
86.3381611914629
86.06811781225142
86.80073849479169
87.40344196859418
87.36177800915749
86.9035629620339
85.2352958872104
88.41938765632685
88.47985322277994
86.94092868806835
85.35736498307797
86.39956043068487
86.42516738999365
85.55757706157648
87.08335034102672
87.01387686361444
87.02376644056272
87.47632782385553
85.91791885915636
86.46871696057694
87.21105108159567
86.50759037664038
86.94469039841606
87.09815000602737
86.67437022114058
85.60135924060495
87.53174974790868
87.62191356856307
86.6204423894009
85.9457056126186
86.8579037714397
88.05202552939099
88.27198976077415
86.55674765786613
86.89470164600479
87.4221071773198
86.32810441552846
87.9130254919622
87.06093629795411
84.85750765216844
87.06500058810887
87.211444834268
86.65699263656339
86.61847723123745
88.177255104372
86.33396701441687
87.82549782031981
86.25243465614422
87.00998164081615
88.11093050011912
87.78251134059488
86.89903548545712
88.51838961070523
88.0168756245157
86.56039066302515
88.9115994724808
86.67596752462946
86.50897388366442
86.03092562174275
88.85720669418474
87.03657479119657
85.63639544447113
88.84824882049153
87.88994479201794
86.74631761244605
88.19845175997948
85.63648349931002
87.85496650947778
88.05909444195166
86.39782761170238
88.1021994810213
87.01557284145645
84.8946380039224
86.68440474948552
88.39538329509242
86.51571320169101
87.27399125123334
87.98646283947225
86.93209569697288
87.7649247941069
87.13066069225665
88.76167325906376
86.9611779464098
88.08380429190898
85.57912597276867
88.23602728838861
87.53946564947631
86.01585774829007
87.55900615083553
86.40405235658424
86.90130121599255
86.34940475096948
86.35173301383062
88.33805656534412
89.27704179848473
84.38339457302908
86.85320778959706
87.7947630035158
87.37144323607856
87.58519900584491
86.98424909854694
87.12453606489132
86.81625510669244
85.96421003935869
87.63018562271002
88.22922632814526
85.30242828837783
85.64066156880799
85.61892090971973
86.6876587054053
86.31530109505825
85.91502113654948
86.8891398904294
86.5448468230635
88.08977057466426
86.22589100165017
87.20182046505654
86.5498573359484
87.71288955982645
86.60098591547973
86.49504688082826
87.59735529641866
87.49933502214272
86.86859320732648
88.48676585789268
87.01198703269992
85.78605674056831
86.3088969358079
85.99461824610285
87.37158161095493
86.7559435231265
86.27365542643822
87.84836288446242
87.05222837835865
87.1729647979148
86.71392594082249
86.72398547509556
86.37042539234429
87.01000928665984
86.02121589985917
85.80845740647224
86.10015455824917
86.93029860249159
87.02526437867569
87.11658333879639
85.16610110293797
85.8969739327095
87.58911935018615
86.82635684617401
87.23427689062551
86.20355370027922
84.82982531803361
86.9290085142494
86.04391644605296
87.1278769517504
85.31863098852436
88.72774327570772
86.65335605333621
87.41196941453408
87.00004305807892
88.13049793545872
85.82087685395543
84.94812356552308
87.43620639293015
86.47925096218593
86.74606620872429
87.75460473912183
87.20680329733216
86.30308488206019
86.11987535558667
87.21772978526393
87.53219716647035
87.0384857205969
86.96512073298135
86.62969766435788
87.19197606327673
86.47451159760178
87.24620105078372
87.92773508658244
86.54163428011842
85.79167458872263
86.73810677216503
87.23936200899571
86.59366195664822
88.1755341247502
86.19124232319159
88.06013038205145
86.8810694175618
87.13436548206549
86.02288124725409
85.93032046388481
86.27389075226452
86.91682108985826
85.72502938312707
87.21295486809274
85.78424529792883
85.8702834555802
86.15115612638944
86.3946074395273
87.80969176055275
85.68192734194012
87.05846231329693
85.28685136405713
86.88662461558363
87.22162792495315
85.53881944372822
86.64365410146746
87.03127211951613
85.78922131410452
88.00560117629779
85.9732519789974
86.65085945548036
86.10738876153763
86.67889508618079
85.58205243797038
88.69379240510418
87.20276061241984
84.65539138476237
88.56429960765581
87.47078451482989
86.96708208576226
88.57773299596411
86.67536590592867
86.16431226799978
87.13618444574186
86.91540432912896
86.10463427727906
87.27087052424065
86.83818081587386
88.11674491901114
86.80948940189938
85.99617015640642
86.61418622695412
86.11030833676608
86.5987728822855
87.2764403795105
84.44593168490083
86.10223105088079
86.36316424592725
86.64508671276229
87.94810151510357
87.68792055244792
86.82566682840697
86.17942679411824
84.82478532137837
88.01426895041381
85.60799543284105
86.89619429050657
86.96281483622819
85.85306567228174
85.7457271366333
86.12153646457523
87.20186470009128
87.00786532599771
87.6554731299477
86.3779415690067
86.15328617422061
87.24579324934747
87.22072122950688
85.80207982772737
87.71282872429418
87.74950981266186
87.09874220181842
88.67325960247184
87.6752312525674
86.96313421936873
87.9484656609777
86.74135329530955
86.95562861799218
86.33603486157774
88.06015138734676
85.99163340518433
87.66399792533953
87.53296918194663
87.11524628735766
86.32351097588501
86.31927412379909
87.13399766252462
87.74537968217751
87.65813426169883
86.58095024291673
87.48871242334
85.73569867278843
86.46110575846508
87.18310492735485
86.8925105030545
87.6715167871944
85.59605338438314
87.50829265738729
86.49669846804348
85.21937667743123
89.25569953919204
87.02816098718158
89.18127868889219
87.28811438413321
87.92789208132409
87.1474303462503
86.79798261128006
87.13639382341434
87.77742590532321
89.09599494368639
87.71676023225932
84.98525637466935
87.03998757451362
86.68779027768943
85.9938491653389
88.23361243546148
86.53741795698784
86.11853937908941
88.24646837888945
85.39998337124806
85.34131306865372
85.819036379591
87.00772693834838
86.90487779705667
86.60297373103947
86.40954658102413
86.77775817806673
86.30311219010953
87.4955956666201
87.83598503896766
86.6681260799576
86.60311066108457
87.03239597477656
85.78606716710263
85.63916393832703
86.93573636594228
87.31429970958577
86.49272948854562
86.74664278069693
87.71911935366057
86.10504595721305
86.49089906885625
87.04566315113041
87.75403358511774
87.44171021252387
86.24780490174467
86.07191451801447
87.38759421762875
89.18228411930272
87.69190994773861
86.83844226591619
86.73361341191664
86.8099905679756
90.08661769353249
87.10896802098652
86.8290118134343
87.7177880978237
87.00745980069479
86.43451478870826
86.90141971388152
86.3405729708637
86.57321040957056
86.16724691520649
85.8734129402812
87.3247281912961
88.20182291186856
87.15294294942139
86.88015385580239
87.24162710129522
85.59886587811917
87.0684878729538
85.6916600722668
88.13898086760851
85.72285895607388
87.59034295215086
86.62325241806484
87.71788272804274
86.38662011916412
85.85719212119768
88.25478236178397
85.4053974394567
87.82713054211538
87.12817880492173
87.47711176093445
86.41085867140067
86.1150265330367
87.37506923228091
85.49805357152505
85.71585822152973
86.56551792962823
86.1912414573596
88.1626251225124
87.60968952920518
86.67570349163685
86.74080498918819
87.7006684646729
86.73824045270575
86.76469551110382
88.08839053205844
85.75790705423721
86.09708659647295
86.62882665913907
86.30006501433469
85.70685451619262
88.36326623338768
86.99537184712148
86.40794625088488
86.90490873608101
86.44519705877009
86.76499202336616
85.91275068024672
86.94563886437885
86.84993678823636
87.21843625377663
87.5177060188544
86.96529114829339
86.23410064266182
86.89899273086209
87.68359476843759
87.10928278062833
86.50042485089305
87.95604752229644
88.77635353533759
87.27573346039132
85.87802023071002
87.97203733399334
85.32652584583225
85.11421246902651
86.62275108841122
88.41449370571627
86.62794341951296
88.522902418714
86.40733520573228
85.6909392530034
86.7517676186268
87.2584180161489
87.91962526986389
86.23389646752209
86.2989230090276
86.63382202980625
88.1498800119196
89.04871967202531
85.9208450951423
86.85043203833841
85.68848181536059
87.59594029430401
86.67529742693331
87.59384804968968
86.85300610651338
88.3093851793782
87.05314326350857
88.36584324037135
86.10474993236616
86.08051967386209
86.72021402402139
86.87470199414062
88.73326640008861
86.15513558457886
86.22147147502527
86.5845203814377
87.35442267405638
86.52036953284497
86.3572556754599
86.7533430121711
87.21796449884638
86.48506475717394
88.53216346070562
87.74443782962128
87.70725486912083
87.44298505642706
86.28466216630403
86.5097064804635
87.73090767116099
86.4018705290347
88.17513869390105
87.91390912117103
85.66609164035809
86.65003323589968
88.25494034528437
87.26225786277159
87.80921258923027
88.3919930197055
85.63523919571206
88.03995283438478
85.83873483160966
86.55357367921245
88.21660402132966
86.6254781432889
86.86057776248434
85.15340649793033
87.1066882692132
86.81148523887774
85.9282925397818
86.97916172406326
86.20995601162181
86.17032178967212
86.95143401137184
88.42590318449463
87.26964579530244
86.52735505307331
88.48464391789791
88.1123947254156
87.1437128795804
88.29449509319497
86.89391888709929
86.72778104346506
85.92349564235283
86.90424273037884
87.71934148224281
86.05169197612794
88.40280736847554
88.28405860783991
88.13161852252802
86.58688106415123
87.31888239729349
87.22397752252321
86.5120215258439
87.2934165289713
87.48381344022586
86.52501665569037
88.14218250526804
85.9865165104478
86.71196499627995
86.91187579708905
85.84796791182472
86.1159893597072
86.61266634506258
86.36673402823891
87.471627796067
87.42585620152735
88.59669540768482
88.21741236234236
85.35836522351283
87.36998600663591
87.12073294456697
88.75941798318284
86.37548637229294
86.44959027290675
87.97109250538513
87.85028194839212
85.32751005126097
85.97106532431408
86.84773057233916
85.98592613696104
88.12101966188389
86.41395064547679
87.33343178028372
86.77569096834901
86.94670017240904
86.58013575563002
87.77085457299577
87.95771132580931
85.68665603244852
86.86384161502338
88.87805029325422
86.6463793597794
86.98788399884026
86.51160697023928
87.27907761988222
88.35589192290894
87.55178065932095
86.95700867097797
84.89733709728694
87.48009664860348
87.22539059772429
86.3870263678521
86.14254262788062
86.47650424081763
86.38251944110405
86.06542406294774
87.14414849969958
85.9869143699051
86.1936300779405
86.70275481935782
86.09555596712916
86.22922792971463
88.01881598708238
87.2606722363258
86.562770850129
88.1801461822161
86.19702677961952
85.17541888911222
87.10182750493682
86.2674759394989
87.35456448485601
86.68504442819363
85.86093775063875
86.75587731103434
85.19119224231372
85.7929884353358
88.12385932018482
87.2804251917398
87.45494586287651
86.54370428338429
86.45268479866418
86.70562385943288
85.84484153451427
86.19260234391662
87.04566307716219
85.90838641084778
86.59676581124371
85.88334142989261
86.25470529095254
87.35382278956966
85.93989444053003
88.05762774531384
89.59906480919958
86.30264549361212
88.01674601271598
86.57131446175327
86.67278018064682
85.76629810874228
86.48823032282483
87.36215260647144
87.61410375134064
86.33280565125398
86.42001172686103
87.54516215042365
86.8930265151556
87.05979446206696
88.6288885693514
85.97329821990145
86.47850770726133
86.51820626269036
86.21065253407778
85.96430845513123
88.53660283468282
86.93271711957908
87.85114220590664
87.31523345576787
86.46951796116436
85.88482833347089
87.82341078800386
88.20949602820335
86.1220838038826
87.19714555629078
86.60063832836455
85.3815494537522
86.38478053960117
85.47445859820398
84.97465207369999
87.67019543020231
87.1779534042749
86.66786723709227
85.91684837302655
85.35083085288112
87.6579569815506
88.98982312502007
84.71800135371976
85.54797560605007
86.40664933181398
87.76350494860746
86.60127771680841
87.12210446828082
88.29468754760951
86.99083638535758
86.23210385087528
87.48992312307084
86.81358023451271
86.10092954435952
85.1287580048557
87.15094680124444
85.27640021459857
86.47024110217218
87.02552305650083
86.41143310793198
85.59976193697632
86.22512174313457
86.73585607762377
85.62499599808054
87.97436524477699
86.60156455728601
87.18666913950317
85.39685314124101
85.490654868816
87.36525944375491
87.6951491564705
88.39805448108234
85.92579274313483
85.74625435711417
86.78144043423376
88.13412825816265
87.2370412129727
86.70447057491599
86.87352558595181
86.96211074789062
86.0037685404732
86.57977909889163
87.03492425444948
88.02988235801777
86.85447784613136
86.48236858994889
87.14110667936248
87.9730170382544
86.48695412438097
87.17278108719378
88.62333714320293
86.20848200657315
85.97608760824056
85.88682922647158
87.45387970940833
87.62107476150427
87.89299994836439
86.1900542370395
86.28318705916837
86.89030003187708
87.31876130840406
86.83155743921866
86.66786522309289
87.66809391176878
87.4003133814554
88.30273992547197
85.88231514545447
86.85697172113514
86.8652826388418
87.1963400751869
86.39450306139872
87.05152845152057
86.75994150052485
87.67119823284212
86.5593934143685
87.47173460710198
86.67625943454081
87.43406805534515
87.6023097370262
86.81942641551737
87.94627037731627
86.87718528953351
87.48665105048131
85.29843637990689
88.69904435988481
87.13865085593596
86.51643468775103
87.04868852733594
87.08724192554341
89.23944506371052
86.10424165991435
86.49378380227449
88.70326490369361
85.7383914356323
87.86665912775541
87.17468437496593
86.84611275515336
86.34258419793528
86.57073083539103
85.17492995144717
86.66998975253323
86.30394934664899
87.22523582547397
87.74342130823136
86.3926822003625
87.18246672165905
87.8342440389198
85.28457249549113
86.9412967459713
86.58549645772152
88.62336821219225
84.46412199436007
88.33189462984207
88.08073348079904
88.4010762144962
86.26763647008991
87.32532025083874
87.63467486298127
86.08467371631713
86.73174647119681
87.38962966810908
86.23808508622592
86.66960998789926
87.2449949909585
88.50060692262284
87.47540134859787
87.3475764425975
85.64219099985407
85.18931249138075
87.41712342910775
87.33130190834413
86.47641939597972
87.84428688784574
87.39095870013081
86.90874713919015
86.70499806067112
86.22143380285661
86.5310470905753
88.35886565345544
87.57315095992276
87.05765422626901
85.86177835131365
87.59011005521977
86.98679948226918
85.13315100538712
87.60026673697604
88.35112685538034
87.8272494365216
86.77470578116451
86.98967373350865
86.88765199469437
87.0881568926254
87.26359431253945
86.28158241171117
88.11996965524386
85.700386957765
86.63707636839496
87.71454133434872
86.9993526239964
86.64255741778548
87.59480858442399
86.8292462749319
86.76503620065995
87.08048463688188
86.49386846688542
86.37591905186949
86.44138151703791
88.21083031734271
87.30248743456438
85.47240023037581
85.1861124584289
86.96738747218153
85.144093118715
86.06237471077628
87.04890551880794
87.49147923793423
86.36035511505492
86.467916553913
86.51350730240787
86.0971838456251
86.31804625917464
86.93172293525413
86.27349665980387
87.5499443792899
88.46592462527059
86.01969754636379
86.77269190132246
86.4211286267006
86.9205691700466
86.11044091254671
86.46152927093482
87.4780495876526
84.86033814054294
87.61317900685906
87.41483514950527
86.92729914399021
85.89988656530015
86.50583677920686
86.361080137192
85.67271864239383
86.24316611885604
87.46831151411122
86.41744591814104
86.67377472356657
87.30840039451098
86.3323706310869
87.85338863767116
87.97418450778324
86.7647827101237
86.33535771968235
88.11876175953611
86.93314848177808
86.3772073847176
87.21407639477025
87.46898011306374
86.53340399907722
85.28858555646691
88.22803095200739
86.66828916072973
87.04101485805352
87.50816830047042
86.39046851516258
85.64782985164334
87.51590559184704
86.45354477168368
87.84653760625648
87.72955833641505
89.31937684564585
86.99487609472816
86.20475177983397
86.9419673589643
87.51313102173654
85.90289058211809
85.10999789196079
86.38667594991321
88.57373306788276
87.28662732247925
87.50155134714691
86.19242421300007
86.92106197915837
86.43863154826825
85.44063372625483
87.77694738957291
86.70597266714925
87.44980867852664
86.77730109212924
86.54213895440112
87.08241153177443
87.06889600185181
86.64952212079109
85.28565396865648
87.49086942526417
88.12189925443316
86.04942632161423
87.95447880448806
87.25515365315867
85.24315292929069
88.18412445800482
86.05230542709923
86.48452888628216
86.06254636400155
86.85591421670217
87.226684394115
88.46673829017585
85.76103963218364
85.53268826309517
86.49110313854749
87.16849394379655
88.44996600331437
86.65626694498634
87.49147472908385
86.82222036398828
88.66164619974106
87.58695416635729
86.75022779580445
88.21893609804383
85.880068377395
85.27514954442063
86.54372655242834
88.63372035694506
87.44304249003201
86.47090149077765
87.11117669633143
85.74157935876156
86.37309491271311
87.20770517932137
87.03629879158677
86.02485379453935
87.38330377646874
86.6664224659853
88.37086935766646
86.1771065247087
87.59811577465733
87.4076063811799
86.14859390210998
85.45805190205635
86.21252154984539
87.47526560480041
85.97331877286834
84.46012323239789
85.97642766865202
85.64750411600612
86.43801005240653
88.7060980973877
87.01574606726382
87.4261765362772
86.15757906077936
87.37470289445413
87.15846085435055
87.06505482281793
86.60605729393916
86.87193380807898
87.05119770408953
86.34255396964038
85.8578566312476
85.34600998805082
86.59037719977604
88.49271362536328
86.96993111730654
86.5687250684632
86.60163523874347
87.01687872555623
84.60784763667984
88.62739846344654
86.93006911975841
87.80746892801055
86.38711252276514
88.28675572131125
87.24352099024146
86.60210134261268
86.82605508869223
87.8434925716625
87.2682004563343
86.65490476031773
86.05061681104907
86.03186576336539
85.98033485976278
85.47785688132261
86.92110203336408
85.92371331871529
87.36964448659047
87.64924164076766
87.30837023771676
86.81458964517421
87.56092748744332
87.72778613833265
87.68754127888579
86.95330197359874
85.5031198144533
87.58752988359086
86.58551595775349
85.51057635465813
87.08829606026003
86.20227234303908
87.99356050369158
87.07545084520191
87.20187311911178
86.64037760687846
85.78222594246654
88.89608908135123
86.7525442550037
86.59114657158264
88.46328897331533
87.13890823058917
86.97449363478519
86.76609706098934
86.71939940747693
86.8125335400124
85.20797137418182
85.38098963795858
87.74542240381265
87.86205928531966
86.65206313398122
88.61833675480906
87.13453927132558
85.93450740158725
85.70728857840243
86.14267415694961
86.8818070586565
86.74846612091119
86.67409150384644
86.94731133913605
84.92828399066877
87.38131434505493
87.29177914245953
86.12326188917116
87.8937658385678
87.60252528158283
86.98703845569058
87.08983429665804
86.78689684273787
86.18737291014995
85.92869220364726
88.3968719593523
87.64970244190238
86.18834662859626
88.06218562053934
86.19958411228069
85.38987904759433
86.10269893234181
87.94526712408292
