86.61031462855296
88.22618664281312
85.9900211129654
86.9412312071431
85.38116560195874
86.2538417028341
85.97475809008888
86.33771146821836
85.08859271372953
87.69137310511215
86.83145537189414
87.96759143070356
85.70362758617678
88.21419588060678
86.19246687974471
87.44851277886107
86.58401881712523
88.91928387955507
86.99333682155621
87.03821342171226
88.18391069900282
86.86681512087492
86.37603931692075
87.74353535068114
87.50879837115534
87.43291392842355
87.16341869468256
85.53642592493408
88.17991924392078
86.88104322536611
87.37851830510458
86.94678461281447
86.89538192444837
87.42021643503796
87.10397144777309
86.84033997682114
86.28582122064097
85.29657463505669
86.6669580216235
86.9220595209416
86.06251642836656
86.9335218414051
87.43758721565398
87.25708378827835
87.30879008600945
86.00919617095913
88.49621392907156
86.49664665770796
87.04547074403007
87.13625303810235
84.68587526753403
86.37457022641576
86.49949255610144
87.18602855502846
86.18229085606461
88.15871362226954
88.20122549911369
86.63673410300746
86.83216971935886
86.67616455313487
88.21170260075637
87.60801335027713
85.68925314225682
86.0929036841455
86.99616141657097
87.99981863375481
86.94540883142514
88.30510966459566
87.13919152898937
87.87200467080669
85.81247925846472
85.94350926573482
87.09304609534342
85.88967769622982
87.64215439020386
86.71341419737821
87.25269985813172
87.4439505244651
87.54953878749458
87.32145654257495
87.35469008641697
86.2539010841253
85.77912871859385
86.27353107130645
87.59331751097419
89.06621588953924
86.83512979454548
86.98375000643063
85.16207587474766
87.41250408662334
86.85133976948319
87.2707590411875
88.65821525597345
87.60231256420121
86.39606980179842
85.7273657747374
87.49208531683118
87.95091023070606
87.28498932101891
86.4452047726772
88.23293467958541
86.24178831982555
86.95986307174584
85.88761128549618
86.78754547229578
87.73793434993375
86.79735826131765
88.3401855771727
87.99206213380664
86.7191395875515
86.50090588427362
85.49358205916626
87.01523398536696
88.3918845795943
86.79409015439099
86.8089057717987
86.68094109253968
86.08839613981642
87.72231411069345
86.89157447760373
86.6982747168715
86.37234981902566
86.54149665331875
86.85249443994056
87.52443245889341
85.70212263423247
87.58299849374315
86.23251542913587
86.78996913322386
85.94396363308172
87.20473216292953
86.68948848790767
87.75549468173209
87.77332217963259
87.77451588414193
85.70621418881996
86.97779893464458
87.39255064650331
86.92003792868591
88.02094266835327
86.51393038278117
87.512125442839
86.70483122134273
86.6251006265435
87.14230709523937
86.32019609272464
86.45065376257809
87.55343218779831
86.0633827063086
87.93235892138765
86.6378600811014
86.96661542179163
88.0834581475538
85.37258366295482
87.4301575324816
87.68087396545135
84.50357858108539
86.46940825119808
86.8533219174841
85.31092021527441
86.77849687790327
85.30147847006673
85.7076851371327
85.20646335023078
86.24824853502767
86.40730162820176
86.79047572217061
85.88170043853367
88.74055118863706
86.94577881718214
85.72967543247921
86.97351635383474
87.9695982401295
86.92082583494907
88.16529471745913
87.2334767897189
87.3062436619036
87.28802038264601
86.4259565398789
87.81266082688556
86.38365536742732
86.10846289231118
88.17768524373852
87.19756450733877
85.5074612383297
86.74929001764036
86.80936660801514
86.23916726831717
87.2043306948905
87.13272086109541
86.47539927891114
86.81592518521349
86.48719367876394
85.77851265928635
85.24851179689388
86.45578413466772
87.40850124906454
87.56310706152374
88.35998063324428
87.79299275124866
88.31474104441855
86.55635571091882
85.32213443916808
86.88645808189207
85.8790953848391
87.67928973533881
86.39978111657652
87.19465469946076
86.27088412092407
87.89892603684333
85.38290616757195
86.09539730862387
86.71625697536058
88.01058630316109
87.2203421238222
87.73762005557808
87.18294378091986
86.3827777433522
89.04574748234312
86.02804249556817
86.94704128042493
84.5758697424373
87.7421970705721
86.71134312993546
88.38769038762963
86.22659269764878
87.14002604077874
87.1171636218041
86.53077638506547
87.71092047976684
87.00960146495
85.3432710801722
85.72662180297006
87.86321031168427
87.23877187370574
86.96001890014271
87.77868671769188
87.44718703404111
86.10108057700843
86.4696157071046
88.42413119655468
85.26974925654473
87.22983961557675
88.11052705602214
87.93665385588872
86.35661701959347
86.70833501491948
85.93660335723838
86.20904135800411
85.75644183831785
85.58498694373377
87.40764836982034
87.9247622903812
88.69023803124752
87.57217016559171
87.74443255289609
86.63550161936124
84.83416812216726
87.6308162362967
87.79791657771706
85.93334428496684
87.36889316024838
87.25635608226797
86.74094332068611
86.88571926563226
86.93336217415862
87.28628994524509
86.10561051057762
85.8702258533963
86.50183652101384
86.90767699803396
86.22657825891947
87.33992266988085
86.90358188939604
86.58168280653682
87.58144967772272
87.40682436350346
86.51098565269947
88.3400718835328
85.08497579019138
86.86883145231833
88.48891351783348
86.05943832453343
86.46401787093302
87.07071813519903
87.9470147375975
87.92736456340795
85.70393368961352
86.9663823514961
86.12006082975583
87.27029743558867
87.34120593893134
86.3069102487951
87.23453606830947
86.88098277011952
87.97232721746312
86.56596260418817
86.19273597912579
87.80503967071563
87.05649518097138
86.67003907366694
87.5228965299502
87.27288898714406
87.79471395611995
85.18447727261798
85.52605712030366
85.24038189638422
86.48901105979051
87.41704542919446
86.94590336550017
86.72500303277477
86.51121455929801
86.72037993672348
85.53330336657224
88.57087400091636
86.4539266315075
86.04448946624296
86.64355065958992
87.8923917369111
87.10519933946635
85.96735754235267
87.91444054488186
85.39323914024513
86.68967131249805
85.29779379125043
86.18914663262788
88.72577508423385
87.07906189354644
87.76951977887484
87.65794344622455
86.54902841116618
86.57586469295511
87.674404648976
87.21757846833523
87.33418232684366
87.4340187472404
86.51245560018918
88.37392923049214
87.72938345672706
88.01285540766048
86.71246532112265
86.28264508619077
87.44124002838811
87.5048044559837
86.31744799669566
85.45060272005867
87.48860254644946
88.64047238061512
86.94568122617144
87.6978853832545
85.85505451644244
85.67098599230621
87.66078609708741
85.86682344854044
88.04784159263414
86.9394844576946
86.94236103260117
88.36570522540646
86.81895430246145
88.90371169040714
85.62838458818608
86.74182458700456
88.30670154450961
88.38821311765372
86.87902392082383
86.7902558145332
87.7220438136507
86.88399287288574
85.59540215526924
86.79936936951549
87.17476778952054
87.82171573577466
87.53958912388622
86.40101882451839
86.29470375596757
85.87428396268434
87.69521054105705
86.28923579454386
87.30358117067027
87.13292597389493
87.82279370001099
87.31484345210524
87.53014346671998
87.09151490190774
87.53903244667549
86.78227970763923
86.40964515016087
88.69248213057017
87.10781799524888
88.0389336328545
85.98667055866949
87.56158653839236
87.39810870652185
87.84541039461871
86.06627849393365
85.18657990678359
87.05025793842489
86.36513060501211
85.88420666723803
87.81914846334841
87.60197699544945
87.59227996232579
88.07884925103245
85.98317956496977
88.00907791770769
86.55609027185447
85.57583049700204
87.7670860851893
88.62853426116955
88.17629632233417
88.53511052443915
86.21784311780637
87.11274226573899
88.22601195741375
86.41857822114801
87.84183986856502
87.69876493400527
86.62796170161415
87.68596248622262
87.32741381120805
86.73707459998606
86.87956655104367
88.66830768497476
88.17714570679989
87.7710265991267
86.94171135921778
86.41953280678386
86.94477257153304
87.08447964758702
87.70814387097364
85.8692425555992
86.69782383014417
85.9125992964264
86.66377247915504
87.58208425636883
87.18945278655208
84.52799947373438
87.47299188470018
86.8096011978917
86.67125734427337
86.21730845383455
86.9851889376261
84.61871843911227
87.01461520806127
86.44040339639069
85.91672425411845
87.99404310412042
86.86508685042861
86.09024449232088
84.99771422551129
84.92867933329606
87.38349125882924
86.01425913213383
86.31851016349714
85.82005144771486
86.77021295889816
87.87005943776555
85.82336262587576
87.22458366898596
86.71802769314073
86.79083331778183
88.03588133414205
87.35917383963582
86.57930300007699
85.62463660647335
86.90476874502856
86.6169467646207
87.35464911282409
86.28873923969876
87.39480218444119
86.98697110549938
86.64735626215322
87.49494618031507
87.09760067302061
85.5052744817082
86.94741895166142
85.3397673333217
87.25738909484694
87.1187234608435
87.62391946401317
85.44918371877581
86.84724692259412
86.58729763436483
87.6250776150711
87.67548588061858
87.176875335644
86.21293934853263
87.9428568011524
84.91519586400072
88.31068548697414
86.40349806556725
86.75135628293071
86.77957376459844
85.62166105201162
85.97551638394503
85.42511964960285
87.30346531373779
87.14214161121713
86.17136352254985
85.53726478598183
86.97321842576478
86.72352800203839
86.61515539751929
87.04845794229125
87.63175960456327
88.5489080405737
84.73269649076313
87.93912207966801
86.70601804022964
86.80068707952906
85.9230132582548
88.01613060854233
86.92839662203308
86.48834253545404
87.14065631750329
87.47715378869103
87.68044369659404
89.20149023172121
86.85883390181272
87.09289954567515
88.84838751649714
83.98295912711833
88.70303645708493
87.49321123002741
86.25350977533698
86.892127995559
86.52534198389321
87.91445664197585
87.49683678958286
87.43730056695237
89.03869208474799
88.13907200790476
88.58291507575
86.08242128964821
85.77785274213747
86.02430532343278
85.62099783757768
86.39217387433104
86.2848226618594
86.4413672365869
87.01781732652793
87.52840474219542
85.77717901307346
86.05272753852051
87.0247085163569
86.14572007859499
88.08097347365184
88.00181605460746
86.62413141769665
86.63293777774219
86.87165391563803
87.04638673286169
87.68968901525255
86.76333467799724
88.3707551296088
85.75673473387228
86.30240330241612
87.07462383295005
87.49920613043327
86.48617651492785
86.48196047892674
88.24931108709764
88.07546449048549
87.31893036696535
87.2535761416099
86.68616440020834
87.62678335529974
86.1191013105728
85.35385393613849
87.29747985948724
85.64129505212142
87.7909010037411
86.29516800235389
86.67864105544577
87.30182279377186
86.702247331664
86.18744475621065
86.39565599407722
85.21541120192771
87.64456917770048
87.80229867919034
85.78877855874221
87.25044014563893
85.83635556250078
87.3780120774803
88.35175949168463
85.66993192773654
86.82540017481148
87.30311725399686
86.37583611319133
86.02756692234018
85.89414509486801
87.44980695683041
85.4782875785292
86.2079026289805
88.42761182898526
88.31716762041083
86.1750296205931
87.617206174325
85.95182359297276
87.29267626669045
87.44163847481951
87.75545672795735
86.74516405822337
86.40353740465893
86.07470827774192
85.1143738186606
87.06356879437439
88.48650600733428
86.95683640948764
86.14488032907101
87.73647443803361
87.55384221890496
86.51974420501757
86.64260891241642
86.04650122438825
86.80420063315819
87.6340052044594
86.82889541585021
87.26469451367639
88.15594627931593
86.43939814860175
86.73389367190049
88.14800148628052
86.77410695779088
87.9278534443804
86.85341655985671
87.54706460045645
88.90253117139723
87.39399409358354
86.11799401797282
87.93434774702344
86.10557403579878
85.90053144707586
86.14230556083257
86.52936682105594
88.0577461947646
84.93434301022312
86.84331359640983
87.16652267880112
88.30309791268508
86.58329598775411
85.26210366002805
88.54660547068129
86.05432159402494
86.51472790127676
86.87495827557636
85.45661594851828
86.41928893783901
88.31973861592986
85.08071884618121
87.64746967897806
86.34207381977437
85.56765627444497
88.4488682943679
88.46220419232193
86.59445287173631
86.42852376763801
86.75622851878894
87.6645558450866
86.63441045526356
85.77427847938225
87.04452796682313
87.04759342421505
88.07849367506134
87.35828177785947
86.7669865562263
86.20353333238432
86.69316643111621
85.54708073444031
87.98189279848089
87.09877184224038
86.68292421077894
87.02552441451738
87.39687302611127
88.07818114276468
88.10512931116855
87.14103841686274
86.85338813580678
86.05480972518743
87.38566928816596
87.46820552295577
86.85855554130417
87.16520617275309
88.68870216376197
87.90771554925225
86.26738124685049
86.91833347851377
86.76182098667695
88.02552617300512
85.52173860604302
87.5331486983734
87.0967351263089
86.20811117043473
87.15923915897555
86.45808321401782
86.070896672812
87.01931939816043
85.76675439912664
86.8802607996915
86.89600418312364
87.69209942071137
85.71656562244272
85.53242870455556
85.56071869558313
86.58310358567621
87.18156871884855
86.78410983135888
86.59548113473812
86.52978010335403
86.50156580006379
86.8026022021156
88.11271019161987
87.80379629777879
85.6944982411406
87.06213985487169
86.38840927349914
87.5140148539896
86.89295438091841
85.96244874570064
87.72153699956874
86.46202844686366
85.02123676986177
86.2554949821301
85.07199498626744
85.94135664586727
87.76290768180843
86.83748220422305
86.03351631365528
86.75520625577039
87.83142124216369
86.4727631531789
85.65323048726326
86.21235554385242
86.1633353668738
87.28516599814226
84.92563207655581
87.7016090281296
88.05792289857843
87.30350236031772
85.4742076901153
88.3329251294406
86.72658621026322
86.77755613622234
88.06686191839559
87.75609790526758
85.15389452694707
87.06947139799635
85.63905331792701
85.88083747810445
85.91610012805626
87.54096742992321
87.34011515615155
88.40311154117413
85.67596713708686
86.22350447468813
87.11223508902108
89.49223450538237
86.76742032155038
86.58266103104877
86.67695669604056
85.40604310107321
86.275957795279
85.84160345347838
87.77957736441017
86.8530996567832
86.66952694012974
86.2656587898035
88.57684266963828
86.00806777873966
87.60284776265067
86.24558196484583
87.85138023731102
87.25417810874674
88.99103622181015
85.71552927546513
86.12705366603107
87.14579378494352
86.32721559614583
86.18293511298944
87.0569364102672
86.96677483341122
87.2349723931013
86.59976432041283
87.55435307792426
86.72697132284934
87.37673106219931
86.06536565674809
85.72920252006443
86.07992313402809
86.1051324978263
86.13302552543743
87.39371155680887
86.65989235797673
86.32021531846144
87.54543589515724
86.66047697068298
87.52239124536895
87.30933772803643
87.29246544763761
87.1654246828849
87.10234192743215
86.73562417151743
85.72453857334398
87.37871154850062
86.87285794404046
85.43598689870859
85.58172910638997
86.9718966929164
87.90788435903806
87.111131242844
86.37321867153643
87.40998618987815
86.35242228719915
86.18416376748266
86.77058310028919
86.13581520358649
85.87552591219746
87.4118123020572
89.2227404937655
86.48589485484992
87.63567072360068
87.90097072431239
86.82592612697263
86.60328670270768
86.94446766697632
86.52343728764123
88.48490054592885
86.60954742331552
85.41796671948264
85.82752701940768
86.0675050382194
85.9013287301657
87.20561778861321
87.0117897218714
88.66101550496505
86.78580898361697
86.80086632588154
87.43703064421322
86.73412565270951
86.54820654711129
85.84277739574574
87.76800686706945
87.16938121425198
86.94929442275291
86.92775202812591
87.33836295017461
85.7143781909137
84.43435896701754
87.79205498011271
85.85237873011489
87.96277289842479
86.184421771816
86.88735575727985
86.84203853269122
88.95259304669293
86.58934473420452
86.21790564750827
85.33581847682791
85.91129224546115
86.89360511818622
87.50701424146116
88.40591311181656
87.42390397973882
87.13235097055626
86.46593708004964
87.55337205904974
86.63153080909805
85.99433606391463
85.77574079628783
87.98872399078448
86.9297006892758
86.14850326684426
86.18253057511312
85.95115958264361
86.52949697768403
87.0163604124448
88.03684020096927
87.7473104170856
88.61635570488812
86.41271329376785
84.82148943232082
88.19922571536847
85.88723313785896
87.73248311234684
86.59850401788871
88.25893935642385
88.11253646960724
85.3899695061442
86.36899075511262
86.61834432705709
86.77554167583632
86.86519984545183
85.90474508451352
86.67555389517396
87.25067690304162
87.69139806315502
85.65410429848374
88.56789261051439
87.06443965933626
86.8206735377037
86.78821269627396
86.14834973675396
85.7347270704303
86.61169675357169
89.5224731317245
87.89508333381197
84.82301486493796
87.57960423706069
87.5873121758243
87.73723953494695
87.43709329644955
87.49382803955658
85.17973201935196
87.70298395589613
85.62264047879289
87.04430697883384
87.42906258085162
87.78217606352953
86.3023589436091
86.45793387398221
86.95824009659276
87.01461651789093
86.73213931834886
88.35590717877206
87.32394976386746
86.7370959952249
86.92456603228011
88.10111171789424
86.61832031141184
86.46727115615592
85.80118556239273
88.29645530344628
87.25492125582691
85.72819894097748
86.73273576261305
85.52518742368902
87.573370008164
88.14819709041059
86.91257156353282
85.99560270057566
87.62230728237006
88.11998535924019
86.18155838809804
87.04819640221807
86.31047819805977
85.63434567890069
86.70418054293846
87.99702738453844
88.00785943819265
86.58727915531838
86.5186314849327
85.78650617000547
88.50776475855882
85.08704606785199
87.66128652949233
87.2351461393567
87.89236060470907
86.64245967978476
87.37595888947561
86.35381723763697
85.89553848256195
87.88506959837108
85.95119923338802
87.23166869170029
88.07939811630716
87.37761477930965
87.04463861938113
87.18841365134762
87.06183008534684
86.87959710573712
87.36501773335571
87.85096823572879
87.05910190051813
85.90447692416429
87.11018905260057
87.03167786071208
88.59718278745454
85.90850646017184
86.96296248222866
86.78429318051832
86.58239578881074
86.66936474034704
87.55481501095096
87.46020566745369
86.44121701154221
85.84098306410054
86.45371776221563
87.15774346536867
88.82521126568665
86.17028887172087
83.97090514004249
87.03936418306408
86.43385578025159
86.81583817623827
86.42153575564906
87.33646307626965
86.17352807739809
84.93162294038245
86.47641292381816
87.14626343771108
86.98546624716847
87.05796472592823
87.60674588129535
87.57286597854954
87.2473089918869
85.95330524153528
87.44764586854397
86.99148523393167
86.31895804769346
85.94755165937508
86.51890565841259
85.88137484011585
87.51960244175663
87.0346088198334
86.44501481683187
87.32726553246057
86.66922069567548
86.49842572299225
87.83743360196644
86.24860922935457
87.99328789533291
87.95194098096832
88.09304455516069
85.87105116791267
85.18421195894027
87.10902263363437
88.1310136169939
88.35252313691336
85.52951627103704
88.18456201779968
85.76151790522869
87.44229304887325
86.65187258666049
85.72291438216989
87.10658232884646
85.08918425416174
87.83079970710455
87.3113013357014
86.92328402740519
86.86213886022841
87.6359308613479
86.90200441362356
85.73995285646386
85.04953489601976
87.28237606840415
87.48942866224873
87.27843334730365
86.41737883049657
87.58054900318633
88.34991384889189
88.0893708050848
86.0213941741409
86.41015590869202
87.52309622359891
87.40321257742514
88.35926124829192
88.02518439761505
87.06454079259098
87.51864699490538
86.57622039911753
84.16331587956743
87.11409421691495
87.20578975798628
87.34817379232423
86.40886689757036
88.29931760170744
86.47945301054645
85.71789536555087
87.23143958359285
86.73639710984958
86.17928561957886
87.37316295915925
87.80550024290565
87.14723758907769
86.23451409394912
88.37788924133254
85.48573510741377
89.4884507688911
87.70309213642547
87.56724850838911
88.30914649372656
88.21066773909534
85.7088100322014
86.69786818586759
88.07122652034747
86.45767685003797
86.13379783608526
86.56878059930409
85.34753047518977
86.9443590438227
86.58889408492668
87.12521788745921
87.6473891045014
87.43051669121745
85.71694059698599
86.37381581002298
87.03197932572213
85.73100730366836
86.41026653775775
87.50547242514288
86.52114595558326
86.02392774842694
87.81706229168549
88.34674495673623
87.47123658248839
86.28307193761619
85.79161511158337
87.21246033034528
86.83097960617144
85.75876419723399
86.3898114445825
86.69112807813538
89.08993012424155
86.83216606578128
85.81560872273796
88.01845768391858
87.11791568954786
87.36252782388068
87.51059551806279
88.00240704200112
86.60208601062043
86.13111745527566
86.43749224564809
87.25057115920343
87.63147765428234
86.99505561989521
86.42886172284857
85.8264288174522
85.92569215577379
87.49383333731312
88.6241409210848
87.82357656767596
84.89957920052007
86.53026853253012
86.51416661257332
86.65014693687071
87.24535184697118
86.80739585290937
87.66869669392865
86.66391372821202
87.38160032388053
86.1583749823969
86.77520135559729
85.21476815762165
86.00935418777871
87.10579068588609
86.80917276819609
84.8908713982868
86.79361530383869
87.58166179204196
87.94976873757548
86.52372818354199
85.25444788524098
85.81031396094131
87.60368823749495
87.58845221193113
87.58796671427102
87.47005879556609
86.43096144169138
87.49649065082102
89.4178100413569
88.14440225935617
87.37525815627464
87.81485319340314
88.41514247500432
87.07314997528981
87.36433429920795
87.19212391115364
85.48608062161728
87.12871932907375
86.05193005589828
87.71072780106157
86.03690758172104
86.76798579790136
85.6655318102406
87.43286041863207
86.67240633272914
86.7430487943417
87.2851960990211
85.82920551593924
86.72901704167326
88.04346920770816
85.90538175613808
87.59548606696482
88.68953385192361
85.92227185961563
88.25663663531854
85.95635595327317
86.5518243068344
87.41978649111347
86.65130087290885
87.96900878661074
85.37351673269384
84.90752795491109
88.00020764298569
86.98413146522992
88.38871408024728
87.01441512193837
87.80107766589141
86.09083445267879
87.53128755635704
87.16116542864033
87.25617691600677
88.29118339393985
88.35070791541104
86.16795802953203
85.69821341703869
88.53939608051243
88.48781664922473
85.47196314650189
87.44764872179874
86.40517110858876
86.496341289841
88.0404594175282
86.74349412648549
84.87906856580825
86.99203760723192
87.02272522191814
87.08009044428556
86.17141596419981
86.27616246354017
87.21380937458895
84.01228823177163
87.31567945859291
87.16809521788265
86.5287478981666
86.13628000928757
86.36381862949712
88.17377151282656
86.64909680950127
88.01628284163948
86.90208642645966
86.60989584696804
86.5191129481446
86.32765212805568
87.16058456521533
87.39524342900009
89.2499746537695
85.96313907158816
88.65850499368952
86.50808696138016
86.74029160843999
86.40638211919455
86.41918952984258
85.79740364214533
86.22213434728128
86.33913093488944
88.04225512416477
86.8257207171253
88.04805018354449
87.12612245315908
87.7251054794514
87.71649856221016
87.52552604914486
86.31413921471989
86.91303912059016
87.95113755885075
87.3348034692582
86.50820229733088
86.67043328957259
87.74580931428467
86.84858099596171
85.73260984477899
87.41447409500105
86.81091507203554
85.48891844727252
87.22479509409767
87.6663613583606
86.15534663340378
88.47493899477453
86.63767233325447
85.32510367623524
85.9900096048302
87.92140016382211
87.21541755706369
87.73587617611466
88.81433676088088
87.24954313226621
86.49222983216269
86.30731000309432
86.51706696775264
87.35120285806843
87.65314163692891
86.96668388796878
88.16411203135324
87.86993074265055
87.27500406667153
88.67171161970488
86.09882480974976
86.97995492765143
86.26265122406213
86.39829000032904
86.42457270135746
86.73112363285227
87.16804353552592
88.00563589291502
86.41981693898417
86.57277361753145
88.58814766495074
87.78195227092041
88.62102153106393
85.92015827882031
86.4393128892492
86.62429952536273
86.86778582412352
86.51261186708001
87.78317411164836
87.89729846458624
89.41787474812084
87.50437946565522
85.65809994481887
88.02957268845073
86.25569378831554
87.33258319691564
86.28951193782625
88.5189698218339
86.76606598549532
85.89107713509856
87.42307309536197
86.59155921704395
86.90852965890491
86.59289615506006
88.17178778878585
87.24331206399779
86.53377134279249
87.65272358512102
85.8015026347556
86.89587444944489
87.64505916294311
86.34090626439631
86.47126862818384
87.01374601088601
86.46354274045262
87.3363513621288
86.8868462664338
87.10932022156179
87.1022389462744
86.09342638715444
87.05931145329822
87.51114256788162
87.32877059826308
86.6106028020619
86.82893563701873
86.42795338073816
87.38788060213095
86.0805035698305
88.23289245188273
86.04036694490526
88.20697553198399
88.20843487722017
87.60800583640014
87.50380477361406
87.47387415743971
86.65490130285283
86.30900846548724
86.63708541135738
86.6327615432459
85.5689840565635
87.25983476521016
89.57957248782145
86.11774576639232
85.72583177912314
87.51592580396715
87.7827440583688
87.38894323996476
87.11629541581542
87.57185302163222
86.63031701242639
88.36173701248732
86.47172638465143
86.93610463097579
88.50244013963992
87.68807047976377
85.96900036604067
87.57452457629316
88.40248175794285
87.7114959219861
86.89610766442748
86.24907539044695
86.49340536894452
87.06977890054287
84.53174572297935
86.27269393027072
85.5776050503012
85.05286708849292
87.21684847692323
87.03050026972072
87.21973479419358
87.02176930334737
86.24413812185848
85.8660500312172
87.5061802988243
86.73384896187402
88.38654090846464
87.50103509443866
87.93367815363013
86.36997871689454
87.3354640616554
86.95183025690761
87.02897000433609
87.49374896506623
86.85409850106086
85.7648269140486
87.74941858365789
87.55206918574758
86.76619774214997
86.10052630392398
87.54785898655896
86.86164046472223
85.03335553533823
87.95774684050672
89.29087895304633
87.20858603689601
86.79789304442369
87.06542163691614
88.12309755448817
88.35566997818361
87.34408589979454
86.37608448146459
87.65765340686525
87.53278012301014
86.76012256176621
86.60209933356124
87.25640579717253
85.98636834737147
87.11037032958541
89.31558735491934
88.57373956054246
86.45105493521312
86.78423009837853
88.10897827804011
86.37676788888324
86.90216031668074
88.37648873346528
87.17914343943062
86.21495088129727
87.46329899410381
88.04941412369885
85.93268446506605
88.06727226512037
86.42026002535479
85.95025980209986
86.5772190381049
86.22900243589311
85.40218969760721
86.9628883802473
87.50103814230665
86.3160157373415
87.02529848849356
87.19032111284511
87.21197179030845
84.8839171960562
87.5452825755079
86.20109184543016
86.48964266956996
85.61131280761515
85.7223102065963
85.98691483497358
85.64217526158652
86.89818980964581
87.07813302273199
87.35054946192166
87.53564032986957
87.26309849412918
88.02241077958392
86.64344233601902
87.08474467317637
87.52293630620086
85.62448051291116
86.63166023602186
85.41085488155296
85.84132194680102
87.5092450905013
86.85172768171216
87.52642918092124
86.71855064267272
87.43407849611785
87.21715621612954
87.23723195417116
87.48110880196259
87.49447253137961
86.36989013624299
85.6740039392381
86.47419861266987
86.60946707070482
85.76359888481879
86.69103957061752
88.23022611801275
87.14408618233644
87.3207592235191
88.42623582565929
86.43227416277598
87.72483318535912
87.18629177876387
86.76062240967822
85.5454182505172
87.39764569032009
87.58921067806648
86.1304715331051
87.36179457712393
85.48000384899905
87.10057594482389
87.15943452899843
86.97024389728345
89.13249861794047
85.44403515855005
86.5436856840258
86.92415528357097
85.74026642150184
86.2667609464116
85.78841492730848
86.82618140496447
86.7852462820629
87.87689850460475
87.40326456794489
88.96315072561615
87.66649969103162
86.88845187539742
86.93475191034409
86.95623638482832
86.94334974893805
86.15203483643216
86.55364535174006
87.58881676934917
86.60942166632434
87.26519700269374
86.99908391877793
85.11655287920598
86.29884559998969
86.58807395659667
85.74843686954054
85.82486199019091
86.98367483320139
85.55691206388002
85.74418025711715
86.58053096821094
86.63967138459053
86.85943216398671
85.98961874754966
86.2751029926347
85.5642681096038
86.08291381389378
85.86053178160137
87.13193973393473
85.64462885860114
87.42215172594237
86.4151596182106
86.20376705997407
88.17792669590405
88.65391548186427
88.08048416983394
88.4644281666031
87.16154939594361
86.94284872062336
88.32301410435208
85.56816085295908
86.98546577801426
86.71732284312628
86.35590947262715
87.15332961711093
86.33062013223805
85.70980516099509
87.32996634479414
87.40832420048886
85.6282608640567
86.23211148396359
88.14795885184559
87.03576943402349
86.61372424292426
87.91212332297907
86.00382334386899
86.40701060910763
87.74297039593408
85.21212085920237
88.721051482412
86.83155740097801
87.66424002464763
87.09912471229717
88.80782104777693
87.46326052030912
87.87186607649772
86.71732234877662
86.46497774801045
86.57331664186152
85.23871392963635
87.68724225850808
86.9110410190929
87.18065151666687
86.12536744050742
86.11811233322656
84.78478248128397
86.31244238145528
87.02662099144722
86.26230055675948
87.39503102280261
86.79154465763582
84.9166627054642
88.3650785475249
87.6492077203194
87.24290395205986
85.28551682619923
86.67001600033647
86.11419638611659
88.30482539145773
86.81162469166213
87.58306907695919
87.22342299404819
87.54804773280362
84.07083092413934
87.0531933761298
85.94515108201614
87.18010409778263
85.42249635372822
86.79888800607046
86.56627735081176
88.48087189310728
85.58571152290163
87.01595369873044
86.35941835791655
85.23826347438727
87.13588156257426
86.58287076516888
85.46123416699271
88.37144420776947
86.19669038626445
87.12130698331828
86.82047272344963
86.2016092591131
87.10067112310776
86.54383830750672
87.23399747606614
88.07101520681897
86.18556534560189
86.52257913412265
85.31026719187807
86.0051257749426
87.66214292644179
87.42945321577261
86.8506302672004
87.40643178094581
87.74236352563462
87.78314142834019
87.79696580225601
87.35435562644835
85.76461724004744
85.81749021160343
86.8855519272815
86.54360557786502
87.71327210684623
85.49238308140038
87.58810917772111
84.75914361786184
87.57064423790736
86.51577643755941
87.3743264327433
86.14460810129468
86.69498607621405
88.77260200834397
86.2703264598921
86.46062517506411
87.12923080809867
85.43654395582163
86.85842026015378
88.51794429835839
87.13732246386178
86.28475749958916
85.96952604072844
86.57551330254073
88.76295211824177
88.55208475803339
88.03165538749249
87.35098704559809
86.88373650897523
87.45050065230677
87.32079700937307
86.21197079990257
87.43569509552154
88.26203460062602
86.75838079191796
88.6186050239679
87.99271561392568
85.3898000675949
87.36980709472395
87.10896899949103
88.13907841096356
89.75039198646114
89.15795755222518
86.22856152757329
87.0230783133191
87.53616426262798
86.85567161052282
87.15992867352031
86.73339749134371
87.24323557569569
87.29137835278509
85.4837576856671
86.61769210007552
87.13702306842966
87.74023555575994
87.64571948777193
85.5465215993919
86.20904947652849
86.30524665233008
88.10765800810827
86.51561924248712
86.64140749690502
85.52407356917575
87.11220272434295
86.71475554971113
87.8347320518522
87.31165418725499
86.9447640377124
86.61432477701698
86.26528586544377
87.23834088040434
85.39061127744853
88.13273419555499
87.0868995249681
87.42546354497463
86.56129633292117
87.03011033216771
85.85688553553909
87.92683216309105
87.59989536940027
88.85663884582517
87.10256562362072
86.9246219593483
86.25017492545207
86.16049185419926
86.68223897197964
86.85740588064542
85.4734481350559
84.93573094277131
87.00124953487193
89.07219412560111
86.31832193468513
87.6767884420201
86.17799418063476
86.96761750411446
87.5206364534024
85.80685444569691
86.697206171698
86.38678046467362
85.92698124288414
86.79384491074026
86.21231188269297
86.44226598728206
86.26799099822476
88.22660247728086
88.13966901737176
86.91232219526078
86.35941618286411
86.16935897102
86.93810230211888
86.16264097553598
87.70666812415719
85.43980481658141
85.81624476236252
87.01512019901554
87.7997158129875
87.10575512556986
87.3533361348988
85.62831890315046
86.97226080933075
86.17374816762103
86.8120563764778
86.23066326896013
87.54712154251465
85.83051878519318
86.16517790267024
86.29527158982278
87.26515937182006
86.30676979503866
87.46444033883284
87.26896394007025
86.7133999328168
86.33389080546887
87.93918099532718
86.80985799635198
86.05514999293564
88.59434000788238
86.51079974688551
86.85841017084971
86.52924262508179
87.50411022601757
87.97582496950575
85.7463903865966
85.63839140743818
86.43186062175063
87.29372802699389
86.69278622910676
87.40323250578794
86.56871685426503
86.60924303851564
87.33190808318197
87.1588300719471
85.48684810666032
84.42237782627485
86.0296657225217
