86.18569735535394
87.99441139906247
86.92518895926929
85.99763063280285
87.78283781644544
88.23146170653717
89.00347476180856
87.44973952249616
86.09220652888591
88.76824633493894
87.78509808771659
85.474851365487
85.76998333983647
84.53383276495428
86.61076942023692
86.40453399858681
87.53070593673296
87.39005434983625
84.66656685936958
86.77515957687953
86.68259372064657
87.7168735727724
87.18902263325835
86.05753339767668
84.98257641612484
86.7512438303801
87.96596942954126
85.6371731855283
86.86272943063548
87.095243222139
86.71312067949019
86.48199589903457
86.08671720376496
87.69883740380249
85.78816450414914
86.1247243887527
84.54295007285793
85.00285967233047
87.75817806472419
85.60880883269085
88.20305509810899
86.398629910855
86.16836628005036
87.4266043242444
85.26477778201605
84.62820770907807
85.5004165143567
87.7409567179951
88.39464438109711
84.83636810828976
87.07178292711878
86.11026635075063
86.4820935615443
87.14315095206675
86.70527303291756
87.03082330357549
87.16593181730029
87.04119178921835
87.93370389258591
86.86882746399117
86.25363980064324
87.05638423316825
87.19951349541797
86.78087073010693
87.49360833496851
86.76359029406574
86.50314337327558
87.18534860372945
86.39384867629427
87.85207562840428
87.74430763581789
88.89187939591088
87.71708809392914
86.80858434133224
87.76888055406744
87.22428777408453
86.7232453266402
85.7361362597636
88.35799573625478
85.56887378266812
85.31545331308078
87.59527029567853
85.84185909318761
86.28942075439338
88.06013185800391
87.62297006409077
87.41241086581378
86.49819263222584
86.05229883635445
86.52717438316141
86.80558821236092
87.16494320573211
87.30956892178945
87.0679928264724
87.0520695145315
88.30159415631987
86.30445136030029
86.64557951467985
87.75229714008172
86.58454100270922
84.97956320444521
87.08796379097697
85.83831807233953
86.18157617417401
86.40029942355099
86.37232107995804
86.24808677365012
86.2894179725239
86.6556535009754
86.83259848613277
86.6371133662295
87.76320321227134
85.89319732908746
86.54529550792657
87.5611811409581
89.5047488945611
88.5508559413625
87.87160380440747
88.61265570010023
86.73619348960726
87.02974927391003
86.9652840452574
87.48180352235616
87.65316009018572
87.17429772135283
86.4289297889857
89.1575232664717
86.25633177747808
88.34880319391625
86.54131567142439
86.85313755453897
87.14225035728539
88.9577111203093
87.79027350725558
86.51670996994093
87.4568919601756
86.04382227792476
87.60169765984257
85.58752800834603
86.95266755121976
86.04100229825607
86.59288289439563
86.07789705852844
86.57996259460239
85.6165367970339
87.3875382963765
86.17098790258201
85.96888615203383
88.21628162362101
86.70951243304349
86.5465347786314
88.30517492004664
85.48436315808651
84.82775820097599
86.38405800782154
87.76233150639254
85.9317685597251
86.90146522894256
86.77331799790848
87.87761414998322
86.8285759870185
86.39249236806796
87.3926512545179
86.79932329976319
88.4264435167345
87.37370914365079
88.26394353850625
85.94416292380983
87.34091082495414
87.31189037346805
87.45802304821224
87.71856125528674
86.06513776345001
87.60501616405422
87.919724775925
87.08804238683406
86.17431234150352
86.90821823823059
89.56830271042945
86.42613103709567
85.7631447955895
86.96094465256621
84.94577767989487
88.60000763462197
88.18539708812912
87.64162722252023
87.21234872782316
86.75283083006222
86.12549330850258
87.6232725259302
86.51628883047972
86.4901416637695
88.01460557917306
86.87409344838467
86.777408680666
84.97817408283768
86.7731425711026
87.7099095982044
86.07798084885195
87.28216496102183
85.99145833322999
86.56660008249249
86.37191431667601
87.46810868453869
87.92690901112651
85.4846963501958
86.18508805077788
86.25242677632531
85.78732879391733
85.19861637728705
87.39343663889288
85.50417971553155
87.4228203654181
86.148979970856
87.07413897539011
86.14011349900004
87.8022679112686
86.9791631351703
87.88781852679624
86.35157422971662
86.59894502951072
86.5778438084759
87.16884313550246
87.06943976460781
88.31728768871
87.52079490316137
86.70626376617513
86.53938844285523
84.82637426769897
88.53338883747683
86.22685940498968
86.81749191763025
86.10377354227224
86.28294941812317
86.79808113037338
86.6091818182144
87.29117523128305
88.32875392287797
87.97298590393198
87.06428760280964
86.68155255712202
88.0698418140354
87.89130613801098
87.80032619301035
87.50420084343544
87.37296609549173
87.82862449669128
86.57549299707881
87.87099425851476
85.57967439495403
87.14029004861898
86.53081388983323
84.88034280899824
86.55223278175205
87.3082035808889
87.46662267563364
87.3226710397688
87.67118542430019
86.69048442160307
87.42928539156502
88.613137681464
85.83400306638902
88.27311177130747
87.66605819568744
86.59397048045884
86.70922874659206
85.96571892011728
87.06054202096404
87.23232284648013
86.38878831001209
86.6114917861673
86.33174498231463
86.87186984852501
88.16017513499328
89.12902483892313
88.42345384733608
87.57295241789014
86.12550551978649
87.14617470126392
86.92132263407922
86.4669676626374
86.76682407983432
87.08786279804183
88.037741900836
85.11465793130311
88.35244353380352
86.82159533934997
87.00846853173603
86.70298325818736
87.40238965106776
85.93480459661649
86.51364451696868
85.14462953766507
86.95105116343754
87.90601885968557
87.4939783966368
86.93150115979708
87.07388197919937
85.88059441087549
86.52715990100312
86.37649441112616
85.31613664260753
86.7199998341309
86.21964060013357
87.0980165127968
88.86765546827847
87.71127849744349
86.30139031777925
87.2361791971236
86.74925965647364
86.873078786889
86.15352699430933
85.8298372345032
87.45202469732384
87.47025712098063
85.30729891750705
87.82871020339509
86.96185583690212
87.64857456066927
87.51241427683873
86.58108744068278
88.1950507594587
88.57073137169677
86.70303657172899
86.45494656436524
88.14932364754755
86.22764864078792
86.68937573248655
87.42454724765413
85.33433708584484
88.67257231523271
87.12100773968471
86.00417400646761
86.82176554431396
87.79087452992806
86.37230550963137
86.82583001360194
86.27050048882481
87.6064279199428
86.2621939505193
85.33638746789445
87.1667431514166
87.54019491563106
86.77093935657648
85.73801946912721
86.49200883164319
87.4517518101469
86.45163855524038
87.33221102077313
86.36774882639759
86.86199634868987
86.6729879313719
87.49134013419705
86.05264457256965
88.30965281668205
87.55408447730953
85.85849099640113
87.2075915359346
87.48990253919648
86.99982479511347
87.81124688594745
85.79589837443272
87.29803306999906
85.93627451829934
87.52084172976379
87.6339758438034
87.05951518521158
86.43926685961308
88.45602172318601
86.53582120593225
86.96746756515984
87.28733643077173
87.56351560298853
88.50377140014757
87.14203939645562
86.36089397034199
87.15634803653388
87.56423679266894
87.33479600678264
86.694601315539
87.27662859136842
85.54867849599243
86.20404201246572
88.70941915899738
87.23958433429196
86.04002476733422
86.54423431300734
85.95047500849836
88.09433365528487
87.74469535144974
87.2337936511957
86.92070564226466
86.66491862709287
88.07106378025823
86.82356317370431
86.33055159167384
86.33329141359398
86.77766522278887
87.13438758001658
86.42775236415805
85.66003457986533
86.9747520135628
86.40039051036389
86.32074952102096
88.00376828533689
87.43317300121016
87.21308680391479
86.7376439495318
86.76206351514902
87.0337849304034
86.93809698969527
87.03788101200114
86.8250884923226
86.84850059363575
86.92405803910147
86.85397065418732
86.59788085552951
85.92427395165046
85.63382656731471
87.0856238829222
85.47859448522235
86.12459796846332
86.87207420442925
86.29457588677174
86.54016953204544
87.57809154084521
87.1687273433907
85.61275724349501
88.21935328238091
86.0414198609744
88.17386109710884
86.27822229813907
86.76143670823294
88.09060788246384
87.00062137244706
86.47721629580803
85.27537901736507
87.5785206803133
86.46340345885757
86.26695866508514
88.29671554587847
87.56014183089408
86.92181810992223
87.22842412864497
86.53741897280831
87.39851437758941
87.34680474857412
86.19447895249151
86.5717745192221
86.058796268552
87.04033023206073
86.98827047186933
87.2771731829119
85.7505865736778
85.97044406812853
86.203772656524
85.8556723789149
87.7647069862635
86.53679386627071
85.38148194917524
86.52380214520471
88.34646661196828
87.28205256926609
87.09941980013987
85.71003625530443
87.6931556361894
87.74525173562448
87.24573790038231
87.12282757092655
87.24666832863534
87.24404524472719
88.5384031424127
86.69163171789424
87.29034395831881
87.11355102667002
87.43853748680692
86.84552753629022
87.31717163764175
88.2733244276162
85.84150642925881
89.2321742764651
85.46290309902932
85.88300800809711
86.75464738594918
86.88731865741087
87.26847258135953
86.08050867115203
87.61208921479307
86.68098947669718
87.34544876464662
87.55426633190015
86.23842957491097
86.7253882948309
86.84214489059686
86.9914850986741
86.17189241170537
85.81736620778658
87.26110233965396
85.91705395978757
87.72024335043733
86.19086443684624
86.56031516309758
85.0962901670469
87.5444988794379
87.69624453837291
87.48578437701525
86.6061420629752
86.27582221027728
85.52025979985974
86.51433537647912
88.72960262746464
86.23722557952436
85.74681100063863
87.44966418336952
85.68466983766804
87.32079585109436
86.64416567857334
87.39117295958876
85.36891210060055
88.38766211005834
87.17456294955116
88.15898703749129
88.17246661292474
86.84662259599199
87.30442145908584
87.95836702185778
85.1811698592654
86.10782195848925
86.13898396435489
88.58922179568701
87.90271967456364
86.07190069966988
88.06010757184438
87.14211947016268
85.6067519427942
87.75920874958555
87.93010221937192
89.17154363725881
88.25793637073106
87.86272439702206
88.25144127954718
86.35261556511648
87.3252422401251
86.71281338629072
87.18689012601092
87.38567556357123
86.08722246712769
84.68986921660768
87.35291305599586
86.84394582989786
85.96309379543945
87.20875811178145
86.8975013686895
86.69902455020225
86.45716993979133
88.4899932508085
87.95737660138398
87.94024371742907
86.5183066355238
86.62115721192846
89.2480479201169
86.15489274152213
87.57086062856554
85.91473482126437
88.96600743766913
87.88512453977658
86.17398618616109
86.56477315921249
87.46324486448252
87.84431596700185
87.46745461927392
87.21402119885396
87.81219684338998
85.91700616415095
86.5792202458194
86.84986970964525
88.18748400759134
86.62901027153069
87.06300127278645
87.16779861434884
87.6468673763365
87.01868273765292
85.95525360673776
86.89622144388883
87.53319106096303
86.24298603598253
86.96013200745433
87.35710201242911
87.27508875212102
86.99695332430225
85.59020683489514
86.78344728895016
86.89051575419973
86.50635041551843
87.13032087614202
87.94094742649924
86.85004388127201
86.87597316031922
87.90753568559875
87.54631935344591
86.49413246839741
88.31250296872498
87.66983608888044
87.36705124085354
88.51952467464143
86.50631140178044
88.97070109729545
84.9312071418758
86.51571750765943
86.60409184539321
87.30910854541358
86.69718083332057
87.87045417104808
88.28873742382362
86.85578577971664
86.58848000910176
88.47816545805628
88.3185821266517
86.3199710828152
85.83355937344734
85.82651052516222
87.37026894035047
87.1792847978332
87.5581448985807
87.19262922441972
87.08459873622347
87.2155233570318
86.54341063648799
87.7709761196837
85.58769227246907
87.579438849496
87.66782332438203
87.43862855629635
86.88144484861195
86.44157396263691
86.27853350672585
87.76886136337347
86.62266909763642
86.94958434251201
88.48629094674375
86.12108203571552
85.54806957187404
85.4582819734599
88.6187168294969
85.77626877315087
86.32415261811038
86.70078643717046
86.46252117941746
86.90361638095322
87.7075361488001
87.09987944917343
87.90321031689602
86.60871514303057
87.43344586184192
87.31251228228687
88.57437246674768
86.77391861219039
85.82563902542499
87.1053424936768
87.8249722320998
85.87607719665243
86.9125579034223
87.99725826005503
87.07077780732106
86.95598984917561
87.43561783251317
87.65544422297381
87.62071673641555
86.87829697109086
86.93899435701061
88.34644669318934
87.58942138757992
87.8682073247324
87.33463273651616
86.83453183427665
86.37748470692372
86.5084994818795
87.06185484820628
86.03255806735575
87.52341119704889
85.5250524136297
87.23175339956416
87.9343289921035
84.43475579599233
86.84438482095648
86.8128514260352
87.09289220266771
87.82910935109985
85.76303717454272
85.72933201390447
85.50461615572604
86.28716370104944
87.48866886551887
87.26501393818509
87.63907981923893
88.80072161749065
85.5924791890766
85.85908187149646
86.65071606369791
87.78820051104363
88.46429301334483
86.781717314435
87.96470765825086
86.04507173114676
87.0928006683145
86.69190078440695
86.01074793437596
87.69476837185152
87.00689615906326
86.83312666716535
86.74314339919769
85.99054552018036
87.94320560220177
87.2801524741381
88.000893231225
87.51390334864597
85.89860323572239
85.98291626976089
86.06721364688171
89.86017961922687
85.47470825040648
86.6037074482691
87.50150429904235
88.34552381499736
87.67873845896936
87.53343938407198
87.44761610909636
87.11694262113792
86.13988809830367
86.32678002816185
87.7731489001809
87.73740953002488
86.38654644513522
86.47831776982666
87.28913228328393
88.28425806005885
86.23306459664968
87.0426580915703
87.28651598397354
86.89255669110277
86.98471821305102
86.3623575266518
86.31250881184141
86.1294635959394
86.99928972970527
87.43590575610975
86.60551444856912
87.05244467364851
88.78658902385921
86.60784678786176
87.52722166579238
87.94394640585311
85.75654653731726
87.85734809293871
86.72385318632747
88.22428905096085
88.18157611137327
86.51105813265582
84.3939424241907
87.20262677652913
85.90210482274249
87.09367540102367
85.13478440214747
87.7342625557111
87.27601595713068
87.5672041759031
87.42165940434812
86.15274620924542
86.58085723061632
85.53714166786536
88.5614330725974
85.26419675953258
85.64565076668332
86.12946678652095
87.6190297779285
86.05846420701238
87.0459932485311
85.3449468028553
85.26694057851614
84.95139669956828
88.97695664463832
86.70837646841774
86.46583772886434
85.34591603256095
87.05465165322876
87.21714403650856
86.15045127757558
86.46123549143998
85.1663399274375
88.50373059788475
86.55624572608154
86.71278003045369
87.48384827024545
86.7966975157564
84.8531865576246
85.34640893759546
88.17246961424786
86.41381557483041
85.71883692444928
87.54484804252623
87.64087981435374
87.57031310903129
87.6843246744414
85.53307799738982
86.31728472339577
83.34482561501702
87.97189142031523
87.27558865669384
87.58810611538271
87.25409919321181
86.96688504961622
87.03705004529016
84.8147502120457
87.04197667182069
86.80149032618505
85.70968987500987
87.54660677391207
86.18491008459641
87.24586048332317
87.74945275586624
87.51871234832912
88.25156448417076
87.08521220540442
87.54470369454583
84.62350613982213
87.03435232358936
88.23849086053268
84.5369629165992
87.24988751886335
85.72919691530802
87.05876614809858
86.72982008551526
87.33073585742163
86.91535080724505
86.55784129095241
87.49918656436947
87.57317437574952
89.047904801056
87.47210996567506
88.08813909167498
88.50086911240972
86.68076608372391
88.18651420884787
87.39403706643058
85.91170640532127
87.21090076860203
86.25749360319551
87.44053660576276
86.78602347214117
85.70111796833932
87.53075631358192
87.01876459295275
87.88660039813466
86.86231653878043
86.93888715635308
88.00015299057333
88.18535169945322
86.95523259870411
86.09785297199872
86.59852771224365
87.33604152065227
88.02190423778723
87.17406470190711
86.69220245371008
86.95577103522481
86.88236347591958
87.0635598448745
88.08091017075935
88.21895319302317
87.69634949193922
86.17779389244207
85.86303675547109
87.76177600147398
85.58333429144447
86.19729522265018
87.10845417389999
85.7643924496619
88.49369065026498
86.3084773955172
86.86002273940701
88.26292397159736
88.25431563608817
86.24641259819488
86.20421558644777
87.15082823582995
86.85134697423413
86.81966335396939
86.16316817338
86.43102342014237
87.02900631022585
88.43001196505061
87.31845288153232
85.58358401896864
84.89259239330532
87.87631772278878
86.33253062186269
85.84634548663337
87.94529185167774
86.05420512673628
86.83054971658274
87.84617032806877
86.01926366363384
87.21295048794937
87.33509880570901
86.80278735584939
85.8984134733405
87.61499469775924
87.27290668143993
86.24989779257655
85.98692494055106
86.33347844158239
85.60737573633992
86.30643178621911
86.71699689378283
86.05859365960484
88.29369469877687
87.01556124899801
87.97837266703961
86.44353729845295
86.49392930590805
88.36644298147993
88.5480218348988
87.63527736288462
85.96656387129202
88.18852744597284
86.30024934102065
85.67845945845386
85.84384166994586
86.91351072177815
87.94850657070694
87.58023344303733
86.85426095993348
85.17083093605693
85.71510990705853
86.27485793173615
88.55583778203174
85.98381578999677
86.51600954664875
86.13121890643811
86.71414598249999
87.40831080427297
86.71310587773485
86.21839167435664
85.92327877107438
87.39313655912203
87.09975203441715
86.88009617027126
88.5646862827081
87.35590441507084
86.93929077695385
85.9061551203945
87.24374160129945
87.2737586822702
85.95462515893357
89.42598841558078
89.08402401690036
87.08701548831844
87.76081131276865
86.33902742075641
86.55232958934926
87.58768495557624
87.99265877396793
87.62860504553998
86.88738527624162
85.83920261426954
87.41948918040819
87.73560970283694
86.77000770134123
86.25533488804508
85.32658979535053
87.11970341720377
85.96612321323052
86.03124729615884
87.10228174816723
86.16198878080147
87.27021079243868
89.11462666753341
87.14929119741993
87.38590140005974
86.35078661925152
87.31809959167364
86.84695743814892
86.74927131522536
85.4750462236517
88.07092481767282
86.76804742959412
88.01380230794199
87.40786592714576
88.74600481273191
86.76748802922324
86.55566290870199
86.57081603768785
87.75682151748914
85.71155599795186
88.26111540229525
87.31895195882697
87.00120620381227
87.7570812970666
87.47098812388099
86.89646474877985
86.93087684654601
85.71025455871705
87.91841981407137
87.69354810689893
86.64141540778263
86.72477073252188
86.25102556165108
88.31418045332683
87.24394969091907
87.42510076728232
88.57831317572396
86.92655606937521
87.05421556340474
87.53720614576564
86.74383856128092
86.38682483142335
87.174784813204
87.07359468735623
87.58761957757767
86.60360032294003
86.55688565091356
88.29378319855343
85.79505681769933
86.68535047373588
87.62481373787912
86.91202323653164
87.12517991035409
87.02217086583615
86.83144270565785
85.80268161131676
86.28322576766377
87.5806549737279
86.54597560001501
87.19254409296784
87.57808042201536
87.53641306210287
87.74700824150975
87.92737735853106
88.99836847634279
87.38217203676089
86.87141925910551
88.29818515580607
87.78774077597464
86.42594647880868
86.40477741612415
86.52004747882653
85.59832572154536
87.23577785731274
86.14320458977889
87.74012909543339
83.93161307331698
85.3764261008149
87.0977226874178
85.68490100415956
86.72934696337501
85.87929678495969
87.09746934120732
86.55337505156706
85.96181593204251
85.48573611191222
84.5606334250038
88.12303202252671
86.71803330718926
88.4637800200217
87.36409137539785
86.37198854318406
84.72944273891771
86.31464270862152
89.21248947667671
88.00068259328349
86.51942661012673
86.5076595737095
85.62347650081463
88.29394658865027
87.54495487502626
87.40466641252162
87.2663125348548
86.01424195522016
87.5520671707694
86.89759497921078
86.50280388213551
87.2011584021832
86.74504163494346
86.54981051146179
87.96974420166944
86.0481791152065
88.64824684974919
86.9918676609729
87.06391342746244
85.87438652916384
85.29481209403606
87.99640806379807
85.82607559487185
88.45277291655282
85.18830146271252
85.27560179395297
86.72943375868552
86.22660947932214
86.6785617064403
87.06816775440898
88.05133044510299
88.48982727847691
85.63353437994635
86.47997753635163
87.88341973378054
85.3755910379579
87.45455952660652
86.79523407213016
85.98339662954342
85.71723659750799
87.60453556142281
86.67070681467821
88.64821230598368
85.33842715649024
85.56114818417383
86.06581965228443
86.10389326130093
86.31349915628952
87.93406540259303
87.47926172183215
85.79957648447831
87.26520807257485
88.14322267933254
86.70713156749899
86.86355757096227
87.25419396476822
87.35432366869914
87.95958325452497
87.04427155987057
87.51655835029564
86.48727852992765
87.81290470719279
86.71741639112219
86.76042997639281
86.21363481486308
86.41667408138889
87.73199621080119
86.9925523623317
86.93539238073559
87.6921038146122
86.457273089325
88.17278084490987
87.61121138116393
87.33809467642838
86.0966170076477
87.2430040768173
87.70240435307899
88.11116536128878
86.87614696315836
86.46088649756865
88.19958424258526
86.14850412414421
86.37184933220792
87.57350219114198
87.48851748623356
86.39571468168516
87.37133941496401
87.63352472649169
88.48919864928548
84.586543357471
87.50950626814544
87.17194358685178
86.82103821710193
87.00455208099845
87.90305739719933
85.41974744545368
85.55895688655801
85.37517867172988
87.06812024398971
86.05847743026139
87.51251952670623
88.50443207337575
86.0723584559724
86.98722324354863
86.81574158216971
86.58543858161865
86.9294387371242
87.85514018862568
85.85930572555678
87.05185732815757
87.79892134104742
86.83380182790447
86.68912953292111
87.30381329324216
87.07369406663588
86.11535343686707
86.34790375668096
85.89746862247542
87.54206814947182
86.62936510349874
87.6124284941775
88.00603636639457
87.75305923613789
87.51691530463238
87.70630484754437
86.22209133325106
86.30817449879802
86.98375864744165
86.74388834300656
86.78546505724236
87.28666950085379
85.91334565118215
86.73850898959694
87.80122228367685
87.53268772997377
87.47506395993096
87.79700343304386
85.87562071303049
86.38341857734508
86.47551957729479
86.10305248676622
86.94327009273564
87.80188421489325
86.44796708464237
86.61724398090112
87.79038830270461
88.21830222047956
87.05485706714241
87.46407717389164
87.12111459170487
86.94893425516781
86.3758272258463
87.56922007877593
85.54594760449429
87.00320707488638
87.75450841594169
86.89888269772067
88.65011970259503
87.34702413931328
86.9444977383846
87.29640041752053
88.07237478571739
86.51795226204464
85.0309486328659
86.33728555421423
87.46796327307734
87.43258702144966
86.82081867151587
86.24949351970488
86.9999020303094
86.45462615620676
86.62790241952058
86.80491021005403
84.64222335148025
86.63967932148596
86.38057582681672
87.28371549262064
87.14988130831661
88.48981386825616
85.80803276649445
85.29910584264982
87.02563622701454
88.83105061403161
87.17656571305999
87.15096043534002
85.79119962656043
85.45434765532696
87.4157313999961
86.80482715325627
87.55758565944203
86.30465509187955
86.04047812167406
88.31005879732582
86.70906694836225
85.55722992002353
87.19880944927893
88.08363986406621
87.34723105118469
87.77981790297812
89.19277146659618
87.53540961318957
87.16257881038733
86.67428030496175
87.47525931702774
86.41768803679066
86.3692058255059
86.15535467450886
86.59247808774677
86.78719890451309
88.25384541462917
86.61587343085627
86.92551216941972
87.25267987702988
86.25123932994964
87.01917866498782
86.9217726982408
87.81250007415247
87.12710445306845
88.22560343993052
87.50620333046045
87.71641825191506
86.30945882742436
86.95536269902227
87.29926935126227
87.92495511643283
87.8226950620266
88.5326095992962
87.05846682746822
88.22173821662973
86.6880837538663
87.91549644540358
87.51963325698395
89.15121676611867
86.85072928976962
85.80521331219622
86.8653746380448
86.74235856967962
88.77418634044092
86.64530581618536
85.81102398119305
85.24325217480637
86.70865595283885
87.37496574700516
88.1550532245229
86.44820490304348
87.5765838879325
85.8428728053439
85.30739197957931
88.34780321487528
85.84528765478872
86.78332057514025
87.80691323385683
87.02468939185586
88.10133419272279
87.68053063139942
85.5582645343318
87.67627962420687
86.91151174656639
88.04549954262586
88.52985354949271
85.23833969131611
87.3478491191357
86.51658131963939
85.57642842615947
88.01313786240809
86.44714609482779
87.76320800254892
87.21375549997325
86.92653198151747
86.23844178448194
88.59468097243841
87.010584674379
86.15226678954177
86.46847272513094
87.14170228864349
88.09705296713334
87.65864269629718
86.3689898439158
88.11837268605562
88.01788826210357
86.04419782458073
85.64406215058034
87.49816454454215
85.77946617968536
89.3912398391103
86.45495415254126
86.05960204218815
86.54455477071487
87.97941132494007
87.6129972862933
86.12146811479977
88.31541813147348
88.49037833680282
86.88224369305283
85.97870820241127
86.61611606264053
86.60324593318249
87.12881737300467
86.68521384582357
87.19233892692338
88.4705475190644
87.13162263181738
86.77116342209251
87.3583202703931
86.82719083350652
86.34728671833254
87.00640826604639
87.81144434453313
87.11186296251908
86.02446214236708
86.25339436152066
86.75061024232208
86.54175168137198
87.73011218711095
87.15968452189622
87.72344531112495
85.53755492251423
86.93869621748642
86.73315179916533
87.15721724486065
85.79149193621156
86.47817077250296
87.21400431765977
85.33434087281147
87.75293806010313
87.16810146572472
85.50091366694197
84.93048035365409
86.53147456126592
87.11212501060668
86.89259375607166
87.59051584690563
87.8431797604842
85.53593716622292
86.69506827969407
84.65400519987642
86.89256428852924
88.45718986924736
87.22388695538451
86.01667086860581
87.05084585529484
86.98815184823138
87.28012085766379
86.80068823815762
86.45373590342122
87.32391815488891
88.22745415112243
87.2463159677505
86.81245864801274
87.34302163215297
85.20220661430466
86.35213850194746
86.88925530640856
86.41100522240507
86.80816429291585
86.52827566951474
87.31756857492145
87.74459201582691
86.72022351070868
86.66526176242022
86.84298426647798
87.3948084857598
86.54557476316266
86.67062572435212
87.4741965020329
87.74761701088659
85.74603482468584
87.35069058532065
87.4333303161326
86.29203604637904
87.01921297459566
85.17040260650911
87.16448181365088
86.32045444639283
86.63990636342291
87.49219041112242
88.63330268381554
86.36259088302737
87.72544093864956
87.27876591210249
86.4936273524404
86.59093590138613
87.87796753382673
87.14223671790764
88.45881030492464
86.29753731060687
85.3807674815287
87.88219549473395
86.88599713355921
86.61399925570035
85.87983493795784
88.34034828155197
86.89689080502785
86.6302933811498
86.56897355540006
86.58472441993436
87.26999991216594
86.74007874929234
86.5118737482731
86.58367302616617
87.42010114051844
87.39305458621
87.05230921268534
87.3456245142974
87.52657301913716
86.52403214148806
88.04782060214964
88.21741846789642
86.64263565095762
86.45716251324706
86.44121265324388
86.36049640908203
86.36058578790417
88.38255704464838
87.51386948305387
87.0483906718927
85.28177743910514
87.00120118626945
87.72681668717307
86.51471066895824
86.19892168965698
86.79409300803073
87.61326628706078
85.13286418502814
87.31145282373221
87.64230691656228
88.66055491429981
86.24919381377438
88.56848557558992
87.01058399696996
87.93952195530538
85.40466870862952
85.99282720432932
85.92048367576145
85.01293809818092
87.22247597345591
85.97097218208503
87.70860015411571
87.7360979427369
86.96319749606751
86.61372323517448
85.81738928537744
87.47408639589733
86.690965650384
85.70378099688179
86.17827484249821
86.90085570136466
86.26032960488182
85.90050458786433
87.35649468312808
88.15068940358768
85.7655257094438
88.05004932248285
86.8654836307698
87.90667605306322
87.39996506673664
87.24803515611606
86.97893467566149
87.26249328282591
86.58011527905292
87.05892278582094
86.60754623979903
87.8649553401912
88.4844847575028
87.27037567082499
88.0149625828554
86.033601472636
85.8415537705699
87.25928615713171
89.0726521354453
86.60179801814077
86.01577719170447
86.10814649799974
85.65903473379726
88.26586951352891
88.1830782461956
87.71510127160272
86.72618746244945
87.57547634099345
89.38895826062729
87.57138322001661
87.82231558111219
87.41651895815315
87.65081321146309
85.75118484660209
87.41780609731926
86.49207335385874
88.08666808436837
84.56038881819399
85.91564432124349
86.56512914088857
86.52978854999472
88.29054549687966
87.37346627411445
87.23331381757622
88.04408113665349
87.26644369665426
87.1907497358758
86.59881258172881
87.14313387819597
87.02051888516878
87.30598857283933
86.01389939900749
85.88379136537972
87.31972949145221
88.04137596766626
87.74180981249846
87.41808891260958
87.15139059653555
87.18688026369344
87.59348074018112
86.58541235711978
88.02981941811485
87.21462372448023
87.88499574293664
86.97933526996715
87.38999194382158
87.69422356672673
86.2861890588962
87.24064333977775
86.53540224649475
88.30102645650908
87.46091613920056
87.28526322981169
86.80952107125408
86.47452080620874
86.23826453183447
87.7265184674004
86.00136350370614
87.07403825603856
86.13696697306344
87.96641234736549
87.14383644176428
87.20257693414149
87.66246653314512
86.42417416362696
86.34998592698739
88.45454140442547
87.51872494444754
86.98126158156644
89.90173355908891
85.72314451017736
86.36035039753827
87.39817065912403
85.21415560345291
87.4427091807893
88.06303926189145
87.48711958335834
86.53386522773373
85.56564571098183
86.13629735002955
86.22840157222359
88.62741489436847
85.4176522723621
86.84705560445434
87.18325257583314
86.80698646110116
86.66377286481534
85.93204700970611
87.09631970145405
86.28058901410594
86.57418781347826
86.37156063641778
84.37569888009455
88.18885539813145
86.16174753720162
87.17802681616283
87.00983820370087
86.99111305196118
88.24110739367842
86.36908468841676
87.4561072030669
85.33983260839453
87.82308449173345
86.83390819350349
86.61930211917785
87.32619166449908
85.7590629450672
85.77677621706881
88.20576596550868
87.27022346415959
86.21078384936992
87.51842369624003
85.72865585061028
87.45804862864917
86.14912882561568
87.87985123881131
85.31350820805724
87.21188649896783
87.59285807742228
86.32579998890209
88.87401968958716
88.60625607978555
88.01766043017751
84.5435432966817
87.8194576155547
86.68579089800706
87.15225973296474
87.0173461097178
86.05903843799072
88.19911542918001
85.2173604381276
86.06352858626357
87.47176913578059
85.64397072540642
87.49863075488335
87.62667157644036
87.34777692231296
87.15933651857065
86.68646673808718
86.72666911540661
86.91152974573646
89.16617699845222
87.93712807148626
87.3966593517726
85.38903389662671
87.72800064753365
86.1258001343265
87.13274927086216
86.3632928769903
87.23010982471565
86.35259949624029
87.01467748683868
87.46167298085167
86.11010748197864
89.13851371472597
86.92640814642674
88.07337836370208
87.90400586267289
85.95024467880855
85.69919497523233
86.40980319841822
87.30402097185011
86.83667397205654
87.05841563888765
87.23504578998063
86.8689267381829
86.8458947929866
86.09929815439928
86.61185668548136
87.01788406307654
88.72022082668873
86.89107674127928
86.26131251073618
86.10429130960335
88.22190796096814
86.95581982343666
89.16406948668794
87.09209220687576
87.24128166537821
85.32615508308356
87.74177856987156
88.36324378534881
86.9791368699509
86.29061097991983
86.87125851125667
87.27087582234947
88.37765606972405
86.0802011051488
87.11089355441501
87.05323664847938
88.26595671521426
87.39763089429795
85.88072784021931
86.74448881996588
86.0142631134181
85.8805525134914
86.37507863426818
88.35783763998408
85.5220469872822
85.2609991326213
88.29565866631201
87.26400333036293
86.43845764974127
87.68101715188882
88.5146593414119
87.30668926367494
85.50092621155638
87.26749739445852
86.72436019166301
87.04639550327474
86.1344242716809
87.46123074045084
86.4366289074311
87.6025839941831
86.63639963447721
86.27251047111555
86.33403401394382
84.34343961209296
85.80595718026824
87.01963730869795
86.89594658301667
86.6294935731411
86.10909944749164
86.64479936714959
87.38169859650473
86.32663781376259
88.57533634849281
87.97692666699959
86.07093881880523
87.03504642735645
86.81430476175214
88.01476022973965
86.0883176389573
87.20130079463983
87.28980501305202
88.34824395534667
86.88157146223936
87.9792458785214
87.05407003799304
87.86506683340995
86.08244414087555
86.70633547272571
85.91468460680328
87.04283960857349
85.36619499682911
87.6815847128718
87.86185164174071
85.68036244171222
85.51622713300395
88.35017963676991
87.03413027684029
87.6780265722553
86.83393613872629
87.20832037295897
86.85048320669956
86.78822483277462
87.07413688956392
86.76249294906181
86.75289683762092
