87.59519975570295
86.4145329858823
86.45781526960778
87.55374282275076
86.32595938423644
86.8653107090124
86.46627981133273
86.2309010121367
87.61902175384326
87.25086405523584
86.84044921086542
87.45690284941941
86.47345335455985
87.68183701979608
87.06734396350846
88.48718125076022
85.24280669445608
88.4851081649634
87.22839801790053
85.48297471283645
88.05797023441893
85.77349880722979
85.66829583216487
86.5659314040205
88.85155689628613
88.06343956963812
87.52195126373401
87.96019692582854
86.4940297019157
88.05166146640235
86.19528722821745
86.87549174656306
86.9662078487499
87.26815015805329
86.42033195676586
87.77436764861136
88.94567549871905
87.61720532225138
86.00334808962076
87.37358094338285
86.68498197669086
86.50717547136111
87.40277679732242
89.15486966565034
86.73956676981321
88.24512705403035
87.04079376849428
86.08532931715285
86.86276352299063
86.56939872071585
84.85437757815806
86.56794936382771
87.16063498027714
86.0838896196434
86.84068110482757
87.47709760845675
84.39483048975276
86.55372141656868
87.87591412738477
87.25885625046195
86.7226805058837
86.57984502797461
86.85159567120782
86.11036181546625
86.54910283837368
86.27250799509436
86.85414552993574
86.12121628014073
86.82828689878764
85.98896545266645
86.1104879447051
86.04080390352203
87.44867465819345
86.28268428984498
86.13941707071328
85.88801934594346
87.21266464926644
87.12684632737741
86.50791325236203
85.8664530791147
88.0572691037406
86.87787980589445
87.37363639158139
87.66585321306056
86.76823521776936
88.34518460859525
87.50439194057759
87.33091381570371
86.60770563607508
87.23469246923142
86.4536715837424
86.80098588576195
86.23208219347491
87.3481163180621
87.00197894517845
87.05109989690362
86.49820324571252
87.17444078535195
88.40205570016694
87.40701022397302
86.67171103034721
87.52215088210139
87.76909458630476
86.61137497634203
86.88335041378
86.41975462702499
86.0311801803696
86.10541040890833
87.08718690062919
86.55825821216777
86.26878700264405
87.18839973022055
88.3351079326207
86.97806500005011
88.36213674681049
88.0939905799057
87.41630645150393
86.06499757375603
86.16598024053513
85.86614286051426
87.5236680531396
87.98499169614551
86.3786612610322
87.2890387693221
86.41628961025503
88.15828081450432
86.49542371238938
88.66809546407559
88.05034989794905
88.0048641430652
86.91652031842773
86.90615504410914
86.52768096662761
87.55436601143747
86.25414232445547
86.60889103422143
87.51891453054773
86.99307574637731
86.93288581935853
87.1109568074453
87.72680701885238
86.29081550934534
86.762566825727
85.38058661490373
86.8930533629086
88.55605452395686
86.87154473845159
86.06342243417131
86.2980706101566
85.65645389871878
86.9462341502046
86.83344348257273
86.28868718319767
87.51976075041158
86.74331256662117
86.96877371969006
85.2813816351465
87.17843435060458
86.74217682665841
86.09430733476437
86.28675298285143
87.54007554473333
86.51053982251229
86.066481968141
86.97075045552337
87.6772130267635
85.56276498131379
87.00141917700014
86.13833154078765
86.30001297649048
86.26047254564314
87.29088277708584
87.32324793873742
86.52881806238297
87.44877767505434
87.0963412391094
85.50555149530452
86.94651388808094
86.94047078325927
88.05565307747555
86.93362279424062
85.9638245917767
86.87478798094533
87.77748742254887
87.1774419101456
86.90779709830434
88.0884141224651
86.51488610458028
87.41674003051234
87.4794197805974
87.2397264775746
86.80046010346369
86.48450738177593
86.95183495164066
87.87726339081337
87.7673976172645
86.84677892306529
86.39243933982405
85.62965282315024
87.55793059160699
86.55468254133717
88.18309877737549
87.38085577044258
87.15637511896693
86.33131203468362
87.15293235614769
87.4851518798396
85.99471381648718
87.8943103947953
86.3808556299223
86.98259839626294
86.23781501170542
87.44174167801549
86.75264177865421
86.2438746918101
86.89115836932908
86.83959651385554
87.40542325857075
87.08983952147967
88.06706510444778
87.53798222947846
86.32449835630536
88.57966270196745
87.74965898990293
86.2834935094609
88.30209203591579
87.26929537388877
88.28479010174823
87.15509724410931
87.5692735982093
88.08902146845377
87.3968386871707
86.11115787101404
86.82927054320166
87.08531644119127
87.40751194054202
89.25704377590242
87.0758496169832
86.63770401504813
87.21707679820054
87.21198791378262
86.50369984520148
86.49492861892355
86.90948204325028
87.17004789331614
86.38907986805343
85.58657052847555
85.01783577920474
86.06490143488756
87.49287412137512
85.9961774179143
86.6755931639009
88.15173831586326
86.36644434514866
86.19818046304304
88.53127289328172
87.13719918679573
85.77462665581783
87.78682434338478
88.1917133430598
87.38448070058504
86.64550959416054
84.9945864094005
86.34275765629171
86.20811678589693
86.52640074285388
86.87903684684969
85.70211651055072
87.53587690072746
87.56816746495032
87.24965337030474
87.62842394779962
86.51243334562473
87.1930974728644
86.62985417127766
87.41511476681305
86.93125826698517
87.47508246542513
87.1412336349345
87.44475175453142
87.95003519735054
87.07995226388213
86.79714787789885
87.46359675470002
88.15339945402928
86.77191102648978
87.32487559649607
87.68461370590096
87.25903719928425
86.44731488009377
86.68749804857501
85.75192556259648
86.33990618265938
86.60064748878071
86.29586310257615
86.49270814675475
86.28856401175796
86.23973839740044
86.83100055799038
86.42311025951439
87.39621903779063
87.80802647847639
87.8628262900532
86.78652241986693
85.2829462113592
87.34598501896203
87.10788338709422
86.65220391236238
87.06900934759706
86.3674194089363
87.14266213775524
86.82074854184783
87.4883157536378
87.85562537824663
87.33920770969411
87.86821396447995
86.2399619056806
87.35422235520153
87.09450971631586
87.56560640545102
86.76912261501172
86.85619540064914
87.1617810459131
85.57723947997047
87.81818982369136
87.32306157540243
86.96810743439427
86.99304605291935
87.22566952892448
87.26508900631117
86.81886834363773
86.03212070980311
85.86417147447962
88.32438670448353
88.0073618260344
87.223718961235
87.29104285740969
86.97801676766865
87.67971517512134
88.67984135101693
86.53886851663154
85.41324827719984
86.87152565575816
88.45398031767826
86.49075533944394
86.47833647467189
87.18464949624895
86.83079620680465
86.60438702073674
87.41383128235655
87.69994410891694
86.69725863955242
87.55026239084086
87.08762093313567
85.64756755730342
87.64019848554236
86.9700395839754
87.26855147518391
88.45392618719018
87.18634943549256
87.62961823350008
86.11792163838007
87.26228064267421
86.34667679719263
85.81913016369367
87.77041731645087
86.16147202521474
87.19719169182594
85.76489198920954
85.89660930900753
87.98104047294585
87.22905837745002
87.10694951121245
87.19256099733772
87.98639292031757
87.62698362758007
86.27911263486789
87.46262534211078
86.63954837219198
86.30755551012741
87.70111296605455
87.13621502131495
86.95701647465384
86.89602759759698
86.63332815687055
87.53644281462309
86.75204718493639
85.62821196776476
86.61111193965243
85.94764424866592
86.50221019636584
87.1146298189256
85.75888985683204
87.97325388359876
86.05193326825957
87.46677631354326
87.24376326509943
86.96948569503792
86.24673956710674
87.53722418919959
88.28216040185544
87.11661272863924
86.08594646526407
86.79699470199827
88.24359520769417
86.55637870080362
86.58486551164364
86.32250994151431
87.0225866068757
86.41936140674655
87.26435335581596
86.27630623886473
87.88045389705701
87.2278797446347
85.74591947739468
85.71896407688779
87.31897130405892
86.92285591604899
87.51534588980343
86.87521789469982
87.44475152110253
86.88500624598423
88.42726963364947
87.05086552882337
86.95979768336332
87.07961718859842
87.76649145267626
86.74337648578673
87.97922996000793
88.60193776277735
87.26558269832755
86.53774836472758
85.16535701153971
85.15388636472768
86.66455442810472
86.63511688754686
86.143772332325
85.88120200907608
87.09390535994983
87.14845806474366
87.21038108780719
87.45955646542004
86.27275406828134
87.87291024338853
85.89259384083603
87.49551754562155
86.92783311914323
88.88194491866201
87.76949428974426
86.93948230276315
87.38084988757073
87.20656264994437
86.21399425311493
87.25795128717779
86.13328906775459
87.39026688833044
88.65813886321754
86.58888186919584
87.98010541407106
87.87331879146014
86.79723827786263
86.63540856350566
86.47872570125998
86.58214193980669
86.57265145566451
86.0668186173839
86.98431374263934
87.36523287971164
87.20925704968649
86.88880664083412
87.60833718956353
86.83389483367434
86.31366270846776
86.6280487972218
86.77899093825694
86.40429946627158
86.85533173525187
85.93424171935962
86.14175798191026
86.18109892787018
85.36522605182596
85.42006808961675
87.47922609911015
86.44775524038647
86.58629619046019
86.31750256843473
87.46203811624324
87.36082624393727
86.22803488914987
87.76951051788797
86.33221760413248
86.73198574590617
86.14788811307383
87.40839715570883
88.18137546312359
86.34139121514765
86.92803469386095
85.54392379784504
87.49804703457629
86.18731298388863
86.63965267297908
86.79348460661393
86.48515806231055
86.05043622297677
86.47848586381444
87.30638507086825
88.02047755813867
86.31187555029899
85.98155063470155
88.78686014793783
85.70851968575707
87.4299770598447
87.16478614707482
85.55134477989107
85.34086878367506
86.17587087830928
85.25452773267035
85.58673730078968
87.82837874109656
86.91134902393019
87.43684815269671
87.36757512420364
87.52193806276837
86.44767350754664
86.93709346074672
86.99331103655477
87.67190350414344
86.98665094619831
85.41784297382985
86.90635171163655
87.14597887958521
86.33903256024352
86.4125775601237
86.81192003182679
87.71693136121874
85.69854175082195
86.0452412294426
84.6502985079727
87.40528209983265
85.96298849150205
86.81036410491008
87.50266018974091
86.9525136992413
87.91517798711848
85.75876069389837
87.39714182651213
87.1457963017685
86.84055659644183
85.89757458462633
86.84366419391196
85.68808174861275
87.78620919660182
86.71382446866534
86.79751792135316
86.63722460852075
86.63217026410832
87.79024256228787
87.0894067706334
87.10622755192051
87.59302882102372
86.23170281839383
87.1528926277765
86.9006438983432
88.01221071936843
87.22659003916364
85.68620978563725
88.07998458780187
86.08852839257604
86.84674065538394
86.69103677651539
87.37303189777957
87.19450381649494
87.73448568111247
85.70483377205636
86.27985067283718
88.35065212744358
86.7028121745081
87.3866680231248
86.97024172731285
88.75181766119482
86.32990745361538
85.13834373444412
86.7379684280723
86.19759392452015
88.69854192398564
87.13102002113426
86.20867138244868
86.20413047086947
86.92424676311715
86.77735574878298
87.71908080748149
88.4396883687241
87.02830123121943
86.75645466688327
87.29568338485232
87.70971742245432
86.45178041951827
86.02639556766522
87.59184235094634
87.5403382806572
86.63418351930095
86.05788231408219
85.09146820852763
87.09071556857796
86.40796690818034
87.29424389709821
87.30971006051482
86.71759447850086
85.20924973024366
85.78071505632724
87.27620437291766
86.29094277527825
87.51486366736366
86.72825603946706
87.0419513606872
87.09633025603861
86.00569225428153
86.73136194320021
86.72520189062439
87.37849319636362
87.63106880393165
86.44894940180934
86.54162633315153
86.99625208074268
86.36893977253108
87.34125190790787
86.50021262297949
86.31895072461863
86.21742749861674
86.34717943948387
86.03599575271753
87.46117023736298
87.02660332254219
86.7737155365193
87.00459187223184
86.3106175093244
86.29647307915987
86.05083240770796
85.63125727326843
86.23916714005482
88.58178266799794
87.94084152897585
86.36495801910874
87.2370956380077
88.33968775089164
87.69482677212646
87.01516007022184
86.80914470367576
87.34976047879651
85.46096736086533
87.54603913488451
88.23716563883852
87.17010139673788
86.86333651911521
87.48418221780743
87.09606912611412
86.61652758302561
86.92663004329573
87.5680092619496
87.28668583024768
87.24716635264065
86.85787779385709
87.4201741074822
87.54809251851196
88.85540302772193
85.55442554486442
87.61950379925034
85.68651192592583
87.31166736361983
85.21129947181448
86.95492778484872
87.61185940505736
87.59125940972464
88.18720076429547
87.03093802939804
86.88800975201933
85.735783833782
87.54091321540933
87.22749204556673
87.66067870569522
87.37337786057095
85.644124479169
87.08941315989446
87.7715170230714
86.59416303592467
85.96364353978593
86.40783492335946
87.14165601912124
87.14182447462564
88.01003371929482
87.5214422145767
86.33934000522868
86.19893126880083
87.68410893882478
87.84729044319948
87.49262584631262
86.66022836999849
87.40835268320347
87.85944155698539
87.14379284012298
87.46993705604616
88.29537565482657
87.02003009735911
86.48796771798108
86.99478020543808
87.2330142292655
86.77076958480573
86.29431158560159
85.0813008249075
86.94858050878751
87.04234817217244
86.69031599622807
87.63195034732684
87.0536122825899
86.93348581206152
88.35295498597655
88.28045501419048
85.83559825163101
86.96684567608483
88.02521621421295
88.06549433191093
88.33539513672004
85.7698813519049
86.89186228254032
86.16656676569906
86.72658694135689
86.54784997056865
86.43160361484726
87.0119702720387
86.03746123983812
87.07616213771945
87.18606643032733
86.14149893953378
87.76855396883826
86.70626157026288
86.68028076914219
85.13857075218152
85.68526466874594
87.9282464771429
86.09425883459875
86.44927581997523
86.62625013009664
86.85561197231242
88.08835237679207
88.39524385620888
87.86679154815764
87.45024145773772
87.69861732383151
87.31963061533806
86.79877326056832
86.2774132671702
87.40546583325471
87.59231255317574
87.35585381789855
88.17296036608064
86.75748852540772
86.98943816801544
86.37601814572953
86.88883323256735
86.55746653504191
85.51592392644412
86.01360006236875
85.01594913948009
87.09181628815574
87.0972387201129
85.96495482857902
88.27742508995344
86.66087823453063
86.993348599356
87.08338392375622
85.54934689466255
88.09322150252298
87.48954453092031
87.61572919828012
87.31732506035127
85.17947322041128
85.3454128296773
87.66927270984851
87.3639916936344
86.94487144621613
86.56384754000139
86.43812324354768
87.0648859767622
87.08006587948813
86.37380269758764
87.81133035859406
86.03061288755408
85.97640020528489
87.77694420131886
86.97101140927688
85.57896513469981
86.03429290372266
86.88041493827532
87.17187458564747
86.75917372668381
87.10314337224557
87.595108449925
87.11919099484504
87.71731386809043
87.3263150494985
88.10482898066869
86.43536564630894
86.0999379132675
87.55822086527543
86.1832485558719
87.35222086351372
86.74661892317796
87.10958145328362
87.90921358707574
86.07790685233624
85.795280306579
86.84561732687364
87.23690416800383
86.72323288959133
85.8064654199975
86.90662088701035
87.31847293239082
87.19831308638963
85.87224158179217
86.46912431237966
85.91069244726266
85.87159797519665
86.51567179015437
86.04057427951561
87.09769839276288
86.31125928992434
86.56043749291571
87.1581893381215
87.44182840381858
85.75722793165842
87.23041909877732
87.36594301447958
87.14930870212989
86.04561643313626
87.44439878571768
86.34435212859418
87.93906115778442
86.5713713222967
87.16356673263863
86.39187384717731
86.79307658154596
87.37054255391934
86.99144598505538
87.11034311326759
87.00208562989297
87.73346348237695
86.37263420403427
85.95779950821824
87.18812234800365
87.16259458461347
85.64673467930521
87.6290533154311
86.84405680673079
86.29567717827278
85.69710617228536
87.50312159792603
85.87005588910019
86.78452793559879
88.30973199989496
86.54166375852108
86.17194598293159
87.12059876997196
87.62145853582952
87.908282474341
86.60153052343999
87.07022060218759
86.74112771090527
88.66894944044884
86.64105106399819
87.76279380517892
86.44051081736986
86.52452503223797
87.9524087534958
86.98770584980508
86.96995138642379
86.85414563158831
86.8983479268951
87.14392575970119
87.11490359552771
86.25519286063498
86.98257362672852
86.00864533013477
85.09420436771899
85.84286549994357
86.04348696613995
86.71907810104624
87.53073991903027
87.3781507397953
87.14887021479542
87.36592416756855
85.61183952741432
86.97250470616548
86.37392522571137
87.27332925987373
86.46721011745113
86.38633693164358
85.10364735201193
87.86887825883466
85.96818592987407
86.15136598049213
85.78862063707228
87.59545330315045
87.25419530247547
87.40951134441389
87.56857072970458
87.56589232151886
86.86814133493333
87.29911669086572
88.081422733705
86.82270652763052
87.43745322248236
87.33052480818569
87.39085938127182
85.73828968734216
86.03357988913277
86.55070715052284
85.30895937715302
87.85240576288165
85.3697980218203
85.63290206162493
87.27669860269934
87.23331642748248
87.12323756304468
87.56533395376334
86.58651621953668
86.62644318800264
87.37424559755355
85.65274799481313
86.36714439483613
87.8472355836301
87.49400535593131
87.05842955219316
86.44280501637499
87.52170288964857
87.12416080920964
86.68626345748984
85.858635911629
87.23026196858481
86.4912542765499
87.18670884412899
87.53846493100232
87.96449540474957
87.04377204775409
86.60130747141393
86.13575742347663
87.05665442041112
87.32260302928191
88.46336718575746
87.45319941485786
86.714688081369
88.03867252537647
87.37317013933902
86.52435088316405
87.14306953181595
88.5689165152954
86.33762102571062
87.42363084047618
86.10422119282894
87.70462921878384
87.5827206264432
86.5834971145967
86.49275614947148
88.18843875194831
87.2619540882159
86.48651608476159
87.10835258648628
87.39390199668387
86.26034418345397
86.75354319860324
86.06279529163359
86.29450753413758
86.90256777704079
86.16165554798569
87.32396020100947
86.64908747603309
87.37620002350285
88.08701856875409
86.15227712053208
86.48371827667037
85.9904390923659
87.16597485901745
88.40488018619105
85.45927088971598
86.3157253259463
86.82151089616441
87.031160350823
87.08186858061369
87.13706343332059
86.87749514265643
85.46929151770759
87.06843761166004
87.23795745029278
87.42005958219856
86.27243282228545
86.94130362830431
87.54146228261459
87.5272471437754
86.86939275570576
88.0834586599164
86.4363687980603
86.78258120215554
86.67948839176474
86.24841437977516
88.0790092268643
86.29865799560312
86.64995353855849
86.41595134518269
86.48712887430092
86.72657975178535
86.30364513471247
88.3379930573487
88.70601289188735
87.13753127403567
86.37898286011672
86.64379973482338
86.33333187947963
86.73055675183305
87.47669083503304
86.85828287357556
86.0275701149905
86.38333416867805
86.5730933929684
87.77323107734435
87.21156809552463
87.01743567514987
86.9851360032396
86.4970633314427
85.69860508605923
86.23407250589219
87.227549838964
88.06330574447291
87.484246656092
87.19937718574225
85.8427579628544
86.46078769904994
86.33259586361983
88.8553129683401
86.10182798695662
87.17877454886622
86.72898175473846
87.31166681344496
86.00676080692715
86.71524192492733
86.93340037365913
87.21187923169882
85.5355872503121
87.75029308585282
86.42341407906581
86.93970709276692
86.12568425443673
86.75579080426577
87.33634101062337
87.81536203982604
86.1734942049572
86.55971956666771
86.2779511084821
85.75457127566749
86.57583597065512
86.28783711633419
87.8363153035624
85.54455758126545
86.96570900431942
85.7213266748217
86.25397599668108
86.86821070217181
87.51758778180815
86.63561112870505
87.25577131591642
87.65484637567867
88.49308197443268
86.37845452932831
87.63859824630758
88.10135721239644
86.46228316441048
86.41891275265468
86.85091949279186
86.15826565261227
86.91945309662918
85.98070732387156
87.23349231710895
86.69420249330821
86.58441506349087
87.61114235157362
85.35364278312348
85.90080200328454
87.60887445193438
86.9563063089186
86.91313481452728
85.89087183502734
85.73258132235635
87.26994394134539
87.66527025771184
85.68497710048612
87.59147711358005
86.37363619072151
85.8312596578937
86.41149264915968
85.825993307458
86.02886011190415
86.82703012451971
86.69735406912373
86.52654276559024
87.61456627337246
87.8404358690133
86.79095701543487
86.69499504251208
85.5643600377982
86.24912539701741
86.87699889268251
87.4149440006583
84.8460148132838
89.22130263546485
87.62624626978669
87.28124008180156
86.50961615541631
87.23907307500318
86.15831986626775
87.08655192320879
87.87553795360635
86.46543503477963
86.4981704375428
87.63384966311433
85.99403281649113
86.92983580166062
86.41411567163638
86.49824522824619
86.75790787415528
87.11733301642715
86.25015660308682
86.01913969992582
86.53002499596455
87.1450963643619
85.80189470348812
86.7642536443801
84.43119091558499
86.3268320652074
85.93216766448839
85.93648797521092
86.7808490938389
87.12908901265526
87.63627981277556
86.32693509038201
86.28208451651082
88.63045502150841
87.64005632705472
88.02140645277237
88.01899053253946
87.35472672032661
87.7317451361123
86.63415735371241
87.34027443143329
88.81056608545568
86.85768299417423
86.98641410599475
86.65788361325383
87.83955094084759
86.31338269342568
86.31713314499038
86.95367728924558
87.0776419764707
87.52254135414186
86.97223905029293
86.43177351080297
85.89611844248864
87.51515218630826
86.16742300727161
86.75579854344706
88.19399023614098
86.96869785703598
86.20247639780801
87.44929212753661
86.55031939291219
87.50824226692649
88.45819563266402
87.57597036890553
87.73819426202344
86.6760676277658
87.01065738539508
84.88577248323826
86.32478232410291
86.08010682515248
87.66776142054827
86.98222297367326
87.61541131168244
86.91325793941769
87.72550543535422
87.0633036548157
85.0531615156498
86.7505621567653
85.91890439520893
87.51520255659533
85.56152096955826
86.11429739227131
87.40123910949693
87.7865698238404
87.06402230412998
86.69306886502625
87.17073056666132
87.81329336060583
83.74593208491349
87.81645832545787
86.49260007281954
86.8979230161363
87.13910884132635
87.31817549006179
88.29619106184816
87.79370284763323
88.02140695022618
86.97172712937686
86.29427830843223
86.13381035876645
86.4328582496455
87.81936817818101
88.20299699269427
87.43177026973855
85.80320214334178
86.30846154661396
86.73635084583998
87.35221005355079
87.92640485856838
85.08307366146332
87.77484506646061
85.80486801975252
87.14025179155102
86.81999590332418
87.25832813095091
87.8975374641238
86.56070441227631
87.86559824747351
86.8239128463399
86.44081147033809
87.55946815132141
87.68068772891127
88.12441754227694
86.61995968667411
86.25383336010695
87.39481230633363
86.65995408899353
86.13044396697369
86.65484687920703
86.95139259944101
87.92401010068252
87.15545604141694
86.4953930121993
87.0532431509467
86.1698653534621
86.59324777657856
86.34435347659168
85.7061862840853
86.64300081476442
86.68756212808513
87.14565537499142
87.38998139962588
86.56748709367211
86.33183103394829
87.76983761553123
86.9346437269585
85.58534138867233
86.2816526754501
87.44327396538941
86.50810857488229
85.95145315030352
87.55702783823206
87.77580262127826
87.31264830101834
87.3729411801559
86.87428928063008
87.65626792243022
84.96202337040398
86.61080623528632
83.78533573184225
87.14145691722433
85.65774852434663
87.97410684505724
86.87211485576888
86.54586228056124
87.51467624391202
88.05493667407313
88.47839649122857
87.04183640699708
86.02992730786261
85.89296965464322
87.70643653207458
87.87674321110077
86.64109876996456
86.2193033449462
86.9346183618739
89.15376117861109
87.55152462465126
85.95503184339603
85.92793284446418
86.35018494614076
87.64227180262131
86.74984781918491
87.09356964108144
88.1694560562744
85.04646664382925
87.52674965935535
86.59534480559726
86.6526724192553
87.24898276765512
86.91701409111538
86.91160279361694
86.35161819877365
87.14825781373654
86.77601846817022
86.26488901192856
87.16097771701283
87.09337914445749
87.04086449696513
87.3179744612971
86.90195212043174
87.33724072213704
85.88931933496295
86.67676213868062
86.84381321350382
87.30121341657245
86.60280340467472
86.78841561495369
85.86675020851565
86.21923940908673
87.21628243691475
86.78858094366278
87.23345793405186
87.28989034309916
86.8927895071826
87.04955956227028
88.14680858772375
86.54547106330652
86.95687770152153
86.62952121046028
87.2595028574162
87.1206224882625
87.14618373174036
86.88199640309958
85.62389412358851
87.53256547399461
86.56143313401823
86.37431344718712
85.62413542489011
86.35320641306772
86.74311482276434
86.00679508608467
86.29764543582581
87.79493774709695
86.92769867674035
86.68349619955019
86.44294363886456
87.62786209985661
86.90489412490318
87.80601834119288
86.87877301438606
85.64865174625399
86.87576178849459
86.76693423951882
87.00324999752954
87.66136075960051
87.3846014680228
87.02018103678486
86.52511438092095
87.84338752317313
87.63029591603681
87.33607288664558
87.35792398818225
87.70271542994107
86.51894071880375
86.45080853604449
87.40304431777788
86.23117061950931
86.90483252426542
86.17304637288181
86.72047619640541
87.98742932484625
86.38234162861244
86.9490851205136
87.69356179395214
87.10396046541895
87.31773126206777
87.58517831131512
85.35586108322059
85.84970427063212
87.01893650152414
86.54760872092513
88.11820243947292
87.01104211184888
86.59984065249274
86.46724141952627
86.78435934139898
86.03961429810096
88.34453132561138
88.0894823382565
88.55419471144744
86.21303720949652
86.75226646495892
86.70173832673402
88.74555583751975
86.81345818362328
87.2305430430812
86.76960826098585
86.41349055130576
86.17149689082822
85.99762823634997
87.51196452392836
86.85534186133192
86.70413393869704
86.04085496655443
86.18976506977897
85.15181991533757
86.27510450001348
86.46955664881726
86.20296022876455
85.64514553774595
86.50969911468252
87.15465228828624
86.15725939304615
87.21983777119154
88.15311952522073
85.75382648028531
87.59514547530506
89.18331501873867
86.72174539048699
86.64448849362898
87.4585883382526
86.02504780064167
84.89429714626112
86.55377920301
87.13205193811191
86.81376301977406
87.63261337669915
87.51150028004093
86.39082437720724
87.18587171361725
86.7612101054428
86.58148087306024
87.98202146128426
87.29685724819444
87.6321310954289
87.66919731007968
85.96132096368052
87.78512985468882
86.35227269321518
87.6412583669239
85.70654174834279
86.74232739471344
87.7901018956246
87.98713498883762
87.81943027624158
86.19931506800073
85.81133345534681
87.64265770784525
86.44695547328112
89.05464872177512
86.1777539647089
86.40504847325327
87.63567065066663
86.67015814402266
85.00684972196512
87.38566504873336
86.08170588442131
86.862428358597
87.93694915328244
86.88724421522382
87.20492631732154
87.25501522308055
86.35911313750711
86.65770445381737
87.1790846996957
87.99947381235705
87.10796382062756
88.26568882770604
85.24879152301219
86.04248567687206
87.49685682392118
86.5028685291209
87.59351481127875
87.11470930366428
86.80553590069513
86.74845692534292
87.71926701650071
87.1485316504238
86.62813085152385
87.20741048223124
87.07572100653569
87.32416038778
86.46449716670782
86.63219215151136
86.04306621816724
86.42419246567584
87.6713632415595
87.69645148270773
87.03233886802548
87.14581585031473
85.99194308556994
86.3710639039664
85.587372346747
87.60781704108692
86.14087117224773
86.28264031640767
86.49731752941152
86.93180176890834
86.9607472367779
87.96877945123259
86.02541546250787
86.24242422307697
87.89107739368086
87.58121512113952
86.62448227022391
86.13527633541754
86.96981992983494
86.828447273326
87.0537272243979
87.34218066777525
86.02072371874488
86.7318509652198
86.06509851372574
87.0362888066109
86.72947200429465
87.10916143481444
87.31390038472131
86.97744069447948
86.1401372712643
87.26168984740004
86.69359055232299
86.84157378879506
86.46232367112839
86.11888402286752
86.39235522803418
85.40772206785861
87.14642984541014
87.57742115178036
86.35240396919899
88.03618350791646
86.80473430762179
87.11602295957385
86.8849406057078
86.20969140908201
87.85470136734764
87.79107547859216
86.75279745619044
86.5839892270872
87.50147226683634
87.33397550746113
86.53443770201312
86.29884921368685
87.03400130549464
86.24016021681767
86.61553255371027
86.54910619375856
87.00724438609393
86.52700207791604
86.76343397222386
86.31941994386679
86.24333745330505
85.90675392047014
85.9172495097262
87.24484703235613
86.09292415207257
86.88388054489448
86.77998654417887
88.57566154745733
87.7233379676672
87.56269067177554
87.20340914404706
87.88417704484156
87.89283455013981
86.05747216099779
87.17765644231909
87.00160475512267
87.46261351146774
86.70702504685197
87.68303664903075
87.70370520147496
86.46749424277995
86.8693027341492
86.63855365462658
87.61963214107888
87.8910868302086
87.2851367360262
86.50363758624367
86.79045207078205
84.88419462484438
87.6198247760275
86.02971258835531
86.29249558726391
88.19646937956549
86.43900301451573
86.87454768748952
86.46000704220238
87.10488110505187
86.80731179221107
87.91223007194118
86.36656467471518
86.9489513897865
86.76558896917535
88.56492340479781
87.64470608792686
87.22239056478003
86.34789237579523
87.7584641551475
86.084444537484
86.35870046315621
87.11102197936421
85.63409213665078
86.96733538330376
87.78548414119622
86.50603585291837
87.39617618342973
87.84729028592751
85.74800831173226
87.46903739517975
85.76209572315341
85.79638739827062
87.54533414303687
87.32221816225783
87.17799375857071
86.82077043840263
86.45037718512481
86.47165160288456
87.14742699139416
86.10927388350491
86.46336547209869
87.78851339416312
87.39860708136987
87.91865391511877
87.62123008905627
86.32893709063151
86.6922803575937
88.27692511211694
84.50856017829484
88.38541233412913
86.81119876822862
86.40118955226731
87.09764294121047
87.35456344153512
87.06429200628311
87.05521893799374
86.25294189118995
88.33062779010203
86.5883122334002
85.6554253655813
86.06313479763365
87.20142237702652
86.45179970634034
87.96299640990667
87.9397757003519
86.30160248040862
86.56027337375754
85.50092427581615
87.06892633560298
87.091643808278
87.89759763509274
85.94764412875695
86.99154988664144
86.18676289801353
87.03830099315496
85.7371631150608
86.60874699497536
87.83679707032545
87.1375865084057
89.38617300792852
87.65252014636424
87.11243989232607
86.71073709048079
86.16761556028389
85.96711831525329
86.88348315374147
86.02592393998772
87.37593992964852
87.58942308846933
87.91419463700743
87.43179977938641
86.9732743456041
85.81962495623634
86.42621887142614
86.20113930932355
86.06809638059714
87.68740021577105
86.89608452520258
86.35807977742472
85.52314236096598
85.88056933076199
86.08171666928688
85.36596302442884
86.0636010707021
86.41746642385293
87.33748848520298
87.20150572584849
88.50359874866051
86.60712885231344
87.52297002967914
87.74878814315862
87.306801387307
87.07932621867052
86.59302851605749
86.12911841107568
86.85828381823138
87.36140723320146
86.71789406141431
87.9255760883077
86.90174741152028
88.22785567593826
86.12114779807173
86.5113718910871
87.45852686464349
86.7663340125947
85.542604456723
87.50393203377561
88.0874431865692
86.86681770270906
85.960255167178
88.00876847516997
86.99158536662107
86.4565088389015
87.09901554574509
87.5290537249008
85.38430311769764
85.9838336190866
86.82274933464582
84.9830239891811
87.34455547590916
87.7350506445795
89.12356740828622
85.61707462822831
88.29696577995549
87.57885931035543
86.77106782233754
87.12335998879001
85.64887891668847
86.18832735020099
86.98865230351866
86.24087846795821
87.2716371576679
86.65468309521326
86.51840134081563
86.0346446532184
86.93861571947033
86.72509404131713
88.19794647084791
86.84587996875737
88.09914335220965
86.96022431103907
86.2752628271946
86.99630076915369
87.3055309127798
86.52361023840034
88.80296691912488
86.70315253698732
87.31862128092972
87.49564358829392
87.56050601771922
86.31935282444219
86.34206409885535
85.50657708331305
87.76261532112565
87.51045472967633
87.30402674104425
86.93404366967573
88.43653523688639
86.56648202249572
86.9178845323635
85.99007791217171
86.3010484660904
86.77957840889817
86.7448028948454
87.33483533381843
85.73428965826207
87.77553857783455
86.27176737669507
88.00046068792798
88.06997952173357
87.30546977745209
86.88933860042809
85.84619214560072
85.95232783589135
86.68979920027702
86.51816786890375
86.65830515648598
87.89918870674263
86.51933353287478
87.53344071044599
86.76739095158861
86.44728884170273
86.58706852645963
86.64762739105869
86.78512896798689
86.03318149920263
87.83688742544138
86.92729584885444
87.04871002823367
86.46034657138155
86.28324879888741
85.63610392632853
86.28564572306585
86.91681475078998
87.475117475631
85.71875218017502
88.4683892535691
86.29192863463697
86.591345558607
86.35558061571953
