85.39028910810221
87.29866513480835
86.4559036729356
86.84903769594497
86.98842952074423
87.94202605422201
86.45102181740918
88.32020906356955
86.90348316173569
86.28166370734563
86.46547829054711
86.89059672758276
86.43481692497377
85.8741382631604
86.2965424980744
86.4033283688909
86.44165879723467
86.84392592416886
87.9639961560578
86.66818714264886
86.69776455104049
86.39153786010681
87.46536998424901
86.41552150341633
87.87715973543582
85.18105945935807
87.2216233015621
86.6160046272324
88.35091309577079
87.30186828819646
86.78767873216941
88.52906976886499
87.71937501584712
85.92532379629034
86.68066276959885
86.45355523006958
87.32140307830392
87.42247353689643
88.46449037353071
87.71046599958713
87.0116074527331
86.68260507631747
87.45052175972299
88.25472503407111
86.55149863911022
88.29241435274287
85.47914827222039
86.60315040880953
87.52975531102287
87.15643858662446
87.82463976580578
86.39877225684013
87.06887590752781
87.27537839878221
84.69490660942135
88.1854756457326
87.62536049336634
85.6476783063267
86.51111744240214
87.54246761257079
86.65105066170419
84.94096481433861
87.63581034442329
86.80888196308901
85.52071092414093
86.89492145913168
87.57697527321866
86.88276566014177
84.955144388492
85.84384277438811
86.57898073771766
88.1379851797394
86.52931681875832
87.51928216418757
85.21575323897206
85.58696176409639
87.54188868789457
88.06402348300105
87.50647595005053
87.21828810414044
86.73668894853488
87.58767442859696
87.12849040385579
85.685030968868
86.15585404088303
86.82803927078085
86.62603537066369
85.70971859786981
86.95454655846571
88.3956904837253
87.08350668946103
85.8684828397544
88.70408396165413
86.1737961193164
86.36715220867227
87.8357110530246
87.11954753684338
85.2538479460643
85.55426817101653
86.84284875552063
87.24352930125539
87.11204344389442
86.52754047232028
88.03918629830908
86.61943887347192
88.33412709600962
87.27276035454565
88.18359229972643
87.56325895799155
87.23333961042047
86.61712380242173
87.78803961435734
87.68101456337519
86.1668354787902
88.12513058497042
87.54127728333576
87.53494959083562
86.92050889031987
86.15666635675079
86.39547922565569
86.83174379265442
86.23065228951337
87.28030195988045
86.35401918677032
86.2934606471663
87.86551719219698
88.85149500123775
87.34631889040263
85.93940270272444
86.15187419410168
86.80492082204988
87.73482353016466
87.32569677348073
86.15411070675201
86.97821341933901
86.22158840135636
86.71747724074592
86.40987764493654
86.57214970683641
88.38676636924271
86.23304855476106
85.11738840640102
86.34379471120167
87.22987716452656
86.82634778911468
85.93522358583894
87.8947895686946
86.36149167408574
87.68029301720625
87.8262823108348
86.31573966879854
88.090747470166
87.23672530315146
86.48700926284918
88.20471384168081
86.26177562332417
86.67671199320301
86.29208282279781
87.57165899868114
88.25216492985365
88.30157694723756
87.64701605538569
86.63319590946514
87.89294489392606
86.21797247469107
85.5498106011853
87.78369734130476
86.34159193221137
85.85302516814002
86.98773876442179
87.92042861429198
85.3184050570074
86.09750180301499
88.08332615524758
87.8924699680505
88.53077318930215
84.8631916045743
85.1175184779028
86.67315137712903
86.4173437645798
86.25346948058565
87.47163477457161
86.7826841036744
86.62129649697359
87.19218776294468
87.07733701439783
86.29596481571397
84.2812115353247
87.44638679272184
86.34386483066956
86.43059262941857
87.93515007153604
86.69692737571175
85.94095462849306
86.6165387812797
87.51291095560336
86.67324428041297
86.44741488781817
86.57840804472117
88.19267026346317
86.04175919811662
89.57629754728575
87.24229457189733
86.19262868108989
85.6980153996768
87.1982607609169
86.79901063975903
86.05428461686556
86.18261347150154
86.9731135186691
86.17663212869469
87.32039687927002
86.65881549271516
87.92826968347191
87.57124820437305
87.71073766368157
86.05965197074237
87.3396222632306
86.47375154934191
86.7709858251103
86.65222765557806
88.06526848203123
85.0707255454949
86.90737529241092
86.64496874275198
88.48439376734564
86.24073383514698
86.3600583169148
87.1251763125307
86.6058569417815
87.36439622378248
86.63922017396166
86.12633810251812
87.14626413910678
86.93076836396384
87.70366973958409
88.2122492071068
86.76666384506532
85.73071816015116
87.17412429107615
86.85102662272095
86.79652938687194
86.29784488248345
87.32201054213427
87.88978897163673
87.00222864710841
86.74506364651286
87.0586937448929
87.17673143962338
86.57186173107077
86.05113788942516
86.9776706685387
87.85153137389248
86.77563312176127
87.00254913638491
85.9939693537332
88.47335775818243
86.1239451411767
86.98114217086196
85.98120808545112
87.71618147210853
87.60442619728632
87.91864037659074
86.0071782680113
86.54209624838172
87.5698207438429
86.9118161456474
86.50680724617582
86.71809267405709
87.17057650958718
86.759205569118
86.85385802882057
86.77322501826288
85.99795815239086
87.1513670765926
87.15108563425616
86.39142118043705
87.07081939996608
86.56701544782503
87.65227053603721
87.10784153458738
86.37368333521461
87.40962896770539
86.74135072798873
85.78897715976045
86.87329744488865
86.49174500592842
87.14343081203913
87.44558421663069
85.29147431399896
86.59417340336225
87.12400762240154
86.3922667540726
86.33170846560904
87.38550545814869
87.90177520796429
86.96515696336556
87.44783133739209
88.89314216743907
86.81767132964218
87.54303106817562
86.8613795609868
87.496214255362
85.88510545440188
87.06248560959214
87.57197665322906
86.03261062203646
87.76982170461105
86.28547062556986
88.13305678525843
86.45802129250688
85.34259705112719
86.18968723123557
86.83073184636623
87.42295954059504
86.82867991726454
88.28217579538133
86.19645305248318
88.80540077416073
86.55977883462387
85.69791729319174
86.14745829469705
87.2686450072022
86.96447762181401
86.76717600797208
87.57546550561439
87.24774102899318
87.88001367179757
87.02619403238502
85.91173073324082
87.69631296666499
86.39268076508039
86.88734051999815
88.26666716729672
86.55764699718672
86.93725819839788
87.49807582839004
86.52239904542829
88.24914654274203
86.99614612793837
86.39793735919139
87.02889582726377
87.19834118788275
87.78346705906144
87.29835494618354
87.38873065798083
85.95137919144527
87.34813143294384
87.01429689363505
87.13409600522178
86.55735250850944
86.75355794426405
85.1903456175516
86.99694339124827
85.6744951223885
86.58427797912738
87.89064078714009
86.63739287114751
87.70147050441547
86.01259976545084
86.77935281590896
86.68732079921628
86.06794122528937
85.43094518631362
86.39293247651807
87.79247876419434
87.85134123935266
86.56241569778895
86.38166014907303
85.71207407611455
86.71810531518679
86.77182672068157
87.10113465644798
87.77832156432565
88.60784167864077
87.00676522181065
86.26401339915904
86.01783119879546
87.18318365123838
86.5773380363157
88.0512298079885
87.74660722156615
87.71158738553818
88.28594701227104
87.13009367519804
86.94484477670301
87.73000515831724
86.71764010947861
85.3825075431763
87.66897607176122
87.72564230010484
87.0769803199476
86.71555930951111
87.26790966147546
86.6714431339567
87.25696541780214
87.89699619076664
85.13661552742293
87.0978357560321
86.64193614284909
84.92152294014157
86.17615804193204
87.24688211774992
87.01928944019879
85.62601404666809
87.33972939868663
87.72169152771376
87.61076616602172
87.29166483306284
87.26771714382043
87.4229417421388
87.60306197291801
86.51788889296509
87.31083773268121
88.04922992438088
87.81752112979423
87.68912283348453
86.85777176191658
87.89449914277071
87.16491167236376
86.48202644402824
86.03115203444045
87.62009372588477
86.00192520197174
87.61865415655043
87.2335449737843
86.93568833386625
86.35914343125643
87.0796146489206
86.96056797184909
86.73430451035361
86.20636236529708
88.51332070724857
87.29223163726004
87.33856023668521
85.3206020315969
86.8879721126135
87.29545747544763
85.24513365547328
86.740933040663
87.50112832434752
86.05807565186478
86.76773493244858
86.16655926867355
87.8983041996277
86.18063056144867
87.43091194010891
87.68668305424983
86.90772014333903
87.67701868552773
87.20730241890693
86.19021345184898
87.51361158053608
87.91656094533468
85.90951291282106
87.17955284632664
87.26157384341606
87.631442072441
86.89349813364483
86.42565778413079
85.6327911401413
87.36639060614985
86.671132210384
86.84996617941555
86.62272022662353
87.63211945363632
85.9780262409475
86.25102924999591
86.83912231386773
86.35529599286583
87.18490127435605
87.29359491760513
86.99832389805026
87.53155381848877
87.44973512519188
86.3474404964427
86.96721132802809
86.63418694569
86.57353048883263
88.30358995294796
87.17650734826547
86.832050479849
86.14346959262733
85.70044025966415
86.8946934775174
86.74609294929135
87.54189017524848
87.03125288945579
86.36393109541113
87.08716454535666
86.72622028994729
85.82957781113915
86.66652980435971
85.6715261667115
87.62236587815511
87.72391265672897
86.54103478860362
86.55880383421977
86.60271858022152
87.6416173237504
87.75687003961437
85.39928016975604
86.26940753353676
86.30132035558697
86.58044447894713
86.64591004815126
87.05213243204459
87.42618605882664
85.70268736517546
85.99395618106414
85.92161186160246
86.01068752317462
87.12590428589573
87.50153133910554
87.64263174028888
87.93215935299378
88.35420218050461
87.16029923354958
86.94314243470883
86.33803946855521
87.0362328366006
86.58415223770892
85.99835493780576
87.17797670967563
86.65229472887626
86.82843318823512
86.32806353883464
87.1528307257541
86.72601897242204
87.43388812535468
87.58805769079008
86.83230147084535
86.80468298275294
86.720052317877
87.58505437110406
89.18057603633726
88.07526632544486
86.66279273049558
86.91129285038834
86.4717772562092
86.02562926392503
87.72154195454813
86.37205717741304
87.07831568589961
86.88865961578725
86.50778499597727
87.12875596619679
87.42324365907105
87.25740472294068
86.38304521103262
86.74480120860474
86.38391282444282
86.57664983474787
87.69749371306627
86.57098361026674
86.84762009745582
86.9488297232524
87.0767579723526
86.77793329787154
84.87589782357685
87.28323502369116
87.0565967143997
86.32057717381953
86.53596338116427
86.25555263836524
87.36947982892093
88.35788492933104
86.23029554052715
87.5952870419666
86.12651684518464
86.52794967359875
87.82042333710051
87.55537469086104
87.96058722989136
87.09655398277263
86.105311968206
86.9012920333206
86.29130744193253
85.1363172212279
88.29669472082591
87.65463319477439
86.97662354542118
86.23748997013868
86.56825214341397
86.49460929954164
87.23436432564571
86.83964037296981
87.04170969615822
87.05824184267891
86.29382726874451
87.49441319917463
87.08093442961268
85.43721591143775
88.13552557128403
87.07256931729515
87.03018207213584
88.28395762245123
88.03944955123194
86.84923564441661
86.65285032295509
86.5166072285076
88.37380746972407
86.48777660697937
87.3297329755949
88.90193722725901
87.29389467812369
86.01056650404405
86.80457259649893
86.80571279579682
88.36198513409826
86.3831665791579
87.08111847929533
85.73806773621584
85.99511284014254
85.26735923742558
86.27379477009056
86.6503673968566
87.79191453490284
87.53527600495468
88.26670155783536
85.3666070803652
87.26407614813326
86.52338920702357
86.79224864543417
85.5925282276038
86.87420635652315
87.80498721191682
87.783090514802
86.70880180848013
86.34718528389678
86.93016200490402
86.44789059374337
86.0291371193864
86.10024709446397
86.00495192479158
87.64326250840502
86.6298036240714
85.87623510826884
87.18249401025803
86.3461011470367
86.06830495298662
87.4106736845493
86.75333880069181
87.59662633777982
87.84147677554621
86.64645223240812
87.2186320059564
87.88288357414801
86.32370289953774
85.57985817283273
87.2266161949805
86.13580012528304
85.9962370948906
86.35036831496404
87.01758696390058
87.08565740046224
86.22739109548193
87.28731081358302
87.59842512340876
85.73597391991932
87.3974815197549
86.58879269023598
88.02210415215124
86.27301162278083
85.29718917939124
86.4167358828313
87.41153893390691
86.92846580121206
86.92274686598972
87.74482408769045
85.71772198330703
86.29192713489614
87.77123753486521
88.20008317812632
88.09182493870158
86.99044289290079
85.76703655002902
87.88513025614307
86.46130494734328
86.36502688058164
86.90219275342545
87.61042662043236
86.50100075372607
86.76388026726153
87.58915901936663
86.54323752476755
86.84317217799685
87.76944386934157
86.67045587298998
86.59442167286723
88.16788316150743
86.00890183812974
87.51566693120601
87.2626809228848
86.67935543194423
86.06917312378245
88.04291836943226
87.38193456091476
85.73869921907672
87.35306859750271
86.58364941361017
88.32481082091117
86.61960171858694
87.4039471964462
87.8701068575617
86.48246541280933
86.55593785734276
87.35708598759648
87.41521223799859
87.80424413519486
86.41217715138565
88.02543028208319
87.15870308922554
87.01117393432236
88.25930352254086
85.76542130022592
86.20303351825216
85.6076497107561
86.25229883146785
87.02543568415565
87.32235723394966
87.28563297287464
86.98277417567847
86.946563548057
85.93115104764249
86.17095874472574
85.35094351897668
86.78837215353589
86.88473105322927
87.35859569344548
87.99522612876672
87.77700196654467
86.09297980045818
85.75273322561772
86.81237997398905
86.81409674242613
87.86163540932392
86.53176970681062
88.53842898142753
86.68689025753446
85.84084034372695
86.42868007986115
85.95561213996292
87.2363953605149
86.30331770016527
87.37015660910359
86.49049418477516
87.12378144298097
86.52981201500462
86.10505378086374
87.53297302894082
87.36287565639705
86.90538385227204
87.3799805756515
86.415374625144
86.47019654809125
88.05754070031183
86.08838417958012
87.51730285882931
88.74653226146467
85.79934996674162
87.54311603756555
86.99268228448155
86.22950903258572
85.70795281459888
85.48649274497896
87.35774326198047
86.77892196893416
86.50859653345677
87.67561867763152
86.81629170145389
85.73298479797054
87.52855003907437
85.77722119209065
85.22966980842196
85.56361552579003
85.4036890242518
87.81964488058438
88.79026101179139
86.82486470249839
87.04770732483803
87.21037417204387
86.94939734299274
87.11703997821692
86.66314974296563
85.65632883246809
87.80422949560631
88.01074671502482
87.19594748147416
86.03480012796437
87.67244074371546
88.18905063408249
86.07629125989384
88.14074414051382
85.97468920886315
86.27261365260121
86.97969240567178
87.13048154986163
87.89549680379571
87.18021470546182
86.08887431406674
86.04287863317032
87.18087388725392
85.81069151275184
87.2745107443295
87.29802862937423
86.90779171882295
85.73193409315627
86.28334661698325
86.95759867056718
87.29528437521425
86.02891488948411
85.8915718386599
86.39877930842539
87.9619742435933
85.73709894110164
87.3440670986377
87.28989428079831
87.36193413404882
86.47968410473068
86.81986614773903
86.61230514140134
87.3565885530007
86.45852648942672
86.59321093806827
86.57477016801221
87.79665294993556
86.37148047698174
87.74475801520269
85.6803023805916
87.03182242076105
87.37370441944417
85.94419599396765
86.28132916454389
87.71031141218312
87.27158043300763
86.93512733067506
87.35132322076343
87.13620466629094
87.1994214708713
87.45481328560106
85.86000359733508
86.31852830057068
87.11599380791561
87.54453391399171
87.90908076883339
86.05203418924528
87.44393249661611
87.55236931879281
87.3448369008668
87.22032481132634
86.03399714565222
87.50530916918582
87.52381051857218
85.77315646115362
87.91804909331903
86.37276915580567
85.63357934079771
86.7727473362005
86.53042313486773
86.6826818739114
87.97168904859828
86.07317199071274
85.51441560354515
86.77163890016146
86.32155969148563
88.20044074919296
87.30193250767523
85.3607277450139
88.20008858215361
85.06204916858181
87.58821769316744
86.29747803982245
86.95273631955065
86.54821328474466
86.71109404566705
87.54430913392365
86.24735104305532
85.72353572881616
86.06340329405174
84.75159727060881
86.26342584507101
86.19798092490332
87.08159605112834
86.89608984532796
86.91691091349743
86.32634642670887
86.13519919382622
86.48645926651106
86.08001619005422
86.28618493017927
86.76563249175882
86.12309779397306
86.30749353557826
86.75979704658697
87.3772249862042
86.64859919741251
86.10364830438142
87.91639558807037
86.82507698931505
86.56928008114079
86.86048374744945
88.37608443893697
87.45569119998987
87.54062346320305
87.49187856244181
87.37283155321488
86.49064570978534
86.93764565488154
85.71576011104324
87.35282051354787
87.10675531803024
85.9786525745093
87.04791570123928
86.26762293873732
87.99603600269005
86.63705111868188
86.79434654288333
86.59013938957442
86.97137942823815
87.22075233605122
87.67050778351188
87.66078839455936
86.19185137102744
88.13712375071893
84.89936767404757
86.99981533139687
87.08763803523601
87.71902521613602
86.83958518716827
87.4975772510411
86.49875264788108
87.3651342819166
87.22568776841158
85.985784387629
86.35986257169816
88.48639737953056
86.32530354165193
87.36024544890168
86.92960940301009
87.01893300303753
86.22184250054767
87.10805534259201
85.95954390108218
86.79177404224357
86.96061257295446
86.42429303064938
86.539420422417
86.83543201333609
88.24406719020021
85.18702108534427
87.58918711244938
87.84243518256807
87.79473328372154
86.52897622236998
86.54977414065402
86.2360139370192
86.3932662447927
85.34405289213595
88.33120253266344
86.9982201796031
88.3468519074257
87.63366942567414
86.59391224913848
86.01372814331725
87.08788411229838
87.85085602346166
86.86596858520454
86.43603534181803
86.19427000465967
86.98375334198616
86.24953522278534
88.03830823178625
86.21079818362469
85.25926716607424
86.83900548299553
85.33919971249608
87.3647836201611
87.78294878545199
86.26421465150725
87.57203830882386
87.46985902062715
87.73008703099707
87.09627785348783
86.8896884247477
87.70234016194728
87.37110575747245
88.00130437906745
86.57869965399034
87.72257975968893
88.53065463583016
87.08541071961838
88.15924325911566
85.95846249582085
85.6525303897338
85.94639004138217
87.1119733050187
86.45471581084519
86.99937547361418
86.67292077052825
86.56790748821774
87.12981497357167
88.36749008653544
87.29003317277423
86.95980694593553
86.13577028086459
85.43466420439132
86.17301870338954
86.3384981107648
86.69594005293706
86.88746635707126
88.1232216163727
85.00473337099315
87.53450708727982
85.99631828220598
85.0695006024281
86.30288625181596
87.25007536210305
85.92223697586621
86.66782906420795
85.59471232398184
86.33209534326119
85.97942755543149
87.60312495037286
87.02523545671704
86.56815386555098
87.01859207061179
86.39544774022536
86.4166245358421
86.97369979231289
86.84199092573023
87.30171186747552
86.6563350559713
87.37900106535297
85.3526894482761
86.16060325240979
86.65213817304752
87.24018644396146
86.70653970785617
87.32190643908415
86.80469293525721
86.7253842371423
86.24110088120352
87.75702713822787
88.02202657636582
86.99620941707639
86.74997871020531
87.0115029977488
86.57081205153617
87.2340241422318
86.3583999929259
88.3076235651751
85.94217737214181
87.95574350168935
85.6390637684191
85.541213449289
88.78517689146557
86.40652667312233
86.36400722261796
86.45575148561791
87.08772315621681
88.21144146062477
86.79348187340321
85.30267474814914
87.5757426520551
86.72058636620805
85.78351933126669
86.51927280663922
86.36012550055295
87.4033386793495
87.36373038219277
87.557418448065
86.34057577014846
87.02552043335454
86.65761933787863
86.18074956717868
86.49340322662421
86.7679481777688
86.36644770955799
87.28513273745645
86.17107438323694
87.12739344226033
86.5889026877311
86.47330639780978
86.83147135162554
85.9081135214191
88.04724782845466
87.81239739808917
86.5024217768823
87.22052518666591
86.8160815976846
86.95572360568264
87.53307943451132
86.9113823092522
87.38594448230722
87.43883306043787
86.293026283219
87.45685709629623
87.75179973207588
87.07180590450652
88.16520370331702
87.35910593661812
85.75972730764197
87.08250616965377
86.64609344853032
87.01318477223508
87.57297545812895
87.98914055005953
86.95340860133119
87.52429341815531
87.29365106985362
86.93375304174664
86.4492537002469
87.1572951499653
87.52148762362783
87.70373421161
86.69058966252925
87.05209878047302
85.84517714828515
87.13398538659042
87.01965728310059
86.786895541295
86.85935117695217
86.42991873945907
87.13633808750139
88.14529122062771
86.07923708835422
88.2085317985378
86.74258929479498
85.75205596656097
87.751980661094
86.601586482024
84.58402014198197
86.15753649796636
86.36364985216053
86.20500644073954
87.60264401369639
86.33561905027072
87.79043009404256
88.65283689414308
86.80985695595089
88.37975900850714
85.5192527984116
86.15527538821031
86.49853598796504
87.16963280122718
85.82552702518154
86.00977838721799
86.43295721559896
86.52032041143728
87.934515031228
87.65737473333984
89.17367685966384
86.81348035116326
86.89510237165888
88.79001070724597
85.92096307733996
87.93421276159255
86.14752091109526
86.6409509989272
86.92926901319984
85.61300526278852
86.89367689774764
85.60741629161268
85.6739337135394
87.95473366617152
85.95574679605365
85.83433100390738
87.0866686206794
86.63067780750316
87.27186567661197
86.39722842171724
87.78594455950943
86.4068512213187
86.69778742372303
87.20484412019083
86.82043928645898
88.16797969883424
86.56820668810225
86.71914336907962
86.61071679642161
87.4622157789066
87.45237957663772
87.36521404239384
87.95884796951364
85.3881486601371
88.24259263974075
87.26117639517389
86.47662948245677
86.88858526904671
87.54976262753252
85.70457222310097
85.79298784194546
87.88474817489696
87.782420090182
87.1503520245765
87.68280109218367
85.596069000847
87.41190317917273
87.20808229862071
87.10118366318157
87.31374293736292
88.09057573007125
86.58264456111021
87.45076987380143
86.67795502021951
87.6198883008232
87.21149771545056
87.30944993302525
87.72421321277197
86.86500118555915
87.86765539227365
86.01600190039058
87.11508689448036
86.74997827150618
86.17546448535236
87.37065510001607
87.07806664775089
85.90651102703411
86.1990480852576
85.43263157115635
87.93217276787004
86.67745240778206
87.41284175148768
86.62398799027282
87.7119563696672
87.02862974571612
87.32737752047966
86.05189642113146
86.05478109416775
86.87292003379932
86.79601047835932
86.78669537750743
87.31511860300849
89.14790647351904
88.3478729288451
87.04421606363073
85.589614410191
87.64139665674283
87.4798754959195
85.61371504883513
86.96452240114274
86.46495904000587
87.57840519537595
87.47062611808484
86.75936951736537
86.62042598467202
87.1373803243094
86.82200042598303
86.2643153096356
85.1163216598578
86.52678769760635
86.94584065765486
87.40966743645916
87.10610823209016
87.12383149600987
86.67828364894844
87.46271481414517
86.40751212263972
87.8249194330884
87.33585137673859
86.21504988075151
86.5137407033266
87.1024347990235
87.47360553225663
88.21720599244615
88.32290917503602
85.97955719877015
86.3769791295861
86.15603633150985
86.49599525809259
87.77918927381727
87.79999429964607
86.30613462216746
86.03123033182055
86.21506746553595
86.90531885991292
87.23467185133315
86.94394652580219
87.88798725169062
87.78190243064167
87.74896724352446
87.00795877364682
88.39050947409712
86.24771911628774
86.43888179809407
86.17536208215262
87.22299816916218
87.33433979914139
86.78527996748987
85.99403074543116
86.85786112056319
87.356853421997
86.24258758111343
86.80082866143555
86.92200468465046
86.36742417035377
86.82991196317607
87.59925369314676
87.10876382368383
86.2610275025691
87.70123879272779
86.31421578341109
87.22034859209207
85.63756175268026
86.40191511762829
86.37348756729017
85.86616619092055
86.36902660364065
87.2586278997705
86.98401084246238
87.53192932374046
87.00138076431602
87.46592977527732
85.87244890864426
85.46489854553255
87.17943075006563
86.0835592127545
86.96868483293697
87.66089647930774
85.83319797578663
85.85034119952543
85.95287099862607
85.26388122170387
85.7930930899634
87.9293728302349
86.18929314470023
87.60025104165467
86.68236299990646
86.92923717555536
86.03357631129963
87.29188806792173
86.83796688524824
87.75215202031097
86.27833567228383
87.10133742821509
86.49285729727029
88.30572759922768
86.09752747447386
87.72035447334505
87.53955415702094
85.67951755882349
87.16122825000483
86.00636206352577
87.82715086321271
86.37000320718911
87.56862957140325
88.05207135603493
86.38239277884286
87.754058451915
86.06890189840968
87.07827178320548
85.94100531246475
87.67522799156438
87.2181802532498
89.22886611270764
88.03517236595924
87.49108047787645
86.77069947393905
87.41001446351508
87.8936621655757
87.63686234334234
87.3938000421998
88.03065937724608
87.39867137616106
87.29629129141037
87.91211074990194
87.33779060543617
87.04234265121801
86.65902838101202
88.45273330887338
87.96248561200812
86.67133140560394
87.26058293188831
87.49269906765018
87.23468195918086
85.91578963357398
86.1949954391629
87.2889274506706
86.84776966159586
87.73432129563926
87.05199884764939
87.26063409183794
87.37884980105416
87.20726003019196
86.97080622624196
87.73218606111023
87.16819714732561
88.05085358915225
86.75949250261205
87.71385821408944
87.0772573341272
87.73630756329794
86.8064289743653
87.45298475734948
86.08507344425307
86.51965102775695
86.98628580193963
86.61563796374958
85.89474254941527
87.92407287758532
86.60793558928907
85.54122426744786
88.47344637611204
87.70871293068345
85.85570168229803
86.39185776661965
85.0508686916428
85.26513496781301
86.25503625098723
87.00339538946848
87.220671315366
87.16964167242658
87.14926008660031
86.23387977258749
87.17524712847846
87.08058501664539
88.36650232617154
87.02508162138011
88.35453803048499
87.1517095733499
86.19692465120104
86.97878892249992
86.52929089826986
85.91635787028197
87.58602118160081
88.2759950146566
86.47734356371446
86.52608091070297
87.48911001365242
87.01909783717267
87.63963862842868
87.3279695558532
86.53148496334134
86.87157920799937
86.47228416827734
87.08322531159942
86.45835522441607
86.78321653828122
87.49307805580567
86.4064553113102
85.78290010737997
87.4752799380723
87.8958570032039
88.437312232044
86.46537959655552
85.6815416900057
87.54703257993273
87.3459920004753
85.57186843251434
86.35715565903412
87.84713277049138
86.2636555302766
88.08375749162374
87.4851525991381
86.78580060565656
86.71145817209361
87.96517916176248
86.71013907980125
86.95171025411189
86.49489457108182
85.73859671592176
86.52539562722015
86.61225375196236
88.48432766367434
87.55146612340494
86.04968510827985
87.21371763060048
86.64273406235486
87.0070676460294
87.15526353470366
86.49743625354311
86.85968957515672
86.83461146097284
86.25589494819683
86.68844198379777
88.75302227570904
86.95820540806064
87.32847356275158
86.28475892649172
85.72054815532707
86.66314511447716
88.1380830233202
87.63731013140217
86.72757272960293
86.14694603522523
87.11960213254133
86.34833448967964
86.85151695540142
86.8567311311505
87.74330423647315
87.54492138810251
87.06241764182126
86.43093593649205
86.53318542136277
87.00042821556458
87.19279157872641
86.12280590939005
86.59739800138752
86.19940715573439
85.18047807021753
87.31451090192026
86.01451953574124
86.47144608866729
87.49521069372415
86.32811624977263
85.95963469010165
86.8970667887076
86.18948360973056
86.94962824044147
87.06767903649298
86.9737856137571
87.91891354837931
85.8201388030551
85.66935574254697
86.72420406892151
87.60111187130269
86.72844505261068
85.48399738095007
87.44225717460085
87.33853709619228
86.74543775643521
84.48731157058361
86.43653987339458
86.3088812054552
87.83305078451181
87.13400499543756
87.66891149405156
86.08160680576935
87.00364461765679
88.02938021785597
86.78006192194238
87.55223766316143
86.21943455506735
87.18458115958101
87.24246225533916
86.05109750099878
87.34739639148128
87.60118686789943
87.1853190097973
86.47665847998478
86.58181191137834
87.83825079116849
85.9902186917446
87.16285347040457
87.7777431403956
87.20083807840294
87.36401141046738
87.40136135740829
87.15914406999363
85.99985934449614
85.92515428135687
88.0767719196091
86.80698059211754
88.3202255762168
87.72360375053778
88.09661296390549
86.92385674222535
86.33793994040532
85.75884296240113
87.00283739401412
87.86905927202952
87.81011568907574
87.20434879659156
86.90027335553368
86.4168718979443
87.1637854453068
85.49360368761383
85.73091260656908
87.5724993805706
88.08678724476836
88.15044969506025
86.7553678278005
86.44728090916261
86.68939788010302
87.34619153446464
87.27068668167904
88.00424198949018
87.02549633827616
84.92532007876724
87.66631618929227
88.6595118547446
86.51052913286378
86.76550396946875
86.02981606267973
85.89887504321612
88.14832095794777
85.06171752721232
86.97294912950393
87.095526473004
85.91964892400657
85.97530504744726
86.41204855927032
85.51664823405436
88.3535969866544
87.24085919289686
87.38700404443945
85.96329646055169
87.2134502324939
85.73975755945952
86.50312587067206
86.40725596303182
87.15954435308771
85.86806145968691
86.87889152535726
85.42983165301521
86.87214567289745
86.80307273681302
87.78808934792747
85.88801085940456
88.0909688156687
85.93523883891055
86.54305080136149
86.09311345244419
86.30969696430473
86.88516720936603
88.09547633528553
86.77458102377834
87.31278168950023
87.64751052912466
86.93317174260602
85.04506376913837
85.6139680469079
87.90962804744242
87.14566314070548
86.66798093662224
87.10113986167077
87.42753713443396
86.80698729694026
86.56988612053479
86.63351723411554
86.35153678648261
87.52990962558533
86.73829791890829
88.50913977472952
87.91391847548113
87.80755843134207
86.32639711556178
86.92832750788358
86.45904082975021
86.98611160935741
88.12091002148422
86.96348194099086
86.513349825248
86.47489055390065
87.30346455342014
87.46678572878862
86.07836575827206
86.57439505008193
87.29508414521509
86.60391124309888
87.34382586090584
88.51988458786218
86.24385036194313
85.81006319409971
87.21352763241872
87.14056104098445
87.44981869471651
87.17073523344627
86.31080911528171
87.74661812448095
86.94937002401576
85.62593491330317
86.63852609807022
87.05657208805914
86.95832748103504
87.01234857466616
86.12387628071258
85.07804467710157
87.04930230956083
86.13313483994702
85.98039517704241
86.02030709092304
86.24821613633355
87.96845623512488
86.62468221984822
87.29008912773871
87.8181635570176
87.61675886573389
87.78507016373347
85.96869540198085
86.88206952022558
86.23603801546352
85.92671435251391
87.48443991685407
86.56752938631675
85.32162864781014
86.29394689624162
87.03362800047655
86.31820131275416
88.3651771877602
86.95103169489236
87.25123881270481
86.33758024936739
86.80337068199965
87.22186310996756
87.1718352567877
87.0918231090915
87.00470647141944
87.14226462571924
86.43965530333507
87.46621697272373
87.03267012665549
85.69471285130972
87.52531093740656
87.24612142308501
86.89128674140437
86.28142343661177
87.25746179333787
87.24264365040887
85.58780794063144
86.76353166102939
86.39719615299184
86.56522185899438
86.90451217978045
87.33349020989147
86.83423635733581
86.16115425922241
87.24288210127435
85.59528166795312
87.5640143503541
87.01357037472181
86.1769312220698
87.23288686565903
86.81563920411952
87.8893860816938
86.48225267787615
86.46391281173362
87.4770286595826
86.10907762895185
86.75695016209393
86.52787963097235
85.64545359496483
87.47623374728875
85.70096599092652
87.6890557139132
87.12092407628019
88.8116536488864
87.08404694081582
87.8783339195311
87.09418007352407
86.93605271828756
87.0178967679601
86.09705718443603
86.59317104863388
88.52141190522353
86.62863061237438
87.0931702195652
86.80857306855106
86.86787069190666
86.08808918818285
86.77065183612113
86.62494739221282
86.15975470057153
87.99510674141884
87.01361529730882
86.80430536826162
86.96353336338038
87.6365736430233
87.49369188163783
87.26077986507407
86.67869398904112
85.8336960640342
86.10392933510339
87.14117088000793
86.88750835348026
87.04533416028778
87.37487640223495
87.17252725118206
85.81290143263918
86.72637418213465
86.90295652090286
86.67850075591492
86.54284029088024
87.90186651252164
87.18938807244307
87.59652902946107
87.74962013250043
87.39849040963024
87.5627502498273
85.46091764035056
86.08459206101669
86.33655872127099
87.61771718225418
87.91048906156546
87.77449186806808
87.2265913702567
86.7796263492834
86.92030390490838
86.96521101532886
87.44395585658854
86.92354093580583
88.0238006024385
88.27528471714116
87.47133633035342
88.04740110852612
88.74830951196935
87.22524406759948
86.58252445187172
86.19563184306774
