87.19739281629448
86.25327419211517
86.45212713694409
87.18406824320667
85.81914048778305
87.61490057665999
86.38695969944493
87.57097163696875
86.28902599484846
87.695470446345
87.39290217565599
87.3282698607153
86.2858460657966
87.44596373600663
87.88110206225305
86.5684756652983
86.86332442972846
85.47900390246384
87.23941481211774
86.7226133872476
87.41389715465334
87.0432544263331
86.3460917966913
87.55067755679437
86.34509532030943
87.2607912327745
86.45332450697695
87.3852276661424
87.05673062030505
85.94253096160364
87.3161831138336
87.53936856132682
87.20800795135045
86.57681609637174
87.2932710677482
87.52086158644502
86.5863851714571
86.65354479639352
87.03501344927633
88.29695937109916
86.77536079342244
85.5241916179229
87.71207317375574
85.74866601550934
86.77724351542076
86.57409223395533
86.82153224876147
86.9809273124293
87.34815063552143
87.71718817990245
87.75764189269867
87.68671203034451
86.48067499244658
87.21958180226615
86.27801110799057
86.03729520633594
87.38299800351683
87.49991453609641
86.52346490794595
86.69712493164909
85.71078417675932
87.09239356583498
87.4932630000294
86.85518837383118
88.19714535272416
87.26967493557382
87.38843295499672
87.67375304112065
86.42045995545753
84.76473575055884
87.22607329917405
87.73928138927059
88.2569941514073
85.45267159197623
87.0832187166834
86.88485554874411
87.20033484184681
88.31949828028995
88.1002730705959
87.49650610496307
87.00168625848897
87.8580044466783
86.70284656300403
86.2283064111877
88.72762583508018
87.39766872660712
86.82910660466487
87.48457621520969
87.17383351924336
86.24050990871015
85.53602107711384
86.59577513128926
87.78139563411649
87.95312043272462
85.69143608894915
86.7470215291623
86.3003543283583
87.46595826571946
86.58997173817993
87.4190524722191
86.8909107546209
87.43521622110433
86.22152890234081
87.32969819146842
86.55845043876081
86.45820608203769
87.10928806378034
85.77209427458027
86.9418650123412
87.37568486031444
85.83659780859733
87.42178432737532
86.65805605768875
88.08365383172536
87.54297287359064
87.15719877603568
87.17963990284893
86.9924813601065
86.15573851419055
87.43217251233654
86.74109344024117
86.79599432488043
88.11514534056137
86.77635292874918
87.28110853651837
87.14316851851464
87.00621655283409
85.91072209577203
86.51046064490015
87.05095111258542
87.39375312133122
86.71486489081637
87.09233171960643
85.2631465048857
87.17342089727002
87.17625729267486
85.76274510966256
87.79522742362543
86.86109004205171
86.66755630984176
86.28703692537339
87.49708796810825
87.0472439305357
86.16228451098534
86.33949538904535
86.56054842273467
87.69441625716651
86.14776675477692
87.67280953406292
86.84766189501008
86.74361824688593
87.82070361561996
87.05457500783935
85.96212131232576
87.5831537532326
87.4004356944835
86.17162920327742
86.11271444967426
87.38680331899528
87.13522549885549
86.43653280967983
87.50583729146214
86.88748007101333
87.13272584758273
87.45557212015491
86.53966484299123
86.59326861371837
87.2996173275881
87.39524011709172
87.15647567178023
86.05914049882566
87.37322424560908
87.4689530062941
85.95272999892224
88.84968945735136
86.37280733441708
86.72127192760153
86.9086042043708
89.10139700682119
86.28279733261996
86.47450579778149
87.02532526822482
86.51560972336297
87.14377510660916
87.74604092321378
88.00588168305079
87.66478535280999
89.08669833200493
87.99866646764379
87.41807070956796
87.46896296785762
85.77040172463052
87.13358050315132
85.62563661406082
86.08872935700455
88.42677865680001
86.75296078144584
87.40544310757774
86.4022588225447
86.08960753102646
86.92118773361017
86.65371838372938
86.46597907481859
87.69427422607319
86.8492640178771
86.79728383706608
86.62588465462017
87.49903655385157
86.6824567433674
86.72826543186396
87.49567527559664
86.30841048867042
86.91133162738085
87.22842609120117
86.86958051376239
87.94909892108944
86.9292534116461
86.48758301071213
87.09411638752213
86.89896036692853
87.49131366173481
87.28951197842748
86.30864630209278
87.00808696450403
87.55601213254377
87.56510285114165
87.34280919983848
86.50351283393773
86.30551124724403
86.29401328361608
87.22426970682606
85.95120748547173
87.34760579318063
86.72220690168334
86.59470276220435
85.99337168012562
87.40811876678883
87.22769902527979
87.1077246384211
86.77507288064275
86.92039814052465
87.61825394849764
87.44677986916503
86.24751947224807
87.40145431780942
84.84211365100302
88.151549414082
87.02187802542734
87.05685347927258
87.49910305312527
86.65545823321638
87.28049518146231
87.09617310282475
87.16579472071464
87.85963394816356
87.1966289529588
86.60299306795591
87.12326907076468
86.31912092637836
86.39404096471692
86.58556246058627
87.70182079031687
86.6345929404026
87.19730746331945
86.38071916025716
86.87438675813404
87.74528048193808
87.77077098577635
86.65383437809786
87.135501926654
87.10609754580948
85.79309235806939
86.03362152603881
87.66534548636683
87.36034358098912
86.17587874075987
87.82782712658884
86.04951223164511
86.92853946957024
87.1192931637199
85.66619507527545
87.03998716317743
86.14414149307034
85.67347045344509
86.4333728535721
87.28585595662624
87.27516843214799
85.87618160135621
88.17611261792311
86.88271351834639
87.59820302161592
87.04454646206048
86.23376640937046
88.0585226194291
87.41072687696962
87.27137300885579
85.59116681779636
86.43928537968853
86.48886883040117
86.76098262031759
86.24126463323422
87.20116495482601
87.46716172137134
87.62394438863485
85.54980436592332
86.87921125015507
86.48013328000383
87.41003136032607
86.76472446019031
86.30521362255402
87.2145903602114
88.03524037717199
87.3285987161483
85.60851081485963
86.38807499810441
85.92958100883367
85.36799239589625
86.13900698897265
87.50707589083926
87.18092443146803
86.18328665617457
86.11830925975724
87.26961675203736
86.54720908529956
86.73397505945789
88.43026860700395
86.93020948146074
87.60822849903269
86.5857071369435
87.73445844093149
87.34413048464853
86.74236896122275
85.85281702537601
87.14650013011243
86.5820919125579
86.33695473071718
86.93882199013784
86.87167458045289
86.3064732751788
88.20927163280933
87.8904722363898
87.09399327795374
87.57594120535298
88.18375286353421
87.38687173192366
86.35517427979289
87.60051380988419
85.25821898411925
86.46305739615633
87.69881785289459
86.54159306926442
87.22133421245758
88.00661724812277
86.85639538474392
86.34870551131333
86.58062347007203
87.22140793799234
87.91815024856048
85.80550319786902
86.368937355867
86.3372695890855
87.73532857542622
86.82223888193748
85.05769264667745
86.57184317739478
86.79214536075067
86.40922326753358
86.25994002738419
86.10422013482498
87.81130750734962
86.16319567111984
86.62110586391961
87.22913103599129
86.85725361410488
87.65235207205257
86.44116430617068
87.07182642903936
86.68106348585655
86.0959593355856
88.18735333775977
87.11529714172562
86.83451574786207
88.09026019875927
88.02375373617163
87.46032362202861
86.95188323644145
87.09389224963405
87.41623954804035
86.65940535842405
87.32261188612955
87.42913527954002
86.56842348988498
86.83631405032665
86.10840405075864
87.99510748493377
87.12691690677094
87.11834490880143
87.58955747373516
86.92313098023368
87.09401541732197
83.6929479511559
86.75950621499672
86.33163568135215
86.21672517786557
85.7312867029856
86.9342166082818
85.78219278432836
86.93869104328938
86.40920628272357
87.16901988884466
88.31629914485711
87.4184562343802
86.87898329467994
86.66404818084354
86.25747593158349
86.21176090779984
86.54457961738808
86.65310204664934
85.45049521325195
87.59118604872957
86.98003346295489
87.12404647397952
85.80235864761462
87.08144587922745
88.03522477052779
88.7948116385052
86.29751963397975
85.88259904663008
87.38472112344346
87.39492528492106
85.79911236907223
87.72942317141518
88.35070749158885
86.58117037515068
87.11568825657794
86.9406467865625
87.31801589413888
86.06836953222545
86.9682754677953
86.06677046997758
85.98595338508972
86.75895343089545
86.23542001251921
87.30058062820817
87.31504815926402
87.5967911075554
87.78751382419507
87.53251192850992
85.84287501640605
87.12494079986338
86.58351558368977
86.50952324402512
86.42785904216336
86.79245151797934
86.91619512232646
88.08000280225576
86.19878510142054
86.94819450744947
87.09880611789897
86.36326888036984
87.45431824354937
87.50768620400333
86.89275675333575
86.3876843907793
86.2840641617855
86.76458053889428
87.95158794269146
86.70745440795423
86.99102724442896
88.50214048787943
87.56760638277622
87.20773593696201
86.68227470449251
86.29923918136858
87.50846867418272
86.8520396972837
85.90131810098278
86.05024937730373
85.43557565954752
86.74894305481315
87.6510403741301
86.99760397244856
87.92833298314387
87.11726133048565
87.9024982061599
86.70000659955362
86.65394354570999
86.01587187073375
87.54574035833345
87.81743125022493
87.08464744290701
87.89985474398512
86.6771442650081
87.54866262227105
86.68925469207119
85.57686880148053
86.19417192943537
86.43921347036027
87.85882899194564
86.36435765305244
85.58621565844652
87.48252002249012
86.20810211248873
86.848336893312
86.40551088401791
85.56948816174148
87.72727802729449
87.48024804600375
87.07817044730558
87.32479695501847
87.59275736927447
86.41539682971731
85.70277594772027
86.39457161106151
87.79398137965056
87.2875271565846
86.89100234528641
87.34838392319682
85.69082428502827
86.59421143992417
86.6080762037397
87.02335068333898
86.99850401240363
87.0171697583909
86.42949225735777
84.9728396572364
87.74813531103041
88.41739801255999
85.91356194555257
86.64689411837884
87.68867313475657
86.48804973663978
87.33563018389363
86.08669980134688
86.49545164111849
86.70032707415086
86.87880020884376
85.88404470726489
85.57324390440563
86.64652029098977
87.24179912984282
86.81831303683752
87.15610590911986
87.6249847051669
85.2192419614233
85.67440366483102
85.98572672599582
86.9894479002201
86.24956222257121
87.68361269639378
86.46374018299484
87.66384576582817
86.53925990060984
86.71028802650052
86.49583626886496
86.08716321920902
86.60870535776122
86.62593256574212
87.8098675247353
85.73352052747794
88.07797868876364
86.19963833317036
88.13646535371153
86.91122180306944
87.98018536352498
87.73554353911281
86.99285910333845
87.33492894853228
86.69955277186405
86.57518101931889
86.29097967264693
86.12983257120675
86.24258008128128
86.59179018353801
85.80172784193114
87.11007228563703
87.19940154889835
86.82069797482114
86.80320806242997
86.29853602423756
86.63221227685952
86.15786738631111
86.46569092292312
86.79869320972308
86.68380547895599
86.57817398721953
86.07766800465203
86.84039452807593
88.09704348758936
87.32396045385705
87.10796397553098
85.84250865897374
86.36779476513502
88.04527917130156
86.12849266646208
88.1277039205626
86.55053919354154
87.3228768491751
86.79609975666772
85.73554805917325
86.72347596655297
88.09775983772164
87.04935551412746
85.18117924581925
86.1502325253126
87.84810984238509
87.41747601607914
88.2288797259064
88.3175656324709
86.82832348229856
85.72488822614173
85.39350699327593
86.26395127649633
86.33113717645543
86.60435741206247
85.85413035867363
86.98056945196365
87.43172059795151
85.4387457821894
86.35410844822339
87.21410331169885
87.48456570458046
86.55325918086282
86.74308721468259
87.94411783103139
86.36330716759804
85.95498411882365
86.06814908451739
86.57787573203449
86.96373021890525
86.3406078404157
86.81647633781874
88.33760137066038
86.43872372903492
87.54915388724552
85.50112258671703
86.81421976943757
86.64582763874733
87.4542715243686
86.91504479843842
87.18470786330538
87.34180339206699
87.53958560070805
86.82796426499047
87.21055933083916
87.03068959669724
88.00050220696632
88.06296340826034
87.01214438744482
86.32569203999165
86.4813905856721
87.75288317723373
86.6080755308055
86.74398168355283
87.56936825672487
85.7981997787194
86.6647003970196
86.90433773326909
87.04018217768669
86.64675330195661
86.3706957334445
87.02254914330895
86.8363463177886
86.87017040560136
86.71736855259927
85.75259261110345
87.34152798071452
86.20390611798501
87.54688517670526
87.37269413736266
87.29834315795577
87.15573020604853
86.5201568536801
86.70882442745743
87.37284909833716
86.4810862995304
85.7388100725172
87.86488055210806
88.03163690175701
86.45691412202747
86.03282672301742
85.6416564276228
87.17270187634148
86.14263998575461
86.55132647633596
87.63807705507533
87.26664548377741
87.51168415014577
87.12788726680223
86.8119959886135
85.88170089923572
86.63181961645802
87.08559078066531
85.35595067461115
87.06379375951298
86.68131604638307
86.69252503986532
87.16531880348893
86.18500474406697
89.01917461510926
87.67289248880486
87.96255783477031
86.88012108009578
86.82538080082396
86.33184756285533
87.52255303916498
87.15353605152858
86.73522660117371
87.02625906386776
85.94804507698534
87.51648435530174
87.509987049923
87.00265536695885
86.66185643794462
86.92698319744571
86.57427150852504
87.7143339656612
87.10084011313346
86.02357002186055
85.87602570502041
87.06756721554574
86.1225776830744
86.44496440521586
86.86523545092814
88.33530343448452
86.71089717538172
87.44375854068653
87.2398242893982
87.05537353083358
85.77140799565773
86.13170868099733
87.39873040792892
88.30647813764342
86.39194150303067
86.97448082078724
84.84823520098666
86.64424392711155
86.61013838919445
87.5515573930124
86.85152724107043
88.74748840422595
87.61555330604375
87.78073748835624
87.42579302808534
87.03134066588001
86.85233257768017
87.09056151511165
86.64174937107171
85.69307340461252
88.07092125319741
86.62297940688845
87.31465489249095
86.9586180947579
85.76742403827924
87.44529766632448
87.55053391542434
86.21135170033527
87.1367064629211
87.26585873289689
86.92195470668841
85.75402126657036
87.65992304565953
87.3152731256326
86.3367831789665
87.64486920011542
87.88500665349375
86.78360294892911
86.707490256601
86.42490675632541
87.90199899121778
86.62912518628022
85.98064973818667
86.42067888466298
87.89108047352457
86.34482580128393
85.95641843376005
87.04763987517505
86.75504844889892
87.9219546041803
86.69662285654485
87.02640661429892
87.66405820871981
87.01591582662617
87.1976894725631
86.84578685064842
86.9969282414375
86.52268005198961
85.97284704172284
88.92171974546781
87.12842408479028
86.95653587242495
87.99024283875634
87.04035704748453
86.38194049785935
87.30106056032668
87.72753234140379
86.31737201583493
88.12800652461017
87.27411445602593
86.7163274741893
87.07415322365422
85.87875238748362
87.05668487726933
86.58529877308935
87.35577938710549
85.9915175899897
86.85899063796737
86.80752991568575
86.97827768248777
87.10127223107833
87.00237491103825
86.29662822073294
85.83074128918753
86.99701930677075
85.02305257670145
86.69872934946734
85.87430396277028
86.44398495824379
86.97529288703419
87.3198459552891
86.82991079854027
87.13810351159545
86.40924795271475
86.91464852008265
87.23194560757813
87.75808971207682
86.12059014368184
85.98700338295536
87.34007534506813
87.59763749510817
86.55684058173648
87.7085813485819
88.20911458203251
86.91983493787498
87.06048678821202
88.18477235360598
87.44175940643484
87.0533265720499
86.58701625401915
87.8738790344726
88.08429826535362
87.12412323324259
88.01133797935677
86.40712882010136
86.82880952077005
86.84797320015319
85.58082029236805
88.26147056999177
87.33347669163724
87.3588115917433
87.09984763664183
85.7581656370687
87.99855749349626
87.38794856840236
87.61877218150757
86.77947724121216
86.93000918587994
87.82457070347904
86.56827603802951
87.09643357287274
86.30698175833332
86.20900271004498
86.32128027361419
88.50136736246822
87.05769813825056
86.36153981167661
87.04764847408582
86.46899738627918
86.57839292205897
88.14855628420267
86.61949855996468
88.73701962482211
87.29296715991084
87.44066777516805
87.18748997919516
85.337447830768
87.32452675587604
86.5219287972763
87.65875418783855
86.95959084550233
85.11038195427531
87.88580868827488
87.32021427556973
86.46256179149691
87.31646796413061
86.65510958417418
86.71959350379363
87.75291268314378
87.60471528794231
86.61522826984391
87.20361622737671
86.47635102594498
86.61204584361916
86.82377807047283
86.36551189827037
86.61950705148855
86.34442912291608
86.82861321125118
86.33090726853716
86.61209979029157
87.38446131265309
86.4481084931046
87.23842727214605
88.26760450540867
86.11684061202253
87.34142342116111
87.00953669138863
85.57072977822558
86.69342031831614
87.53598774030584
88.04052436622244
87.03563710667196
85.72998879107638
86.91616867010298
86.54310113478108
87.15199299769134
86.3157374803722
87.19450886148931
86.77994884027264
85.47946289301653
86.74692910262647
87.16012270746168
86.26233853234778
85.65453252254939
88.61814324865522
85.47249937917923
87.56938561033634
87.44707567103981
88.36819992122133
86.7255694265768
85.55679239248171
86.55339479551694
86.92667587112022
88.1863469809963
86.00023744155709
86.35817750127529
86.3486168688558
87.62062676604032
86.90138376631702
87.41370419393347
89.10775079054604
86.05725725738127
86.3428655895168
86.90801281855501
87.23279371729325
86.6813605680806
87.15082598043762
86.07818218322411
87.93632024876743
86.61246727610266
85.6898988824112
88.17624241737751
86.36896451850106
87.28895033755705
87.30806460900794
88.02843345622274
85.41224722008823
88.23387164523822
87.11213026772732
86.51819407066299
88.467732032599
85.02117017731823
87.72369000233539
85.56965409130038
86.04020019789928
87.55774788507007
85.39247425334047
86.58256125329811
87.0421368481051
87.06631019401468
87.12735439327534
87.0546629165071
86.27041193746973
86.93682802613031
86.11157821784029
87.03242106191834
86.99787631899115
87.43294305938488
86.63174632142577
88.09441514271816
87.0057487482109
86.39918391598303
86.98681611777904
85.7649432138851
88.28736434087507
85.60476018525439
86.68889716197117
86.37533449887907
87.1810090547414
87.2650772406663
87.85244675708817
88.11939197927329
86.87314967135237
87.14094819208401
87.55105937777759
87.27872489335792
86.21299046237326
86.7505153199986
86.58074015265737
85.51354597090781
85.89537238684177
87.86192334555597
86.78775624844403
87.48335096135966
86.47959720207157
86.85745687009592
87.78313158714138
85.23384632831005
86.23559120743433
86.99054126375356
86.7970680957818
86.78191661465617
87.71466339225697
86.78241426172019
88.42340451092323
88.7753631833778
85.9711300632332
87.03509352648847
86.54604357345113
87.50771010745281
88.03412906506361
87.62962912892606
86.65101146364184
87.32880387810407
85.54385151999348
87.68682733109925
86.75206395403156
85.96339521000483
87.21640279400857
87.03913086369404
87.00833784543866
86.76522444259749
87.22359584699457
86.11076602333625
86.9287841171119
86.77974237083089
87.23788993848785
87.27866440141875
86.81310757889845
86.73603322383693
87.25346460245765
85.20456439048486
88.21494672079095
87.2308538081108
86.78270043084585
88.54206321455506
87.24458364007315
85.66293357930459
87.1583438717485
87.45738909903397
87.22209515782646
88.5593084296313
87.16837641731517
86.88034596147486
87.76863274713136
86.37564801061886
86.3610182098933
86.07553419906054
86.41169556869158
86.53907704516713
87.93980014704309
85.50145984575312
86.10620058997944
88.45900195490991
86.65741071848348
86.60181837354737
86.42206611208988
85.52530623380859
87.25921127112225
86.86755237660259
87.25065121333603
87.80856430391235
88.26482374212978
87.95883592819595
85.52910031586168
87.23572492663915
87.8306508908092
87.60892346138013
87.61286814477464
86.49319311745944
87.75054232584621
86.49792572378144
87.02411791709507
87.44528469185127
85.7614118613727
86.99153466105938
86.99335486173676
87.20731771822926
87.69947520845294
87.22963019395728
86.13500013558506
86.09014284573712
86.81395564488899
87.42722900990684
86.30618108239946
87.9901325907857
86.95713752256715
86.52468761731365
86.11292519532594
87.02669755514175
87.29006026124551
85.42049261629327
87.22591260784226
86.89491432403416
86.36758984188633
87.41326655789736
88.35022123800955
87.30248446137166
88.45457598599107
86.6134923208425
86.90053122859685
87.28355581428708
86.65223905978551
87.04507300748165
86.96890566750997
85.98818455179162
86.7142640388714
88.67313656299511
88.00401009257325
86.4390385387329
86.70738533745768
87.30407941328794
86.57105319693464
85.97337710429879
85.8232721115629
86.95672236840804
85.76138208823777
85.7828311841335
85.96934277402069
87.21489415147899
86.99436273533367
87.36026193030756
87.16222083037842
86.07982336072139
86.09819243162539
87.4121975283815
86.90373695250156
87.84618128777724
86.94502186452324
86.42395733670179
87.39401820298234
85.82075906561543
87.18792615013658
86.42717876465717
86.99260226679947
86.87404846699604
87.02770850005787
86.58642547741893
87.85475593419358
87.15959739298307
87.0021607857778
86.51600463826775
86.53123028355112
86.42108435720087
87.50701263509892
87.54692932361762
87.91897595560783
85.13827491817864
87.46711668634727
86.95481383164136
87.6983256134442
85.84701449482672
86.86302295132546
86.92101177999918
87.64098797836019
85.91689228695493
86.54361035906972
88.35113804247311
86.91147267555074
87.12406921000702
86.72821600892385
87.04429551290502
87.13695023616627
86.52392242651729
87.18490299878202
87.41713866945169
87.16080933875017
87.44858826516314
87.44052345681258
87.57119268696798
87.72689806381213
85.60550845935747
86.56912547783334
86.38161203269281
88.0056661502734
87.07199607331373
88.97565346490512
86.20398691296253
86.29508364172236
87.23469398052131
86.53975374111066
85.8826467975986
88.07171243769321
87.74379251475413
86.20253808283798
87.48891093174275
88.68136122010637
88.01166948582893
87.0356139292348
87.45816838814183
87.13241771924984
88.2717169620111
86.09822068859722
86.30240525663962
86.01591368461187
88.22174424617472
86.80829608333661
86.19394071553594
86.52832045335595
87.71001883291821
86.87018344197013
87.29560769536802
87.82422249941945
87.03965615291841
87.37995632897066
86.80666793123511
87.21053033774557
86.91181736161222
86.4428340620974
86.63602865185386
86.71743808702851
87.71478579861297
85.85543464618992
87.03091421073177
86.81366785445594
88.10775852530801
87.34680068103486
87.07207838173997
85.93432625810708
85.76827587086122
87.27167995385224
86.79943855624201
87.56266449500995
87.2026891055554
87.30006596778355
87.68070838902514
86.97811027018828
86.53187495872038
87.81405155957775
87.31657069250565
87.60423450439455
87.34750750303007
86.73479766487601
86.14340389051011
87.35435012277783
88.0912259910305
86.09780251467937
86.94994021960335
86.53892524715984
87.27834530862646
86.55632237834146
86.28775066856336
86.97994407245031
87.22528694734675
86.67027496333554
86.89806386122004
87.63142514311157
85.0994488729309
87.25968600687385
87.27837328735592
86.30830034891997
85.72272228549349
87.84252782816841
87.1683575508783
85.81664453580085
87.25602656313004
85.44351762974858
86.86149212048136
87.16892055382698
86.45004228499339
88.64302546382376
86.91117810256462
89.02999607990844
86.56578415850666
86.19911997364783
86.59984911184776
87.11004912560465
86.77972829484295
86.44534997660095
87.47700384134525
87.37800391319806
85.43949555801171
87.59545147597434
85.29167469971796
86.54674146029498
88.00501981281406
86.30030612163249
86.63145472997324
86.78876554299356
86.43119181144002
86.06338610753681
86.11922785370628
88.36503296990483
86.34066782273051
87.66063913456568
87.50284589137317
88.00878762669444
86.89870178008542
86.82637319570627
87.17870909556272
86.24798267278399
87.09118349757223
87.88503550557762
85.91561823748681
88.05227444620853
86.38498126284902
87.02259037021838
85.75154106660618
87.16848467635724
86.07197952889602
87.32396552512172
87.37643332863432
87.64215578550237
86.85464704597102
86.9839074048111
87.78300633990311
87.28937317174456
87.67414060732278
87.60695123466672
86.11840299012313
86.94975640355891
87.748027613695
85.56522609742238
87.05433619606698
87.10947919718848
86.7088059974168
85.07848378509138
87.87609394521009
87.26259537606298
87.74876807241179
85.32720832805485
87.57130730811048
87.51308510593026
88.22296946387407
85.99301430265834
88.34439915010265
86.98645742220073
87.95407380559168
87.42577243299108
87.58548875165825
86.38331112789776
86.98750667608522
86.19422880112184
86.21542115732389
87.50203574517938
87.2302571334227
88.23225349263113
86.53069490002899
86.97627508305116
86.57498688914309
87.07735295650066
87.21248689547123
86.73751403077607
86.37727314015751
87.29369540665782
88.05997837314641
87.53647534261991
86.46044646749964
86.48941061554531
87.76641194884297
86.40998824591574
87.01849462572213
87.8439216499449
87.67764585170208
87.54496936167479
86.30610270807026
86.86698064240292
86.3892524145727
85.56644442078516
87.26676810684441
86.59272500102124
87.47097964531619
87.3267640446012
86.23202931103252
86.9303531143572
85.9219251962928
85.68334894363224
85.46011236801859
87.51126957042293
87.66349233908997
85.28590896977788
87.71934580068258
86.94414218669586
87.99986408966397
87.70966298702085
86.49269251476568
86.5244496845645
87.48896633670832
86.2552591571688
86.9798449219965
86.13607859257765
87.54496734253371
86.7379729535216
87.42138649707705
86.904600027097
86.61547543842988
86.91259197797893
87.4643231537337
86.88250616265078
86.3136613355473
89.15647905472089
87.46801479510425
87.84123428170777
86.85898331258555
86.53329219437614
85.64492048863302
87.02560445291661
87.13410167989409
86.98690672886075
86.58578435734229
86.70533510375108
86.85728739434353
85.53094037812852
88.41810606621188
87.95727501071941
87.23736576587373
86.48199487036334
85.88728725435408
87.6620377234789
85.2082714815002
85.71534122837075
87.19885425597751
86.51321913111357
86.66772673755409
87.25265467314819
87.42983781057323
85.92223898640374
87.50821475161551
85.75140584920894
87.10414603555473
88.65841923215991
87.53095472119205
87.01877522658879
85.16200096441577
86.21792823532103
86.74607458787114
86.11208027718637
87.74577670475837
88.27532226410584
87.4069944019266
86.4982914099311
86.9601857642615
85.81054544929988
86.8643836960527
87.36586935804762
87.49387669380262
86.83125104587293
87.5892056298002
86.65011844566551
87.65375224208097
86.44875789935091
87.20443445170312
87.05879135621608
87.98072983152707
87.82632629050055
86.70872834821144
86.43634098300998
86.46371904063284
87.84431016367495
86.59295824124072
88.48299042875676
86.24590672664968
86.74352385555653
86.4154088855566
86.6305708365232
86.43244088180849
86.75088771840326
86.58754594796302
87.29404280334273
87.06598335743644
87.04003983060046
86.42947395380517
87.72930612628346
87.59616312371986
86.55072643362502
86.12446151365916
87.05045365556433
86.64275125029215
87.4218613455877
85.13234928159271
87.87506805455659
88.39631578297202
87.42965765361623
86.95388061130974
87.27972054562137
86.47653082670182
87.06177502022854
87.13387585367303
88.16335772692013
85.9061816580993
87.67911073621025
86.67122489695163
87.36224057903085
87.44123320447109
87.69249528170876
85.8039678695127
87.75752725302165
88.40354467362793
86.84197764694676
86.76671111298741
88.24510611096665
87.04180636790473
88.79117309357481
86.5331798234563
87.49488312774756
86.64220701452857
86.43963682457633
87.61374095852746
87.1225597993071
85.87701677720419
86.58023127468184
86.07843729678694
86.17060242978712
87.38351843193445
86.37772691756952
88.25334034974256
86.06369289503958
86.35222827842935
87.848727459702
86.56320531550313
87.26024343211216
86.49808936428683
87.09319438981841
87.65201191156535
87.75577904027577
87.45782288043266
85.80474708903706
88.41385870908333
85.80230028896266
87.41028550768252
88.18142491952281
86.15353934535814
87.94213610314802
87.44721593230115
86.99513810156034
87.34810767342749
87.61092518733119
85.9353005641471
88.74683803139125
88.14919139112735
84.70374391808446
86.37702315569011
85.75845746010421
87.78003648504394
85.83259580261951
86.46604382209821
87.07152180268511
88.69510096334945
87.81131140523146
86.99130166426188
86.51491391409589
87.05328215843511
87.20090750250797
86.65692072913501
87.51480397849609
86.58977178899818
87.0452669174146
87.64491261488854
88.27602318852847
86.52377995487898
87.94695480569374
86.43761924716233
85.8187144835015
87.99089194830655
87.26702926554907
87.78801555699181
86.97614134000756
87.12021622865765
86.52441600418243
87.14750249984074
86.9445472456791
87.2185743648226
86.57078791297856
86.38750983065181
87.42416117327538
85.71296520201902
86.03512227990252
86.99564328854699
87.9261171148525
87.42228259754783
87.90291600532942
86.71752673071897
85.69740980264378
87.05389940182073
86.42493655943318
86.24899039298899
87.746144617292
87.99101103904158
87.12923163953077
88.0525274823466
87.25754910574324
86.52467142382321
87.78257474802965
87.19048624963857
87.01296540279371
85.89252709814022
85.7660221021234
86.67422577877194
87.48661667416624
86.19344366490539
86.5756102150243
86.87591826687026
86.79090813804457
86.0117257184205
86.83433688585981
86.43455179664755
85.25612739114992
86.48067160508705
89.36280257094178
86.96977970310991
86.71627912725835
86.76882862671137
86.99559841474178
86.47220422386405
86.47611208087496
87.14974429521571
86.73793171576445
87.84515136771422
87.80147582978732
88.04082316884303
87.00505124892193
85.31251739213955
87.32736503974937
86.66699738436041
87.41583663736704
86.67538617350593
87.11231109136412
87.36867113879373
87.2287393692207
87.25056404493085
87.77841798871371
87.9852739984388
87.5242922672336
86.92285787279508
86.57283048927324
87.65573937755839
87.58867975240074
86.31170112280134
86.04403688658549
86.70385753317235
86.95524408342706
87.12687754284383
87.66895141610067
87.28403880173005
86.31345432041273
86.91274491523085
87.24259164740505
85.72539954264339
87.06708588409518
86.46519368588812
86.66289806792257
87.80687248423033
86.03944746056281
87.65168600898679
87.63611830241008
86.30998188535897
86.55593892956445
86.16006545855035
86.75317607524107
86.97227915479326
87.02929226660314
86.22072693501629
87.23975002909921
85.79907709428161
87.11017426683577
85.64704130053181
86.93413630949489
86.9924677379825
86.57950777438992
87.1602367791824
85.93351417903433
86.72649348005339
85.91333909534956
87.23777892100384
88.23688163676613
86.95631806855461
87.25998832439022
87.62884566119929
88.03014225852408
86.91181115741362
86.95245449494429
87.70451861890992
85.59321678625359
86.866418415827
87.85988190882988
89.27522427778126
87.27592169052683
87.7641509027884
87.21853289995187
87.94211408508906
86.51377636419524
87.09987591403173
87.83498845395937
87.50329802116758
87.29827872639115
88.09384917087878
86.63270827933401
87.47155038717786
86.98440509854262
86.84215517175534
86.90396143499514
86.59299856609434
87.73981256129143
85.70059074867022
86.55038708590155
86.99031116450351
87.66905774541665
85.61741441432461
86.46195986910212
85.24638261447096
86.1658711660596
86.48890317104224
87.43556709222366
87.76650144964773
86.17883744696327
87.29122469530347
86.53075771874028
88.14674982182393
86.2362428675119
87.21265026026224
87.39249489470875
88.18387591432887
86.55616723343203
87.01327483889376
86.90621654728015
88.4724251487868
86.80093292585731
87.00157278966199
87.05708041183532
88.1269377239323
87.11758131960296
86.08526614585531
86.26566654187076
88.11142285464733
86.29435429022986
87.67896359837937
87.95168528363324
87.04118539975325
87.29933978421624
87.61292435380868
86.80187811717458
86.3363628100006
87.26683615871403
86.28521523105938
85.70441522848941
86.54443107308586
85.82832433880311
86.36480405804453
87.02142163104963
86.76388862589934
86.73878471415733
86.98356186993523
87.42079074127697
87.97930650530459
85.33657677664401
85.80096677439863
87.11650758204813
86.68202131071882
87.4461913424145
86.3594822281723
86.4206310464464
88.66800704487524
88.0128909626993
86.0196757255211
86.6547758071587
87.49710922393675
86.3577166509026
87.25842203013961
88.0206734838664
86.89437296880516
87.1006380201843
86.49887051334929
86.86401337123952
86.41052104446295
88.0651115518093
86.94122108210208
87.4396811501632
87.01148075416421
87.30902554827986
86.9375316611223
87.58562614221559
86.49550651318508
87.69245781941805
87.67247697098071
86.85524860332117
87.12504904313901
88.03765459148106
86.60663012192893
87.95231850481822
86.98132150799778
86.43608694251364
86.21561701953968
86.56642159459865
88.21785355730422
86.07717428977054
87.76259087641178
87.97027927251057
86.13827410351821
86.15844127885484
87.70506976749195
