85.81602069867036
87.55191662173222
86.49159573094707
86.2480877835012
86.26480509297876
88.17409951506313
85.75030772093947
87.52599655078743
86.5703129019792
87.94678840074927
87.01458370003259
86.65170601953464
86.79800816330643
85.88636650832731
86.80103086181846
87.08678602638567
88.16425399845527
86.8688547016272
87.1168283008678
86.69456563169739
86.36900069571317
86.86391168057132
86.45546776997732
87.1207711593579
86.00633605156621
86.61343187134202
87.42335978572476
86.95028323675025
85.86522079989598
86.922275950333
85.51659202524027
86.67868395525771
87.37852863524806
86.68598253675825
86.72154544445272
87.02463567791489
87.51643621121487
86.78194597297886
86.39413525380883
86.7552963489543
86.97772167707764
86.96335335054302
86.73176288450723
85.92026890649946
86.59093901101758
86.47745351149123
86.45237885316912
87.29596138906871
88.32367187451479
86.22333608527666
85.67259208953504
85.35763752718245
85.51877853320597
88.23999635925627
87.77978637700635
87.79358702397674
86.43222209931973
86.95182163313159
88.72992098820318
87.62292506042826
86.85263029180024
85.97422143182817
87.23385400313066
87.44646315536691
86.62762347459575
87.00443048280833
87.4418102545003
87.16498624222771
88.85925723168089
86.64056675734912
88.15609573433318
86.57658323464514
87.77816727494066
87.51650871200356
86.74837580847317
87.979322406205
86.83359686695557
87.54969275814368
86.40083962652118
87.25342583606438
86.580618174706
86.35226720307355
86.26997030146045
87.57540981885799
87.29026113391369
87.77876680987627
86.75563228585267
87.67368905528939
85.99863662812143
87.30743993567751
86.97802236560328
89.06833939758103
86.40017103164523
87.48495578880099
86.97326409045695
86.51078830189601
87.03540478815712
87.00139004320935
87.92724007246959
86.36854864480462
87.21967298979719
88.48505173612237
88.95378568427267
87.05407261360415
87.49487980489997
86.31289764887286
87.1137203771961
87.18855446710491
86.4707534448942
85.71090161493247
87.51131728569209
87.82545437542983
87.76353971812982
86.43849046234995
87.0149409917736
88.06096860946215
85.98994556105346
86.4318141981351
88.08117319452701
86.55492234774248
85.93158733854418
86.59957708788512
86.0837576384329
88.05852659919734
88.49763739260912
86.64859156674957
86.44934782152846
86.33945205249289
85.93311164935145
85.48860174493444
88.1897823738444
86.5994854315471
86.08874232210407
86.69377991113532
86.13093849440247
86.46825654185265
86.71812208282135
86.86668930989292
86.69096825818704
86.20975373333998
87.85817083348071
86.59907543595676
87.32736301165151
87.26738689035568
85.41749542369229
85.85973275861164
89.37006197929499
87.3474219027512
87.1245400424413
87.4624902592115
85.70232679175315
86.4716533945983
86.16547200618012
87.09940682063352
86.57114322417976
87.95254550005387
87.76352016691426
86.23551445277108
86.40492531613499
87.0592472125453
86.94546013551584
86.24692197465954
86.43335940688515
86.96008694150436
87.61073734130329
86.10086973638795
87.31467674692108
88.87549374285472
87.3848052062372
86.91668905612016
87.26997323670358
87.17191923751157
86.6022809581135
87.30227789521005
86.04695216401302
88.57947169948856
85.85586873056074
87.21114670677416
86.56922495742107
87.00907830628627
88.44699253945905
88.3482317922344
86.68925842769247
86.106792545431
87.39003326052672
86.30577088929023
86.56442391958454
86.88624182018896
86.162626106678
87.27591344771112
85.85934377242488
86.59742662409688
86.56404581788559
86.41147028937628
87.27767465338086
87.08252832060977
87.15916923969488
86.86584556219242
87.27868143472108
86.82732952155654
85.43294382303344
87.94791620386333
87.32029819737947
87.83625648518321
86.48906082743335
85.89603506320005
86.67417396635315
88.07222728480413
87.90663651278386
87.00130102043686
86.76411124653514
87.29637088561523
87.07586323211147
87.21085670472068
86.10474693028418
87.07110514927597
87.23851352697183
85.70078744627082
86.4978022977426
88.64588844341232
86.17144122582191
86.35764557469922
88.54502334222312
87.01632457836851
88.14499231985624
86.69493200544582
87.22502148404224
86.1524717762381
87.00742911795156
86.93319527277241
86.81554794759069
88.98650818163212
86.91872281414716
87.72005666266253
87.28560303705143
86.61359392257732
87.53603543046366
86.9614064332471
87.72372848659087
87.32351592666294
87.01580791008315
86.47468341761586
86.4567196412283
88.28902485088369
85.99238029982023
87.1205927608025
86.4410142124145
87.04791865853369
86.51957295091994
87.40120695039352
86.86426659349347
87.68534438533021
86.92285078104528
87.15420580074262
87.54254354225567
86.69706422293986
86.29234613170107
87.35231412587282
88.11022681270083
86.81076124406897
86.99078052454233
86.97039904683055
86.66668785396035
86.4253018409798
86.8983471938183
86.41398443371446
86.8479999765381
87.45028698860399
88.70404334448607
88.01782957562666
86.47973721284743
88.89278481462297
87.56033567008353
86.13925757821282
86.69036226464564
86.11026141895753
86.41477099583918
86.43249892414248
87.00177392855213
86.79663091950368
88.37914663885397
87.41783306916533
86.75591961075422
88.30752821249666
86.62808565097994
85.95052265363272
86.56133246357031
86.3481973360199
86.64525195247863
87.20847105399378
86.56646299838816
86.19782732976869
87.29816936514314
86.52265356645282
85.70529930717152
86.91785258772836
87.6042626946889
86.58622914781844
85.51674467171509
87.74761504934979
86.91002813382914
87.27965704797393
86.04782732818687
87.66299598333683
88.03512014172072
87.83289873007739
85.60480808984175
87.3547440327788
87.50003238931347
87.13419101366343
88.0438121971016
87.28641095116626
86.82221434406122
88.29132803375045
84.27249875938432
86.89563434162103
87.12603056805966
86.95033720729562
86.58150739970448
87.07767210012861
89.5011838688178
87.3429677235073
87.49091236453829
85.51910543399381
86.34566601701286
87.4978594257453
87.58050096170322
85.68547599170265
86.9415167734583
86.62645219805658
86.74145519834586
86.4652432649702
87.4485644124259
85.85248730603867
87.58842905426926
86.17003601067323
86.99252191320014
87.34308255476728
87.15504109087597
86.3251771053041
87.51230071178594
87.55621194244912
87.29177992220079
86.48356892756661
86.77608656045693
88.37699725210713
85.97783252767844
86.76331265409762
85.55192009026011
86.69079873214784
86.56336099139592
85.99743314136045
86.3903558692112
87.48929140060444
86.37255866527366
88.81711251141435
86.16454820130102
88.08046524041677
87.78087173164036
86.84952113770049
87.7618918546362
87.5600979612974
87.41891727466336
88.02962831859973
86.64060891443393
87.95327638479652
86.72788724186245
86.63081860093175
88.26468965304318
86.64134020067718
85.50417915002723
85.52366587781079
87.42281509750369
85.86171016203532
87.17441075107912
86.92623392788265
87.36549044963712
86.34969017051289
87.50399458913498
86.64172050160018
87.42346410496577
87.85941898848864
86.77463512731069
86.29760615081636
85.91389430778761
86.40868073302686
84.52341540740228
86.22599790242813
86.0887165706673
87.79719172151931
87.55186394675516
85.77354632427293
87.54405699572973
86.75256061875493
87.39780194019583
86.79616134802714
87.29390479672284
87.06415280012276
85.48255478202093
87.10471929828432
86.68594493389413
86.54402007952129
85.61802080708316
86.6773790434244
87.5431397185431
87.32757927391474
87.5024731428217
85.46774988704551
86.32140417425133
87.06774082140596
87.45810916164153
87.09100624427296
86.20792900888308
87.3255514303202
86.94827468765588
86.76882200162002
87.68347264907983
87.06037976091841
86.58845709449142
86.50148053735215
86.0228704538944
86.26125680286235
88.09865243673924
86.3751720517067
87.31098095246475
87.41755889006932
86.63472701420152
86.52466595749824
87.2542183081401
84.80628839766094
87.26013349759305
87.34557420489246
87.11438279092083
86.73965048491806
87.3675238975722
86.77318504517226
85.84792163427889
87.09171030229858
85.74481622834838
86.3494378406748
86.52127248214843
85.41805090081344
87.78048747655352
88.02635304793722
87.08181268073686
86.70250341478275
86.85419549927833
87.11262374383006
88.80646470002704
87.34568284784498
86.87697373672181
87.48900994788767
85.96337804123004
87.51194981056537
86.13693138119267
86.66383227170093
87.33258067331029
87.24311433605612
86.30846247275585
87.37185802230043
86.66646821726424
86.95879553984592
87.10534794806506
87.04760318688962
86.36613862127452
87.31837967464848
87.18185526325631
86.65648076047641
87.29008689187262
87.29143865850274
86.58051088751621
86.34283728258046
86.27140804587721
87.36647599103287
87.07755536647488
88.71282907442125
86.88037080917628
86.39991827899465
86.25643212584714
86.26588839067458
85.28210800246292
86.7807796718902
87.22129019174572
86.11659776987713
86.02059194444952
86.37782909775086
87.29480066888607
85.73498103448983
86.52997234217389
86.09825157161559
86.73563602996441
86.28527924398007
86.52441728300558
86.48139982299179
86.73642536244117
87.61488547043538
87.06959268375994
86.8447128637086
85.94839486407396
86.28331668496912
86.99565910693426
87.23773187434
87.70668532523649
87.25550214819457
86.23845775871881
86.03144391808601
87.28571654950744
87.52996353562587
86.46859186284225
86.68313047610408
85.52662630360689
85.75223965696776
87.69961283240465
86.90428091088576
87.63608648379964
88.80949891978645
86.25710489715277
86.01791233637178
87.67976675763163
88.16086185041561
87.18221950174822
85.5961142665966
87.18496094272001
85.25330352203058
86.46833966946058
86.96873865132184
87.80141575603949
86.91805530705919
87.57570961192518
86.40201017271133
86.48648511437267
87.79374531234868
87.60537451504733
87.03203039007539
87.0617162362608
86.31217287527689
85.99530160259266
88.74798694318609
86.62920759097689
86.90193742645818
85.88981002548901
88.04760882045257
85.94906264345515
87.59756903722504
86.49600243130128
87.09729896509046
87.59649496409772
87.21309495824799
88.00407097633257
86.96260083325362
87.52321395315194
86.89508212049873
86.56692109412066
87.65524099546809
86.88621061441249
87.04649832271674
88.26483619510479
85.70681028903337
87.37727320622537
88.13088769173008
87.62422904993588
87.14121800890095
86.10557024492446
86.97407477386815
87.41597758096985
87.45464601616116
87.04400797272146
87.61794756461217
86.58043144926737
84.56740776617482
88.1207142278668
86.30553421589553
86.33468236592473
87.6267605992487
87.11556139889998
86.53921480177212
86.62102312902483
86.18059963187812
86.61460274114769
88.0279194381437
86.47348542866135
87.91187477048997
87.260743721227
85.76830688553233
86.90011654658583
87.81928651149722
86.1427197436641
87.47704161812764
86.818184280544
86.8257693479377
87.71029935869646
86.66817372089346
86.97709155866926
86.70284706750165
86.2913739624617
87.56629209613652
87.55372994637216
87.23263147572824
86.56490396123138
87.29525685389363
84.2790039270184
86.4031938938045
87.34889431419695
86.43792355886507
86.70850432080819
87.2279916577961
87.59960639836792
86.33424069261535
86.5998738247373
86.58810780602545
87.16755684610011
87.10141664263195
86.84724264791267
86.55446698483827
86.59130535934924
86.38226628651235
86.7752328059296
87.64960868777663
87.19397987418647
87.40631933679924
86.50845083409368
85.58082614230418
87.9398005345706
87.49551067478781
87.21940070719872
87.08073275807298
86.81696935825013
88.10579110742222
86.49095943562186
86.25385047432853
86.5647342147658
86.79446125501197
85.69200196979516
86.85616195653718
87.03818945429433
87.60835856012288
87.30134976026608
87.3320567848228
87.42850702281866
85.11981258281116
86.95453976080333
86.33622312447497
87.48721237268433
87.10892355248282
86.22232052731931
85.97551442801556
87.06898596815068
85.98829676796221
87.58712913505823
86.41949375283298
86.76717973485461
87.63455793022281
87.97551740126191
86.6135168375669
86.07460390788358
86.10517007044595
87.2677113541209
88.1990718661065
87.05887385466274
87.28074306685208
87.33732675716527
86.3195803309547
84.96544650416506
85.60887080498627
88.28944777023055
87.62900978572772
85.99638915683632
87.82393579131846
86.94563614171688
85.13341039438231
87.04625709005626
86.1243348565346
87.36400165564247
86.21438469692463
87.93180308910273
87.26707904822096
88.13580719017608
87.64725853568355
86.880039371255
86.41018673548801
87.74355706981206
86.08956736077535
86.24288509703086
86.64649236607998
86.61831886468954
86.45039577381355
87.47795666007639
86.20981758014376
86.23496565030506
86.92799965703388
87.11194544287437
86.67810066330266
86.71262498684693
86.46100325917389
84.9998171526255
85.87529415024846
87.30936845024634
87.25075889563446
86.45207138505636
87.32673725654912
87.11136734174221
87.38904459196529
86.32783437699057
86.25317407883786
88.61813148363294
86.69623177221314
85.40830715515149
86.0268628600478
86.38015450971245
87.1629906002853
85.07366976557695
86.27257333234671
86.68355040901427
87.27719993412953
88.41323120912843
87.18751195014543
87.11811863586044
86.80417954540147
87.05238782852989
86.2314060569691
87.06579417644575
86.97160884984238
87.29727818830766
87.95064673549184
87.3689744250086
87.09315748735175
86.25095556432211
87.19782776268798
86.03713630127496
85.83242551346082
86.49900405866701
86.72321355345096
86.21571557690403
86.51059152989114
86.83976183725832
87.9167108770804
87.47776982044346
87.08188072276167
87.35455617460366
87.19924672370836
88.13479213897674
87.06670678850612
86.30494058718597
85.88903096491866
87.3839181274401
86.23355202534465
86.24569534633972
86.1630010868717
86.91204431371591
86.31652367050567
88.21707886637543
87.2239598393087
86.37314707789263
86.41488672707307
85.31395911426971
87.40270224147594
87.27942175877583
87.71588734729602
85.67782088539293
86.59378327642293
87.23989409662852
87.18985365882394
87.10306808758041
87.8302288856972
86.91477476993637
86.6374691404845
88.46980094219924
85.73349783209112
87.79815700071418
86.7603628008583
86.240213724872
86.13393477415552
86.13850796292839
85.88317760195478
88.05387648849694
87.73696602779306
87.12711928102458
87.18266148951689
85.86948083452751
86.13053515867033
86.22243895156322
87.99538008581062
86.29410529317308
86.80182543712783
87.31802299101841
87.81398094574438
87.01220512795088
88.68662652481738
85.84302290337024
87.13154879225102
85.65458230010333
86.6680288082464
87.88566648793434
88.35767904340668
87.69599128737521
86.57079247740155
89.51615379382987
86.7580969388453
87.90211733178039
87.08910063123169
86.4684953271876
86.19734889048625
86.41997318476307
87.27402831603209
88.47598665255504
87.39956517310078
86.86158149947208
87.34513139217307
87.17820615814146
87.12909909165195
87.32801515908328
86.40304519273842
87.52311342002862
85.83193256987461
85.47066269095917
87.58783627755703
86.16585160463912
86.08843153098803
87.81166622821078
85.57231328112908
87.89167442911287
87.81400809136942
87.71886129788206
87.84312736961999
86.69411304283177
86.55393466934956
87.80055654708625
86.0286161631298
85.86025271517259
86.69223178343032
87.51051999215159
86.75571651004361
87.04037381621234
87.83991004991599
86.97167222279533
86.37045815569199
87.35648223860986
87.94203248356365
86.41395764987242
86.8566655401726
86.04630232750942
87.4789335508776
86.71785204430255
87.28867710790276
87.24055600776339
88.38289103958736
86.89657181563729
85.23654127329397
87.22339836990805
87.32199100394686
87.80321234240792
87.99798359313485
86.56759890980463
85.6974880079921
87.76773288934642
86.06656718610053
86.56129096025937
87.09113892129845
87.65864050937324
86.86544024584379
87.70686777853513
86.63176844054773
86.51943574958261
86.12847113240046
87.37978578248345
87.03099515913826
86.15925988970957
86.6564288251228
85.85968478527771
87.07000853899581
87.26358770592753
85.84552328452584
88.13194765915777
87.83427352002128
86.25632274157418
86.84557936557879
88.41581040664545
87.83740213774983
87.34673604430469
85.88132701312087
85.72775850076037
87.04666000921185
85.98030223585765
87.46353467090267
86.9227137210519
88.33519932100798
86.75668339495871
85.58327255796137
87.3083780745386
86.20769868133941
85.8004619665086
88.37681191930326
87.29573191266415
87.76629659705426
87.56133567143483
87.62048942181687
87.13388368950964
86.58316773004229
86.84416716127598
86.02518988508871
86.55883006219442
87.2805533720657
87.39197570455065
86.01201668797354
87.22579003705236
87.20543438389326
88.37741394104121
87.44461350945782
87.01765702435307
86.77364098025838
86.54289351978738
86.82367309599597
86.13283638080675
86.96620970574655
87.02875509766697
86.82872317339525
87.00544625051973
87.41407057840131
86.93310113519769
87.8850806681124
85.56323006960169
86.70224995880068
86.37850684379963
85.76501341828572
86.96394541230735
85.6885758003467
87.89959198343077
86.40115838590623
87.05227893850974
86.90842557961219
86.02433011701194
88.59130442722805
86.12183830674051
86.13978231754405
88.0407301380219
87.11559117155171
87.80916297516069
86.06114471938626
87.02897784664603
87.17115752972637
88.72224288174426
86.72702551183055
86.73308125812295
86.3853393569358
87.29227610382245
86.9707006796203
86.29205320985116
87.23205482822583
87.33700886664288
86.91657403629502
87.85560813288035
88.3478857264845
87.75143429916298
86.38993254230861
86.95052769192576
87.00465391018886
86.38593726579326
87.19387457319458
86.08590089849926
87.90486986133575
86.19624452811263
86.99587037150113
86.73987305161813
88.17657371795353
86.78480518545994
86.74740353003307
86.22971277370097
85.92919921057548
86.85694673447131
86.95491464957591
85.89311918950337
86.61720646210307
87.43842688317704
86.988166533
87.24040156934748
87.06790609361724
87.08173403091014
85.75972744017614
87.93257825981256
85.9049681802287
86.33174807102091
87.75534824833942
86.71723922872164
87.40618095912946
87.05826372133264
88.00744797601754
87.07887952677335
86.8732392214859
87.4355832055181
85.90937396133936
88.09313175141928
87.18185439898083
86.40002543060906
86.32220489529405
86.61810669102482
87.66738953628645
86.0480350233418
87.95321074236519
88.02128779540365
86.71730528561444
86.26986569714994
87.31651388735474
87.69841433707263
87.8807314666446
87.57856075952652
86.95289630061444
85.5307957036239
87.89550844459372
88.08588189688014
86.68861654611335
87.16272033254424
87.23282505409078
87.90711480042302
87.34270464936723
86.62165612567878
87.02289110729832
86.92912663523285
87.41775345161142
88.23364314326898
87.2525988016647
87.59524951082463
86.45611235886639
88.15623959182199
86.21762633022365
86.8137488707746
85.94697008391674
88.4054077782465
86.49589046642184
87.76906427360049
85.57541396001206
88.29514840251507
86.86705858565306
86.66410732047228
87.48836354651098
86.29747956066312
85.77269328809109
85.96591650046261
86.64793714248235
87.06301932730223
86.07557241974388
87.04476523742045
87.28745386171812
87.58945461412235
86.02259970178785
85.67999617405833
85.5197235404816
86.60650843903639
85.34435715552421
87.32648756646277
86.36622597249576
87.51081522595989
86.81445566600303
86.71134505034863
87.31717617239802
87.61684910653031
86.38302952509585
87.64160424994364
86.75002957088513
87.00325125619274
86.667839437597
87.75474446601318
86.03261883961622
87.16111351843612
86.90133786632983
86.7011288411245
87.6443815318596
87.0871550181432
86.94858665488229
87.74991342290743
85.9572830163111
87.37524005999778
87.73828072731281
87.54822901584593
86.67631459836257
86.98206682942644
85.30746295285378
87.8256416664223
87.29884651639273
87.0824781556927
87.54087716908015
87.4244476268023
86.72139821027959
87.62363598072638
89.47671912829979
86.6598474680045
87.00507796459657
87.27097706670489
87.73185683410793
87.56283315376758
86.3843182306372
87.45357499555116
89.15624623294056
87.58917800398713
86.98867557245381
87.1851233397859
87.69901756699483
86.55050546109247
86.34751419049678
87.03697391763261
86.91796238357809
87.695995679712
85.92419444022913
87.58598869145392
86.5992902633128
88.08032102074111
87.3819360095666
88.15572894652053
86.83628156572792
86.93015132003494
85.71162582066596
87.41293235701757
87.29578829232194
85.85292835611489
86.74433115814067
87.07076306023997
87.37261837964203
87.3065231111672
86.36877091517631
86.60674381548054
87.62913532535167
86.06907663401137
87.74121480804384
87.11926191340895
86.5334576694644
87.52673771576677
86.1730308131667
87.04359629121426
86.5214555394588
87.0194399897008
86.82598586263579
86.28212647768999
87.40130098305883
86.07997761470034
86.0405601645668
87.15974548805242
88.10408524354888
86.26776079295765
87.86134977986094
86.05558102210226
86.99592374660162
86.67983563867531
86.97387048364918
87.33804113171821
86.91603748828145
87.85821450983617
87.42391238156078
86.50352550946644
87.04438834757124
87.42274608129166
87.93614078731477
87.78459098139324
86.76542359270347
87.15306790713005
86.38842429909519
87.12456243382098
85.87676048405066
86.86218848733989
85.88836081504134
87.27943495206802
86.0845050700772
89.251638692119
87.56827871336264
87.21357905396025
86.20220327995418
86.92415674133882
87.42792792127989
85.70781525372514
87.31631318940923
88.08901538370432
86.50243618634438
87.23838504465084
86.20140425613303
86.65252076656077
87.2596826681656
88.09692335616677
86.95883751965351
88.8954673960288
87.3977614926614
85.6029687165641
86.21447245644327
87.14887228726698
88.07913733417962
87.16179245211848
86.47696756825361
86.94515338618636
86.90766773178143
87.54552248394795
87.41669492997299
85.72799813510264
87.08694925078652
88.33495774173981
86.12247694698607
87.95162069350704
87.72612010810212
88.5540440740319
85.99204348628452
86.03322444608615
87.40722984553666
85.60868426586886
86.61693601296362
86.84607532699799
86.37753504017844
87.09563009550295
85.59389913226097
87.37984438481786
86.20027365583847
87.38583789548524
87.41431016781388
87.5732944078231
87.72011795410073
86.2031690345126
87.59948205278225
87.76335581305503
87.7585357406179
85.99781863747423
84.97762970714172
87.33063983762597
86.08136564499738
86.78979084258715
87.24150722489307
85.67281574131982
86.77520895002908
86.73793283916055
87.89709352268716
88.14188723747476
87.71661986333501
85.49050707523382
86.74521173142816
86.1254491240632
87.63320565587175
87.39061921997573
86.76665646902778
87.98494563041129
87.49662802422999
87.22304355686616
87.58785780296887
87.49267618500603
87.64940936293678
86.59042099527313
86.4862307805137
87.313345240432
87.08717818181113
85.90076368825332
88.12488079277905
85.66986677136262
87.3596375633805
86.35730014730946
87.24020627098322
85.99890798297895
87.49391361565814
86.7683584937959
86.60378728613196
87.07028770906027
84.9317695558657
87.50224868912535
85.70248030873792
86.92019466444562
85.40665431441158
87.12909586370262
87.58262569039915
86.52225878068137
86.52052400120591
87.41703038062391
85.96813771037908
86.74624408247546
86.34926940587292
87.09665444523733
86.16834576693505
86.64995533010223
87.43774294277384
86.5961051375264
87.57903240678039
87.69582667059593
86.9017890108562
86.56137105082118
87.4764519916672
87.29762429041261
86.30202437856505
87.4524619597357
86.95763587982077
87.92892667060202
87.98396173489107
87.19316117301099
87.01332584972025
87.06151698595862
87.04028240925149
85.04635954869674
86.56443079157576
86.92620669014434
87.34396708166456
86.66352742149886
86.02036110183751
87.20897665256629
87.39996942254074
86.93136698501058
87.09669091690573
87.68018374529514
87.2092256925365
86.19182995524993
86.87909816726766
86.78355994024774
87.33284677924414
87.98912886236212
87.40567549686612
86.0705873617016
86.79441600251296
86.64512055341702
87.53445534904832
85.27480175719678
87.06842187011488
86.65781954496136
85.86369965365839
87.46469002341352
86.98787823472058
86.38149867906901
88.28668820010873
85.71202088584192
86.88529452771924
87.4625958751623
86.93931090083537
86.93531640745422
87.11872170640827
86.48146006272336
87.303802804525
86.73357293377218
86.73393736417489
86.95609530229649
87.60631411207463
86.04369113454892
86.99194107989544
89.24784050965401
87.60236630535739
85.8276428495482
87.35178338108709
87.13217406888518
87.69844008341556
86.71604690906709
87.52555440566097
87.9949231662719
86.57764755090855
88.05046868966552
87.38603892064303
86.65459323810214
86.94002817921884
87.4480229384379
87.62333709927137
86.6489335210471
86.12214573684452
88.42214687348783
86.56942694944503
86.81767679203837
86.44627384702123
87.33000040419147
86.51495287377817
87.25234913816347
88.10965028969994
85.82036561205719
86.59396848936119
86.85846420861174
86.4122925613808
86.75450285655148
85.36554170889603
86.65178322595384
86.97899807868022
87.61991868935198
86.84315309964788
87.43985262231064
88.29691985624956
87.45912849260812
87.20906109223478
87.04707918753344
86.79861972480134
87.03305842368896
88.46502379101543
85.55980009180207
86.58942561336349
87.72945462605881
85.5461338155495
86.64739653536476
87.76738851669049
86.99359399662457
86.40576721436585
85.958817945003
87.4956394594754
85.65413308114094
87.63958576184825
85.21818274844317
87.34009743491704
86.04859605782455
85.94141245353642
87.60115835445836
86.94954660479411
87.0962319772174
86.7506469255421
86.66010166772821
86.88377263562782
87.21195915322804
85.63865980300345
85.61647186669467
86.92979252352113
88.33262833009266
85.96766270156174
87.59240884061816
85.73341498882007
86.62562980451158
86.32408766558781
87.01433359612287
86.63039956416712
87.50405453376857
87.17425153002404
86.74111165069684
86.10398120244732
86.69860881787865
86.67457695011791
86.52863029464412
87.0622165147038
87.26980567389701
85.85752302827706
87.14145090938189
88.70955331363915
88.0044171652133
87.20342804664179
88.36928577525718
86.396817150884
87.2480053317749
86.58953828821895
86.92025410271427
85.74456412145997
86.62900143199006
87.03083394977762
85.68464452479783
86.74136178717137
87.50844234036205
86.979486107393
87.71978091530069
86.97715819487425
87.19266568622275
87.11638700310024
87.27817507700088
85.89367856966163
87.41129788906899
86.37656158850683
84.89156803104643
85.9023895239794
87.05612231611559
86.3536369024485
87.6163135332402
87.6656042539184
85.3647236700298
87.06456605998763
87.98527791497843
86.99052715386372
87.61208619238705
86.52838539005603
87.79053361138497
86.69764524073119
85.85566312402578
86.34328697113605
86.6509183647702
87.32294359172863
88.15300157819777
86.90980360412473
85.65097193568096
87.49592632179363
88.55984617497032
86.14208758152554
87.49229049803577
88.53762295114997
85.53311920387671
87.83675699564975
86.45130336950177
86.59901676710497
86.22173415401141
86.84903128794392
88.06187338212976
86.84773621690599
87.64165651715675
87.73307145541193
85.55155287738573
86.92431463866114
86.35740943085762
86.79462205250671
87.79491506444843
88.69916579881901
86.84041023424808
87.09875765511958
88.86265163554964
87.55528828806533
86.94060298099649
85.87688716664711
86.41611303618522
87.03388907051874
86.02351918359439
86.45968426168868
87.85984159364436
85.9686690827774
86.74975452018452
86.44184818342815
85.60628703853426
86.40922263142463
86.69992016108601
87.94408881341714
86.41924519193341
85.87217752615335
87.46493195744422
86.66841532694667
86.2173609833929
86.49513293960052
85.93242917511932
87.0680384270522
87.40522373752862
86.59784814011391
87.59105583641279
86.69959312758817
88.42853290587237
85.65874586153548
87.09166349850882
86.51476670893354
86.81698101650406
87.10632014825404
86.4669552910908
85.83270469064277
87.44355346189101
86.29838643183716
87.11848492086855
86.18097768954426
87.46238709227069
87.4701236496663
86.6576102057943
87.42272405823486
87.34492615965257
88.67808454526009
86.45007073552107
86.95619702205083
86.787742025655
87.6808072187817
86.253400541224
86.01641971347061
87.93006820721921
86.0452179853379
86.90622841896177
87.64154036052906
86.63648701775534
85.71018372137091
87.21612202140922
86.01846890102293
87.18108639772163
86.20895049667733
87.20113215624609
87.39365808448561
86.54571937692661
86.79719517478594
86.9293429680972
87.15854516290828
86.55630343962923
86.04366642382202
87.11566807346317
87.82499563345208
86.64882711144409
88.20772982715921
86.91756649448703
86.36817653058162
87.39329592303167
85.80052773886895
86.91392225423577
86.27302775275774
86.14686720953367
86.82425429628937
87.56810952391726
88.57450044069078
86.73415016723614
86.95439201654534
87.65158230580441
86.50998236982365
86.15457166027215
86.69552280613979
85.99100592264413
87.86869203005858
87.2881152515014
87.38722356465847
88.43529380794678
88.95562036876701
87.90137126306163
86.31538013379856
87.40656314325825
87.9671026165802
85.30922256219398
85.77801145630083
86.68722043104798
87.15587203196058
86.87264102077346
86.90867628660456
86.68954748499587
87.20046787810709
87.55936293715331
86.49492959860797
87.12168967877935
86.12006138495715
87.28408030649773
86.25300475682897
87.35481493067961
86.34127557922551
87.46488341588214
87.9105988762338
86.52902186363109
87.00540333316803
85.32424469465062
87.55228924175503
87.78535301462324
88.18676269881836
87.34666107628435
86.29727111244895
87.87450704390588
86.97009129025041
87.37369835932687
86.70120997841863
86.68199674744997
86.99256804264655
87.60692757921754
86.8534206173683
86.9014646793428
87.50218288666711
85.50509060053587
86.54782455434761
86.05113695566818
86.49544290684321
87.18197244290725
86.24005108282644
85.73635131671166
87.06061881051664
86.31549522273032
87.0867314378214
85.27036241324342
86.63189106333967
87.01434893983455
86.3624808987201
86.47674107689251
87.25336459234931
85.92811288349536
85.68771189018297
86.64518328298342
86.77178840755765
86.99152576059836
86.70805015454604
86.67035634227508
86.97249098384253
86.15485130186676
86.17281932944165
86.06701982046194
87.912092137771
87.5824094066512
88.69198040864642
87.61443643033407
86.71136285515949
87.24089496391166
86.83270099905147
87.44660370266976
86.57053594652591
87.48890104886755
85.50364471773996
86.61849916537773
87.79240503290208
86.25862869480018
85.61741506614577
86.00850488616102
86.88992658761231
87.87983118414415
87.88457076276407
88.39945765892976
84.90652756910022
85.01086101697939
87.57155606745579
88.08731566039589
86.78898681919436
86.24504146671566
86.44593179740276
86.36522999110478
88.442038571045
86.03174221163486
86.90629541112982
86.48226196238132
86.65331986898615
86.03069300430997
86.97228172068633
86.76720937770939
86.00927104389314
87.0915125032439
87.78081896730988
87.3399663751817
85.64250966665283
85.93351000859228
87.06242221614941
86.25545034036432
87.12357457110322
87.65572118834606
85.48604554131776
87.5342311711772
88.11746869407857
86.73176136070893
86.49697012046995
87.29232503154415
86.42712027086063
85.11888646519168
86.19000796009611
87.40457950302381
86.6840514151411
86.33249343356205
86.92985542147163
88.48593105575884
88.45874964234311
86.064179068434
86.10984699536343
88.28371730601464
87.76247066248408
86.07990854001808
85.90748912147878
87.92618186958232
87.49404406801801
86.62434522827067
86.45522000869495
88.02758285067235
85.92108142443534
87.74477920370876
87.95031278786026
86.53924150577707
88.21296299220083
86.4187974181025
85.44886374809693
87.1266192127959
85.95386315965727
87.36257930893127
87.61707229173314
88.13000269827435
86.42586274188042
86.53042332982322
86.68004788631285
87.72255887795086
87.04720108117493
87.69445455202232
87.24081785261804
87.00552980665869
86.65978722068861
87.16133824881986
86.75266812524968
87.50216014444864
88.60299227494431
86.6984017388311
86.38696595471714
87.48128363596771
88.02438725265415
86.66895484646261
87.64906177037587
85.87354768712278
86.776924618652
87.56682850917672
85.87316353560367
85.56220600126738
84.94857539115816
87.79733366914859
88.41569759045488
88.11808407385611
87.34432732695353
88.59596044783233
86.75233292910268
86.30843645191254
86.85024950118652
87.01217448890161
85.8719999202118
86.27568955180524
87.34435267008617
87.97098176384954
86.92761103435924
87.12577509915273
88.70063457500717
87.27292561820617
87.92092596207182
86.25075577950683
87.64219733415219
87.80346155507735
86.24850187654525
86.59303956153262
88.00328516111243
87.18031641417444
86.88361869580852
86.05840283339808
86.89224525771458
86.26812096145251
86.34400285777133
86.34663790135518
86.36774438802355
86.81642507422801
87.53288075944086
88.0936537282041
86.46887671134834
85.03835304789817
86.957811432982
86.35224090153619
86.74264978845588
86.90294281462633
88.33143640808106
