87.0269799084295
86.74083474422336
88.32726679888177
87.40846620014665
87.62546727451203
87.75115174884596
87.68591531107279
87.76757022315903
87.53320850117721
88.48432882188348
87.30662435590484
86.83502058123288
87.4594317463245
87.06908725363459
87.07058278064946
87.15415177249639
85.82838916822003
87.27948945374993
87.14005099968485
87.11929514010868
86.37951678574277
88.3762982679439
86.63055590943
87.20027700641602
87.37352850627055
87.99095592097538
87.04211489348455
86.79348107079508
86.0352038934478
87.9810417601365
87.31525654089549
87.28584080264376
87.23309588444637
87.64960089958255
85.53043230646881
88.38239027209909
85.9964219823647
86.73934978117713
85.61893332687933
87.87619744333249
86.98425578298139
87.44074315999752
87.215893552304
85.9560111800342
87.7111173648369
86.09064551376719
85.88548984685352
88.00654257002863
87.21507723079705
87.37239737385723
87.41897597474984
85.99015923416793
86.49435067281217
87.9168086500956
87.1351921467402
87.75516022708887
87.9843310225966
87.07680189287113
87.07467914427237
88.19194563256737
86.44362748041753
88.47570705039132
86.62648883339493
86.91824197883872
86.8153078373194
87.51403722501661
86.64757494027623
85.8781964392789
87.14491245187877
87.25784712628142
86.5204948890145
87.49073731393976
86.61091011663477
86.52339868032918
85.91820003040993
86.98082001832856
88.1908324680384
87.47152498093448
87.48521472742367
87.26812296662456
88.03323871828157
86.62804700282979
85.78929443371
86.95091764556469
87.2170629746907
86.66829220820566
87.73917289032535
87.8189456243847
85.35559947485226
86.69774512232996
86.01375770483058
87.05588689092876
86.55408547739961
87.01987505908544
86.7396215085016
87.51320183064261
87.47474235908571
87.86535808690347
86.09922087797217
84.408679766118
86.92343169064821
86.50386297387647
86.44833932805754
87.19728692984678
85.54123052137759
86.0901544795234
86.87841786083358
87.53115560374205
87.06402428772738
87.53472355941378
87.48841312041225
87.32063059330336
85.97263062718346
86.84401207276476
86.2111925177168
86.05517172974155
86.1599824926976
86.89129725553185
86.90594927178066
87.13071619793817
88.65422588326082
87.58442392723857
87.26177104467214
87.31491302040791
87.76186337857945
86.50909217598335
87.27321161417748
86.37087591005708
86.83965106084072
87.62156335800111
87.05376343903632
87.26516140681761
87.5928287845047
87.92600530308123
85.88695156152707
87.46509603144683
86.93267412545009
87.17519986608647
87.77906119480987
87.6137579410075
86.78624009286963
86.57389485752759
89.07563616345877
86.81027316782604
87.00379824559099
87.26571116431344
86.76981895723473
86.51504843970314
87.84737015251615
86.23288375116267
86.75643806159367
88.0991604961258
87.30438736890324
87.50578191385884
86.91118992284653
86.80060433476628
85.97081950655951
88.443077063651
86.1585868686899
87.67350079131192
87.22718620586745
86.85410072574292
87.27775620043545
87.54923760238354
86.59578179461829
86.26697973363612
86.53041059859905
86.2705162951251
86.96154532443158
87.48204124978997
86.97791697807516
87.08133619523534
86.59424639471338
87.82130860816874
87.1695918304452
86.84945417679718
87.07604660908824
87.25778830989881
85.82572959789356
86.95895079438705
87.33579256295995
87.32649669206185
85.11797143048683
86.89373932949522
85.08063547406572
87.3641329406811
86.98267739876489
86.50193010568785
86.3282227550217
86.92368664543183
86.8877611362149
85.32268588125496
87.48541978366141
86.07564796967425
84.79373670466852
86.16347278000744
86.85040079060101
86.24075998640697
87.28006177885256
85.98150727644204
85.96039731184868
86.58471411277954
87.54010584784699
87.51575719210511
86.95415459594568
86.75724024781341
86.73756867597581
86.57480800846152
85.96709328646068
86.7364930812078
87.21491573564629
86.4613419195374
85.90881427730295
87.71960185927958
86.32669436342611
86.31316750360057
86.39680721831027
88.20137013099644
87.9939028322858
86.87610959995258
86.66564133482017
87.34123417075133
86.39877278252719
86.71210231008548
84.88078875705227
88.05471259969248
87.92620684286386
87.30975129525191
86.38157024213935
86.98857213697342
87.66693204976272
88.09396683110386
87.56165394627041
87.13313269062748
85.57984954128705
88.13647484364581
87.4901741516231
86.7516743813462
87.09655287644904
85.4207324440058
85.96869747953161
87.46051455594034
88.23898935017056
87.37401477161322
85.35787827461635
86.65743442242174
87.42553610697837
87.6871838494996
86.53509879651224
85.57194421908326
87.44989603308062
87.47520680724611
86.90991027825365
87.50853455578297
87.549260264703
86.62311937002606
87.01043923563246
87.07650852883988
86.989037506589
86.40232274437355
86.31471561275453
86.71084204720968
86.85482939478987
86.55409306419246
87.44018876207237
88.77063039606207
86.6563575733941
86.38518649528214
85.885955654428
86.29712489613179
86.3461468661543
87.91650994165296
86.68531011283217
87.00927695468604
86.38065285202426
86.69802402153124
86.43264550829669
87.4835758905962
87.83906983708408
87.53763497295851
86.94669323395554
87.94452569631538
85.53927923528312
86.30064530552814
86.71744859233111
86.3807559654104
87.24075726089592
86.0534520968462
87.14659179146969
85.19104748548641
86.94534245993816
86.37265193834473
85.27491002054016
86.25821392550851
85.20863060846348
87.63380593816741
86.39890249941675
86.03954651027333
87.57050602228514
86.78272740293586
86.41166660998904
87.07939002562401
87.56793085009502
85.93118972889212
87.98205619676118
86.52753070229979
87.19487805718092
86.88818169213829
86.76446515249214
87.60218288890171
86.09527841191398
87.81335378889693
87.07565515632444
87.72239148875275
87.04684125152389
88.22846298764259
87.08322236794339
87.48988664802958
87.21753841683643
85.85115692993442
87.54799049819201
86.71683160581388
86.39864711090425
87.57193794058016
86.74787208567322
87.49971881435064
86.69576622600707
86.63958189173563
86.52550608759152
87.19501085531725
87.02495355704613
86.99782297206521
89.05247603894053
86.8612055610016
86.68100704489197
84.68147109930118
85.56896054169468
86.5451684857507
86.43780577571682
87.94453993442602
86.15428463128933
86.69222374666225
87.74275940866052
87.64174724314627
85.94408582706966
87.33372510164806
85.72208214939803
87.02268663949377
86.49068059002649
86.68406302524562
87.34779598816793
87.56279427651172
86.44967482699333
86.34240835609361
86.89315842672885
87.3786183704311
87.19446954916457
86.33078500778748
85.7749630133092
85.8663263298399
88.17549778721418
87.3432846256554
86.87234816893903
87.716941859605
85.96621591319706
87.11597163794012
87.26528448863297
86.4422444520072
85.95125495908877
86.76328107537297
86.51848219747495
85.7460522488955
87.15585385311462
85.67102622104636
87.23404902364614
88.03803142091843
87.8091829628576
86.1345417706979
87.22130489558774
86.35011793971789
86.20688655936834
87.0668756783202
88.3639136117801
87.62781336924685
86.4921653527856
85.82781252372642
87.05753173780369
87.6625154692256
87.05114466165853
87.1380852704031
86.35396612711408
86.02021268556555
85.54539997866979
86.19773585475117
85.318221881384
87.6605293189542
88.32555269703403
87.87173715482992
86.47061582632631
87.66480325414199
88.35901580669677
86.73408809059653
87.30729367436182
87.08249331498479
87.59518434442008
88.22049332377351
87.74944700109168
86.15624154681612
87.0787861030414
87.15205288992362
86.48277337896005
86.80808438741123
87.02538177798169
87.95800357300286
87.36418364761172
87.6792580400983
86.37413047570111
87.68017149814382
88.36187066575506
86.79153851976034
87.97846770852482
84.77682583586646
87.01445461196617
85.86298985793084
86.68150662502288
85.59363487372822
86.84881848921347
86.69448185599344
86.44026332847885
87.5639209794929
88.0775539273293
88.00699552409661
88.45470508949924
86.44870438581711
87.12960311721774
86.04080400269505
87.70247275692205
86.91310964871832
88.08811394986006
87.48380882086909
86.608220139649
88.71590601244756
85.06278329621291
87.39855629536879
85.31068614983536
87.33159123664076
86.6942449361664
86.72700725477405
86.82203797458868
86.9191763994621
88.04464775946578
87.27770944496817
85.93727910120253
86.22632989980639
87.60181728709229
86.69831433978186
85.52149369386862
87.52121585380854
86.32078576358658
88.37350865653129
87.4524229528507
86.99956578459607
88.03063556768554
88.17775964985478
86.19229563191337
86.51636789642492
86.99221240497059
86.71492483292491
86.69146797155298
87.08561032386905
87.20194349490335
87.03667942108444
86.69792838595811
86.36402281609274
86.42152025386235
87.51617643077286
86.16625252908739
85.97663658602663
86.65252751908771
87.30797861832549
85.91127959846693
86.074982757358
86.85089016926301
86.18248155425756
86.14630252722817
86.15693487321602
88.24350113024018
88.41973653928694
86.77849508076426
86.3527680592952
86.91863452481672
86.54706029592862
86.99703013595209
86.89861425541035
87.81128294776977
86.90107152881652
87.93453583944739
87.32899029634005
88.09104431109931
86.76799198054456
86.59105575774583
88.51035747939208
86.99288522366447
87.02638906252163
87.05851490514662
88.18426628475618
87.26291454750765
88.02298733703239
86.83853850014418
87.37190469760391
87.30641526365132
87.51870312694608
87.25493123758783
88.07514422202996
86.83008836218393
87.39268863905166
86.36604864903033
86.82138281103981
86.566964147683
86.87949531847286
87.79471403251826
86.18388699526258
85.20640269847044
88.10603979147112
85.8908061678083
86.85028692939592
86.57954723764463
86.57560843852983
88.25299381757851
85.5142150613393
86.42017794422428
87.86811515625425
86.89391924748158
86.71812476481003
87.75791196977065
87.59473510857644
87.95305034421175
86.67311737944053
86.97699838638259
86.6786769160182
86.8783793848151
86.68436396010961
86.29451202806419
86.25819172473896
88.13477337593488
88.25213410745535
86.89677842606032
85.76326242271489
87.49986415544925
85.46521210881518
88.85111671605786
85.51700973096781
85.52764851383014
87.35412666013426
85.72218853192858
85.69347739458101
86.86151387360707
87.01896916112356
86.5531610983045
88.09359464769022
86.48580864704113
86.97195212604763
85.17364273690904
86.92381019139744
86.73841566340128
87.05177314535692
87.29853102497964
86.9920753444712
87.17225570675369
87.64005462792473
87.02013587080756
87.22348610013955
87.60017736068181
85.7194550228758
87.98635433412981
86.9167769193267
85.46812531250659
86.72917763187591
86.29750606686521
86.14369569834828
86.87831190746148
86.29440684474824
87.80496972284753
88.3773528687567
87.63457551804466
87.79032841557098
87.48656845188036
86.82264837173123
86.68533633517161
87.86580342173748
87.15453186576408
87.98540009371187
87.68202683900668
86.06865905680255
86.58740272628492
86.56059097699355
87.66157115823253
86.93295419972027
86.84287632695586
86.82222808408024
86.85499807037506
87.7912376673385
86.35059658483237
87.61446223545231
88.63880487941813
86.40396670305181
87.27499950702261
87.5389093527043
86.53277226843011
88.66762724991398
87.0310052552165
86.06160487724487
87.75186688320134
86.16479545129934
88.07582569245216
87.0311043619437
86.83686079784235
87.97490615154683
87.9281301460687
86.22805358608068
87.86333958124085
86.88370862007281
86.54600050919726
87.40977764558713
86.16324371814677
85.39950554155486
86.70615036540454
86.79877995621267
86.39000098979182
87.321174327763
87.95674232212063
85.60640209563154
86.77103569340785
87.05394249592078
86.6926608443885
86.07325106494136
86.73019703140831
88.86803065117479
87.83192385080042
88.27138368797017
86.36282073355395
87.73595542796815
87.25075745967719
87.21980218801757
85.86540163493412
87.75339507707756
87.70384630723031
86.01474886191319
87.73603119203977
87.52432822845417
86.41740651243404
85.8302534411164
85.9317486969065
87.1293366798973
85.9625857228371
87.63649512308756
86.12863784912855
86.9614886088187
85.60592373116178
86.7963417978274
84.57541799202532
87.66034696238755
87.05224296042923
86.70652834933655
86.90982466903317
87.27762372284515
86.265352604332
87.15948031846115
86.78237425078913
87.06705256761387
86.675788632557
88.29063783810682
86.89638839914754
88.17934259718137
86.72436364648622
85.45815722657471
85.69627410787281
88.22334992398207
86.7389579053508
86.2161429236035
86.06160844577158
87.1634246569629
86.95166914948098
86.17915060971649
88.01918248259834
86.21087346324546
87.46457605102457
86.09414194358627
86.71306102693686
87.32412920761678
86.32973220376537
86.56473733234591
85.62103699357577
86.73683105674893
86.84321246680548
88.88334156320596
86.60176338082204
85.95827213545611
87.26544272775487
86.88532692851035
89.08065895119584
87.16162960000744
85.94856887850175
87.10942296032849
87.18760017775058
86.20627893330459
86.66282557222881
85.52559781495594
87.80913348943938
86.08401859988744
86.14187531109773
87.22493683852271
86.97722758672936
86.8488442221137
86.08264925418511
86.82510173718393
87.49770692210188
85.90406752122009
85.25486947664993
86.80341378246689
87.71619640866089
87.3740335601379
87.14912973793808
85.4611506209545
87.06869398029544
87.36194992355924
86.51767186704129
86.65787494735174
86.81320660173913
85.86894183454847
86.36142912856977
86.79739697305475
87.15607245159579
86.52380848258028
86.27445261417608
87.02572121755313
87.54788185521629
87.39885542146473
88.49306168447563
87.8754565939694
87.62432790082559
88.622896184826
87.29453896122963
87.39978121861773
86.0819275809326
87.77121198641468
87.6624524305188
86.88362371444026
87.85539320493912
85.79024166449426
86.80232219557139
88.41942943118234
87.04284995942581
87.93199731422885
87.10157337225304
86.63094937670608
87.2033574078934
86.20987103163398
85.35736658884471
87.34261766094049
86.8296602117419
86.69398736249737
86.97808983179276
86.79381504224968
86.82941859198753
86.80277511570374
86.3429274275213
86.10800401221655
87.06113282716521
88.61151734125814
87.96988870768222
87.95003420754766
86.0399793598542
87.16117791985643
86.94484139467514
87.22424888177923
87.52242586069848
87.47662665841553
86.53122224824097
86.5853659585822
86.72853711306499
86.63433665863013
87.58657026750535
87.60883982802618
86.59934180872776
86.9061933428235
87.3315631017753
86.19844585356924
87.38942688965088
86.52576195497672
87.1203647723668
88.60939790017623
88.20569781297343
86.68680705010786
87.19965079464716
87.04437844125582
87.44236587023472
88.16930129545581
86.64883442017761
88.07851162239429
86.4935362964444
86.92873643038641
87.29806376054759
85.9134459511641
86.05530409768096
86.55286015847408
88.00212353675732
86.8446204861422
86.62393195202202
86.033516362847
87.12067135803164
87.46825077122604
88.29422062257781
87.61239553957208
87.60941743042441
87.21605022483804
87.67477090236972
88.08056610580017
86.29286159939049
87.10512510907203
87.83182198639247
87.20830392641446
86.63611635430948
87.52117138408225
86.03143660451641
88.11443642724568
85.59968853962076
85.9258951080533
86.81528548986128
86.82062579211812
87.05105452925805
86.49990219900558
85.13484826252385
86.93567370914391
87.75430638424525
87.10575781128207
85.9130477589031
86.70520414781066
87.57426610077026
86.36325515630523
86.93186934982164
87.42605836623018
85.63922460813728
86.54238454474584
86.24878718274822
86.68406493941096
87.24891598800076
86.33495340485628
87.2452881535964
86.65460539082179
86.45735137053059
88.18349653684157
86.83298292073404
86.86910621240594
86.88648413618847
86.05743839684119
87.24498376504633
86.72172361395835
87.43765279781913
86.12522138448577
87.58704555086733
86.76949018649687
87.76187974706228
86.60659973630816
87.44983395383355
87.53147481497136
86.89428066365782
86.26367559967278
87.26331107288009
85.83192354670666
86.97771140300631
85.76044781585708
87.61385171600593
86.2725183798668
88.2924597294624
86.4234011587894
86.02081351888857
88.08075302094532
87.04925435350765
85.41288586117972
87.18026316786191
87.77190388638351
86.5461486487749
87.19439193072502
87.15152528886583
86.77907088567987
85.73341082529146
87.29659379521738
85.05348872349384
86.1027976813288
87.14690229943263
86.63954895050516
87.38682216011601
86.97785533243123
86.94008785994096
86.96600899590297
86.51010383278901
86.0440876996028
86.5271773153012
85.62187524474339
86.84722317254709
86.8170825762305
86.49983221681815
87.19539331918222
88.03459241203123
87.5413878121297
86.3103936329917
87.49328067278384
87.26363992028678
86.26889791655621
86.76507203890739
87.38223209378432
86.34651783182062
86.67449121132805
85.90503301672166
87.12787691480642
87.06474084021883
85.37036747288315
87.00143315276007
86.4870704375
86.33974726811772
88.34863739401185
87.33683390431554
86.72040841518346
86.47527449407487
86.38976145265083
87.38893870171627
84.70552973680442
86.17779957751578
87.04849482480685
87.55139098852764
87.44038020013184
87.4937092274083
86.63241741807474
86.52597638934755
87.49096653804061
86.49081264417605
87.6003061166988
86.59722654320029
87.75838496047324
87.27377692697513
85.96030055360778
88.12165790825796
86.50475725009368
88.23903595329261
87.90467676253776
86.40101441953577
86.92136378593241
87.55808293436057
88.38753832936095
87.24125134395314
88.06197114089787
87.75362984247795
86.53368715340902
86.81329856982317
85.98803721920538
86.47237917446678
87.04498973168941
85.90705579853119
86.9296826673976
87.5025478791047
87.79443852530135
87.80511534244418
86.6858599500954
87.42361160716528
86.91413663890654
86.5053639872323
87.07865925355401
86.45801784290542
87.13518437832171
86.474149277293
86.59301566309092
85.8190462791096
87.88983170815703
87.46217034167557
86.17455749478722
87.80289113509295
87.60044981040215
86.26725222635652
85.98070145010028
87.0230809894613
87.00000586143629
87.56098928275465
86.34034682516145
89.05982437180477
86.09886576488078
88.16086272312776
85.99148242007777
86.84490198953571
87.34890407749559
86.86514936017264
87.87303465579764
87.40984059391856
85.62573941870173
86.91167951287846
88.11749010583556
87.41102665261333
87.48079826857456
86.94770803480854
87.19117615193427
86.2565329520831
87.2915039361058
86.25888286839009
86.78050952420311
85.33660334084149
87.77701247573641
86.77059573900591
86.25635920251749
86.19422698533718
86.07183933769437
87.03229623886757
86.21754987168678
86.59109808742343
86.55129491387726
88.35435242610286
87.6636546401416
88.07112367896909
88.38559334789636
88.38972307601483
86.98275425515914
87.01048748736486
87.14555288607181
86.38807756938239
87.76205924793457
85.78123993397843
89.21576966374074
86.87651483339481
87.04748731892755
87.46356842359897
86.51888003367097
87.94130241796361
87.65259048196684
86.06201015291478
87.57618486985909
87.4559458879828
88.18778682603089
86.99024248851812
87.19488134708163
87.89344666085721
87.00515617575604
87.86223703275411
86.67550648287096
87.10053940803824
87.41830911343247
86.22336342443091
87.31005590156654
87.69409473540179
86.06725368226499
87.68353267803681
87.62087207181716
87.80287001800538
86.20636894888132
87.01638601938662
87.99036530283963
85.80734550188393
85.81608034598476
86.46446420959647
87.51492049443067
88.0160302977412
87.51178718804147
86.31251034837214
87.5349376304325
87.2521885305208
86.48466619658795
87.32063298869727
87.15621312984509
86.91942544270903
86.1095101065759
87.04404377260619
86.60165284954505
87.62684623709455
87.84912737761246
87.36465361331294
88.39188688521365
87.82059877213192
87.55041937204663
86.8826891942107
87.93926094756554
87.7117056620339
86.96965219344516
86.79598608168241
87.24333885079734
87.80434971146543
87.07942393185083
85.25354605573096
86.95231810904683
86.62228353037155
86.35554500556823
86.30128699990262
87.5975109595833
86.80599841179811
86.180844646136
86.13115979065996
88.2783174962129
86.79587030547206
86.60556222508325
87.12374445955689
87.12348618186623
85.71425799858406
87.77064658808197
88.50371018029145
86.63852475718349
86.68910800491857
86.56369332009577
86.18849533793865
87.1695942862843
86.79870982800121
87.25420488241203
86.76295335682826
87.33340590653371
87.45446096025023
86.7671119983491
86.67867519456411
88.28904261054666
86.80396339416927
86.72478220214671
87.21280518221597
86.77125125810738
87.49994730910699
88.41070784341528
87.26313133626817
86.96410917480563
86.4148619164739
87.3466014994033
85.7165371009666
87.19417790741956
86.72832679751279
85.71165143004838
85.7609287111179
85.53944718649187
85.84239045366067
85.73952268976988
87.33860346178312
86.57773055073507
86.81212606056863
88.0475546234225
87.73237515843819
86.62016275351033
87.92872129905287
86.19313413903063
87.3322509842491
87.14787923139032
86.97115484001652
85.97260011612866
87.43968861214141
85.59638162401092
86.12080504069081
86.21386458444844
87.04993604184979
86.7341685882358
86.73813866730544
87.13472326163213
86.34079005054043
87.42478186307315
87.8515365633414
87.10877792963842
86.13155602703256
86.27016112070442
86.21614225417967
86.42839108617655
87.31364594884205
86.71519396057128
85.67428839930501
87.62086547953695
85.49068275788302
86.38322744363612
85.80912547354866
86.8528731516391
86.19112820519801
88.71532951640707
86.2218082904005
85.77796348019427
87.65783158803833
85.65731072948518
87.65301851676186
87.36585762608132
86.02525019578519
87.33723949822075
86.6207271803616
85.63675794858912
87.15660298559759
87.50176660803338
85.8894592323561
86.17678368033778
86.6759043210792
87.38690747269365
87.8362890977611
86.94616020518912
87.46650379472317
86.77267974177953
86.63907366663626
87.49703908095952
87.53635256840936
85.39983598019528
87.17316295086457
87.29055805331959
86.79555053614436
87.91053768905513
86.94596722056936
85.6063542243314
87.97232273983704
87.22187842986112
86.36138404874364
87.0469367096495
87.24164767056448
86.31661466693508
86.00635942044352
86.75189822187359
88.1973796048568
87.14329609560127
86.02666933926228
87.24226632925956
87.32200986350331
87.51154404147952
85.9079601224884
85.33509061637335
87.26610779978813
87.59988125918468
86.91992535842421
86.56392205655132
86.1793041649003
86.35601840829524
87.32822575592004
86.09969594681093
86.78511949334113
86.69147181823323
87.63616631029606
85.97897215984466
86.10111151750574
87.12225477228243
85.74536032685911
87.70726116570468
87.86896738443323
87.2681415767278
87.19209282688271
88.55268332290618
87.00672966203017
85.21514672026409
87.44819838506484
85.8915918929479
85.32584464435566
86.06858105347412
88.5414879834857
87.8060977400159
86.99003444855461
88.8746796891641
86.34278409204344
87.56408129806738
87.27928841389293
85.34668808041886
87.31747230088904
88.28039832318143
87.2729653462443
87.26357481223506
87.14648650575079
89.0084894398783
86.05582049679069
88.14241966367628
87.01444811720411
86.36143278519508
86.98821617756869
87.76336875219795
86.26377066795692
86.93224013416408
86.87023793777696
87.88591213340368
86.9969031302896
87.16791132152291
86.07321454377849
86.42757491860796
86.6033283850988
86.37003407277128
86.92040572667632
86.78729436598914
86.40498810000214
86.66941722627412
86.99050915838939
87.05829871458111
85.82411872638664
86.27757127700396
86.03299450172763
86.25152294992625
86.89410214597018
88.83405704017358
87.88017220845683
87.0178424053518
87.05045892363965
87.32893356687116
87.13362123505374
87.06733595384661
86.60953122753793
85.77636735824129
85.37242623582466
86.97714833232659
86.0772545488181
87.54796866258775
86.74215112465427
87.16838771328827
85.6719088503399
87.28327091664013
86.50379826357734
87.15708609256906
87.0659135976841
86.35339084447223
87.49478207831326
87.12063758730518
87.2496979866601
88.04782375063596
87.20366477978664
88.27017306852143
87.07968595833188
85.46721824080282
87.28818702657954
87.3265962937101
87.7118788115942
86.15158343885895
86.82870463456355
87.74562091984764
87.72793861014944
88.04116928953223
86.39675770593666
86.60191196289311
86.65912283269935
86.96981937961291
88.37014169448706
85.62009075363395
85.77754650809635
86.44770162339007
86.0509931200354
86.60317963165484
87.2868803440215
86.93295185287236
87.2231584532236
87.423066816671
86.49151949406689
85.47437840508202
86.1345473783823
87.74359530015201
87.14139416133294
86.76279481613618
87.93139156711152
87.24369661553915
86.95039867410316
87.01476285138256
87.00352223689798
87.93136875238146
88.74478449189883
87.01630003625509
86.9353808192914
87.57473197643743
86.77288785755886
86.99790959584645
85.9691367779443
87.3753412948048
86.31177747495737
85.95895168659757
86.82322937304568
87.10152279761346
86.96870101427734
84.77729546705498
87.25990189593664
86.30386203017116
84.34572062202747
86.00668062154253
87.86275226877758
85.63721117920576
86.6817123957051
86.38367366044741
86.27774197602734
87.71907884009438
88.16856051681012
87.32965749883593
86.7573759546492
86.36069670500711
86.6017374504471
88.12744205663026
86.31610573184861
86.19406170769467
87.5761336430357
86.35811212213399
86.18579178568672
87.80167312152318
86.39263166979896
87.5306032559709
88.23449700873485
86.8315309395426
86.24195491608701
87.61472939210654
86.24497549295162
86.72308004386176
87.259897890964
87.29990243578585
87.56444961276645
87.26246950422144
86.63734666143591
85.05329308000108
87.79592200595292
86.68756180650057
86.29161578559847
87.12457291944646
86.3304525792926
87.1419359654557
86.65487593261741
87.75597217696479
88.81289218297259
85.97620304557209
86.3434970351258
87.41594187647493
86.4724041367395
86.6157352426704
87.3459525984256
86.80807222835755
86.60196860230788
86.74567110558193
86.41894541870879
84.55839511498652
85.87178777681963
86.5680198788499
87.48156925761906
86.22441569149719
86.85065089550316
87.77159953581945
87.09136526928161
85.52352998974798
87.0263711069269
87.10286368767711
88.57679544351431
87.94267404442571
86.945747417598
87.33752967802984
89.34979894134761
86.82205765299011
86.67062803029563
88.26406510944929
86.04041466608906
87.81763800622639
87.53547808380155
86.07547790457619
85.85880083745458
86.50873529492787
86.45249282822854
86.76829666957376
87.12536487066079
87.35316516315022
87.30946478327427
87.42949724417086
88.65716375999305
87.42188870724529
87.5449729314017
88.85972377167022
88.63160955744765
87.1091104226294
87.05957026163296
85.96001020040924
86.53160384827298
87.73655856792023
86.82903670750432
86.84555301630576
87.25448597730662
87.20408916944112
87.77474877427937
86.56299239282946
86.90433580238144
88.18918666359394
86.26990734343039
86.36130626393422
87.22874184044295
86.90435370566176
88.04138378889458
87.09072958287241
87.76707464397163
86.46684694834575
87.1785905277318
87.81087979470064
86.88764887358182
86.36142832479942
86.50382371474718
87.99256419626579
87.97628126962363
86.68820533553088
86.25708714361726
86.75318058197651
87.81258283935102
86.28516168590187
85.95982239867969
87.15120114205581
86.8196354360273
87.31921108913382
87.84750436253307
87.32112713021549
86.58292821344413
86.26335106506433
85.986413026494
86.05024470202167
86.13309595034467
86.93688580041945
87.39948950465043
87.1838635582673
87.22696308802595
85.80766906841997
87.07637680260805
86.47899588862562
86.91220686116607
86.53718441053898
87.04651457965412
87.37785748090721
86.20117395095858
86.69125107694647
86.89312506208438
87.20265614239115
86.59565167448743
86.27997261617102
86.53902610763302
87.35310303274423
86.17085776105532
87.25798356113216
88.55956747433561
86.0199397897977
86.22168145615413
87.03906486983264
86.85767818618072
87.09867567706732
87.10826685691224
88.01904572476121
86.51201446956787
87.74265510514913
87.65021211196003
87.1927300684059
87.60949761030561
86.96843965805175
88.73591843445975
88.1549719252387
86.99871967322925
87.71766609036293
85.57613330353497
87.27654536848465
86.10563824711203
86.84070406308506
87.12522771163093
86.89494984262546
86.2165695385092
86.40502236102901
86.05544122163836
85.67772241547672
87.55825269263755
87.19901876979463
87.89899678514087
87.02293218392006
88.07734911214503
87.3047184940698
87.00625064374708
86.68746584683772
85.98251298964136
86.69948682030967
87.3497935652138
88.05439454407681
87.32556842494809
87.18804625935344
87.07505283148534
87.41653736565354
86.13122275180774
85.61627146990821
87.25151388530952
87.12317527130618
87.63868408183832
87.11784094430017
86.35029431760215
86.79815612992368
87.58563984393801
88.05079162059673
86.34751214481483
88.1036350465604
87.94906058995092
86.41224254987848
87.16632780804508
86.34013740265563
87.17942600381222
87.64549078222795
87.31134577230546
87.128618081414
88.36719032268516
86.2816800738807
85.89316055047313
86.25065380748062
88.15431713240588
88.30832888482347
86.91548644593641
87.52596713828041
86.87948616498336
85.85816506150422
88.32320208894987
87.14767262277364
87.34064231851063
86.75471651903894
86.5578282685039
86.00628344271459
87.19533309152385
86.41070354011889
86.48011228689721
85.63857773356507
87.57121759157485
87.01143131277287
86.54310798386666
88.10152528835413
86.67952230887454
86.92138084520529
86.27736696082896
87.1496379847746
87.0612401043435
87.0341079622157
86.75858207735361
87.3676820688792
87.57902898105583
87.18054322481458
87.75258858068062
88.12716838500558
86.75059723255025
87.20608510090122
87.38378249189249
87.55631078611516
87.05981009921122
86.71434901497219
86.46292966122951
86.5668242514717
88.13897939940455
87.02423166285564
87.81312991597396
86.7431840442094
86.94123613765694
87.35535284905114
86.95371771539651
87.16707899648604
87.44255585101872
86.62573571384085
87.15985069624521
88.34029068280996
85.91763204480188
86.83120520854118
88.08334435865977
86.20092403445328
87.83047332372405
85.79651338434891
86.4583969325994
87.1190695671068
86.00983282149282
86.65494246340181
87.9440743878551
87.39385846523341
87.15258461940311
87.11232770733542
88.10756896401514
86.48330938794973
87.63539397029624
86.98803498115699
85.8986955840239
86.71707842557433
86.38453179186595
87.16275565416493
87.60790622170006
86.56817770677506
87.17417646502503
85.5858158439321
88.15032339141547
85.91949492329601
87.47949177465722
87.99302590919822
86.6634599353173
86.84884069521716
86.70964321812004
86.35354013245247
86.70377186020282
86.94936571328095
88.14625845499722
86.01600033173267
85.54882991139581
89.03112775879916
87.60087934109369
87.228360117513
87.0239194487351
86.50444568866872
86.7156319348516
87.12285272383058
86.31905643936146
86.98185510109127
87.00083714200667
87.7252729781418
86.26152770235636
86.13150121624396
88.37268186467064
86.872277783384
87.11131243987596
87.02733006060521
85.45451310971819
86.35072385398594
86.21734949131317
87.31095798453954
87.4576608739873
87.83664836139549
86.98361538006209
85.4178986760852
86.68427564742983
86.98230577232273
87.3252932451406
87.76171315361707
86.39672358131483
89.03294965772346
86.52771083238167
85.658928427697
87.70214880785788
86.82837330443385
86.64756924193303
86.66819530665613
87.1264800376541
85.3510037500658
88.12406748945916
87.00856312273157
87.85861633825814
87.9931397907403
87.32381970449755
86.12891098701932
86.20804625256704
87.4075344923713
86.20894255829326
85.85678279283228
86.11757193747478
87.43993560515914
86.52861067715261
86.42782285560543
87.4763820302111
87.11437487162324
87.18968635744095
85.88586865123963
86.72224257173855
87.02853564537955
87.29576253818375
86.35412003630307
86.23972438714593
86.63299185381571
86.50459332671271
87.41796887134451
87.38427506649417
88.03177600071712
87.79579873537902
87.55199197395333
87.45700750637026
86.90056730231517
87.56019951447503
87.1771724539819
87.01887266364291
85.72396585863972
86.67388148251389
87.0091707404293
87.24546238113169
86.59779621385059
85.12291598045738
87.41137966069344
86.01598024785375
85.26624728803442
87.0308725975353
87.57524427100111
87.67259162249023
85.59258271225958
87.68304773978477
85.43840787723154
88.11996994131576
87.94381840347113
86.38492693949846
87.07398617359497
86.26829264217061
88.78620603045717
85.3062367471366
85.74639840435613
85.49433601179005
86.8544020460928
86.82080635446353
86.99467619038937
87.54639997319717
86.91252481374742
86.89761711841814
87.26691980530623
88.32148116953778
87.912403737493
88.60959754676179
87.32266573539242
87.60137050126946
85.86613386104315
87.2584752525407
85.01155180565301
86.0464824915933
85.74121329522916
86.33767356400536
86.70725138117132
87.55359346966347
88.10323912738139
86.13019434127615
86.02944164188686
87.33292391424098
87.80433742512028
88.07304017470024
87.4759403173919
