56.83056871863778
57.36712934017129
63.76805048980028
58.94150979121982
57.42226820696217
55.26866552165362
63.45230830968652
53.79845315946807
57.05842236101504
49.6026767874219
59.307453271758334
62.498811069363136
57.494444963361175
58.12809906006333
52.52521113185881
63.49285595546902
54.125113875846765
51.74312706037772
62.60189988755803
61.964604639291416
58.01260176765647
60.9405493770874
57.539583697541374
52.49924426229968
62.90686177333401
52.55356751127479
44.124863408630034
63.40791493361724
52.97386748575693
60.142880303933524
62.3343305314813
39.747585671586336
59.48441990335974
53.70746573236671
54.47502292330599
55.56358675988377
63.798130891589
59.28903541052463
56.138234149331296
62.37414328333628
54.60832028585653
60.23883562982591
56.7606042442724
61.807800779645554
63.257847632753226
61.52763368446777
59.93860671755723
63.39278023849479
52.63858466303192
59.88283297977119
55.52392054854848
60.47913770741128
61.756055699676516
58.71165115866377
62.28377548890236
55.98663847457203
55.81975157055764
56.61877066028444
57.60170161351541
57.07537097441859
57.08780696374541
57.213579813446934
56.67889758374709
62.77641658283962
49.82833143611479
53.3221421490648
58.30439243213664
62.97059145416904
60.03320727387707
59.86053843686535
63.52934886353572
63.99654893446348
62.647897168565855
52.01393874152373
50.62502535887468
61.39320956206392
58.74863033478116
60.33732983704505
55.94419094353049
62.68567566022543
63.36723428139804
57.789654479527755
55.24024586105368
61.89106999411238
60.61129386933669
50.99116411901561
62.505686050924844
59.81567239383257
63.930393322173806
61.65552313507365
58.572180265305875
56.33262149186576
58.86693812909524
63.95870440958107
63.37450374764408
61.01297391269461
58.303098971263935
53.47017635023643
59.12546884955351
58.03653488559341
59.95025410659745
58.86816990912137
62.405367697121996
48.21635672515282
54.42854058333077
57.37928366940936
58.653213849114366
58.952713902333684
57.14955896592557
57.06172490712653
62.55878291271472
55.31322959937271
57.74207440871676
46.41577743174012
63.74418759152691
57.72518835470748
62.34033860567189
61.37381517720565
51.270586250086026
63.345846098288206
51.440987929115515
57.197700582656935
59.91980506191745
59.85911595766237
63.29985164846577
55.555926216764476
61.919192564290476
57.04176064571363
58.09207492572583
63.09731661920891
55.91183436939274
63.1243413880511
45.82292646684381
62.66942213812329
53.16713795417941
59.6807230212648
53.27729818378185
59.717341315327914
54.708386300020535
54.82150046499713
63.164786555305106
54.2740063684172
62.76211181642615
45.65554185857723
53.61511526881943
63.00178145277288
62.40862113184292
61.463342040307694
54.303038996527214
61.22113030981193
62.63655817143976
59.19328053853343
63.92078355713772
58.42389040571351
60.604823613453796
54.578342318474824
58.49559128058863
58.767992340385995
55.371478647157915
54.59351491844537
55.10274220661935
63.60677514239759
58.77037842491079
60.296659520973506
63.40227010961513
57.19987510669898
62.679945979200326
62.36385784655739
59.95035556451591
59.987765733678856
59.2273539378277
58.05332116551918
62.851820660621655
58.28446032441094
50.14607825418473
61.97592478466597
51.50700844152677
59.90983764044673
58.649013792127626
56.18671444400526
57.801446621991275
58.92580690138877
58.5099356420615
63.847366128783285
52.10826196102719
63.35751118775009
56.30864529010989
60.844208276889994
60.8580953542922
59.25230129821862
55.126019607501895
62.68237039359081
52.85633472841687
52.776424735644426
59.17759942290799
62.313649806535665
54.12962106861681
59.08515563457333
47.95508937337428
52.061304728480394
62.92835768843471
62.193612853158704
60.875806222024984
59.665606117168835
61.668846894150604
56.592126011018976
63.4407099308995
61.990489431612865
58.31742154977384
59.6235268269004
59.958860119878494
62.89061021227568
62.16757394108218
63.72306341879499
49.90727805930818
47.18995492172499
56.31285545419101
60.58588260169156
51.656689385508656
62.09765132322727
61.422200560492996
46.765307508761595
52.55896482989559
58.5442025015076
56.8806050029612
59.67006151002418
60.38750054318972
54.66850884284874
63.965347465278
61.208769195570525
61.849770125253045
51.53313703665536
55.569325198389976
58.776933860606356
59.59795296936578
55.944026292783576
59.053012871685276
63.70068213634891
57.57976897165455
58.20341716424667
59.95677048244311
62.60533141897501
55.36512821108743
62.02403071865048
62.36399429302109
53.58411936582793
57.1654289384377
59.86946569623527
62.83900069361951
61.710369136450524
59.77437018352052
63.200590446558934
57.172284669593544
53.428674628722405
62.333861702632795
58.28810120321104
60.581128505383745
53.060244419545825
56.940525259031084
60.24921168909673
53.20618109392701
59.30322988390786
63.92564537762336
63.957091878324135
50.45129534011005
59.550026671001675
63.755293483061386
61.16483404404693
59.89102566798408
46.45564619329146
57.550840183262004
56.47026733552535
58.486300993710415
60.916673648580456
54.13310920675952
52.0316948746367
59.93213428257338
57.58604673228337
59.63471673255863
57.42984243475035
58.51781876453425
60.4814576042316
53.15624756472212
62.36256569581824
62.04732655697563
56.92211303863463
53.64701770844671
56.087685713915576
52.0068575217584
55.937768605549856
59.528772902408
53.71546452962407
61.288642550462114
52.61115154954326
54.10185346671353
54.17037070361911
58.088497161997935
63.13921605895302
57.86478944283137
57.21450470245213
62.12225800444465
59.706771870244594
58.55342574346315
54.69137631950608
61.58839793381186
62.082661301400314
62.747026178951835
47.74350291154703
62.45341988247279
59.01402941394513
59.173877038482914
60.32617055985741
63.8292537950533
61.40725132203911
62.47021316652068
59.352859763517245
55.90563484993637
60.06216933482785
55.82667084564892
57.36895806192301
61.56763360276631
56.33509327617338
46.546084634802696
56.87248236817478
63.20026156229445
59.01417808670115
57.18574066851045
54.5011331105649
59.55406743116071
55.50709105245057
60.44838306573252
60.31801691998943
55.088403066823204
62.28465991737537
55.30918689626627
60.06188032271491
54.855504452310264
59.79966807121214
52.768420522020406
50.836622578071605
48.65041676057171
57.8656902344445
57.54137959227588
62.0339613967641
59.62470773936666
60.64913754241655
62.69948637588367
61.14801093764685
61.94262708202094
55.26841108230389
52.19907485782686
51.23181081165774
56.21434303775469
54.335876952379756
56.75202430700559
62.94800956433792
58.71252170750763
59.394803938043175
61.568830307372615
57.78812838428878
