59.28682882682314
56.246193734967065
62.08969320350368
57.88360987363989
62.360910575039014
58.39409551423597
60.399850386007486
58.85083438932046
55.31644231258861
57.45157045445389
60.52820695324178
63.34912334032144
60.0726115063822
60.210596459213406
62.88261588549091
62.93525285610041
59.499728322345
61.96359012612469
62.01300335939162
51.974320228013475
60.15525137221407
55.817463585862086
61.64135811762604
55.706830078764426
62.4256080534243
52.61326597423044
62.330882566540204
63.8167162702392
60.4711936013827
58.03332224812707
61.62015282154122
53.953934422624265
59.32306936661936
55.522439167032765
60.19437860433419
56.28023745329956
56.91387318081197
57.08370333392873
63.685930937133634
51.69888758072778
50.880026210430096
56.762950565877034
44.40607375223286
62.38436040088827
59.31014377841002
61.19873658208297
61.45716156059787
58.66357161235787
50.172581273885406
62.73253117310734
63.00352608223773
52.41900790898482
60.047032179990175
56.79839813214503
62.92502656805917
61.485237483393824
51.96580435973547
54.50245983349036
56.25316146580924
53.996912819809616
61.95788401297023
61.25874738004554
56.93719203631086
62.50075020482708
52.78982164734063
59.15111983498494
58.77115937011069
62.52177812459658
60.022214533296605
53.681162709664335
58.34987373333386
57.1895367556787
59.86236620580222
63.93370272527334
62.42923892609206
61.05138963026761
63.77022164048826
57.524386154034495
60.93174571361258
53.442877685191185
59.45264032846414
54.42844543752327
54.973976271769786
50.311783189269065
59.67063494163535
54.04416056649119
58.21315049572295
55.30579416542544
55.85205380730635
54.10602176011529
48.61161060256121
63.1511992724488
60.48208527577702
52.362465849437015
58.852045001058556
58.66199258094523
59.27179534279253
62.87268099088395
59.7203148835832
59.61841486388585
50.12433596200427
53.680438023879766
60.651961929363594
60.53553788058211
59.545857709803315
62.850084466006436
54.69211122050144
60.20533386463692
48.260196819133746
56.8429546717337
62.200275961734164
56.02418911067813
61.344553186126866
56.190389620730315
62.065143479735
48.229270575821516
51.73014140903325
55.63764464767944
57.46980571841685
60.70279022362006
58.682479667055965
63.93108143368208
60.4337701411177
55.52272398478018
59.82738968716668
55.26733078005495
62.687180331455274
55.19070842647356
56.81993114177042
55.2807948904081
63.428516204761316
61.98030781689165
52.455415123842116
60.556837658274304
59.335637363458744
63.675184793595264
49.590678601919564
63.5609673704861
60.92318564016079
61.985766199987324
59.41983706797465
60.24839202898666
61.269365784060945
49.980649710066075
57.545643750680604
54.02284263752898
56.9676690856987
49.71464624427295
50.365318072664365
53.91891608210268
59.49654934267471
48.042144674713576
56.131463020517074
53.90307667744808
61.24350208478573
61.21604376883336
62.03805009125406
58.687013070370355
57.58950237902081
62.11201885997671
54.1792414703511
53.78471486821668
48.621498812289204
63.55986472766443
55.90438890479337
62.999986617669784
60.03287091212227
59.79100937264422
61.09200221454081
53.24841858749591
58.220809474996955
60.3029882184692
56.91291469795959
57.8321328590793
63.41980683588088
50.3614077996804
49.813452841173515
63.28724736108268
56.87690242703929
54.3068784157101
56.9197700722699
61.18366987497307
61.3548198126019
58.88148622680909
61.414249414629964
51.600037089895025
59.84679567704387
62.22478811664503
61.93576533907796
55.28100516875117
62.74169983278812
53.66592117869961
56.867132476723086
62.18496983666637
57.5692188650248
58.0442537562695
60.23510723707431
57.31611572619079
54.03046802950915
58.067043611999125
62.82687039922977
59.45879763705428
55.25143491991223
57.03097946353594
62.42056050309682
45.21694177862844
63.511141760967526
61.82867590334824
63.83349399285708
57.910262246003136
57.738533862407486
57.75552798870625
62.10182694941935
62.86903227024432
59.99020456843703
63.23578585817768
59.37043519338253
57.72204248499754
59.34955011224614
59.88716468720489
61.02347079030024
56.56219868113983
59.006554836988
56.805616995809594
59.84807803110295
46.90105188718623
61.39198520921856
59.96683012471984
61.12739458436621
53.745736188928674
62.10170488522106
60.346015427935825
63.475146572987214
55.391445242684085
63.18735959032024
53.33712043583986
63.22986724685158
63.82168668795549
56.30472993537409
58.889719294056746
58.67931580936982
60.46685943168607
50.41438921234176
61.33916378754212
61.32066710040473
60.45141021703158
61.23065114231694
62.15321794976121
54.04776695991276
50.92137448414948
56.401063706343486
57.299127129636126
60.84475432404164
55.93761984824057
46.12861972461715
61.60046067894085
54.354131373434
63.7375116500803
62.229771031593444
63.18716583966982
47.83381558353283
59.26495685463417
63.838879128571975
57.84483413293083
61.620819203274884
63.55006760722892
61.200219405032
54.422878359258306
58.54904416130287
57.64617445865026
60.19760637067266
54.944575745482894
59.28394034313849
62.49358692530385
62.48006715417828
60.69739931367219
59.73996900933232
61.32806788715736
56.60048494233202
62.31130361062155
57.12691513539296
52.37828993958422
52.52853699624714
49.91827023757183
62.14169828808052
59.68825807316403
52.458163328708906
52.990731782561014
62.2693873980919
62.6535647983857
56.5935745361589
55.924653447132144
61.7923051474829
54.459515552426126
57.72842994636929
59.562772165064175
56.34544542082449
62.40984901737971
55.677371823481
57.252863812664096
61.995555813163584
58.88950727802744
59.622782413050054
58.71044461363395
59.44854866937554
50.7011289446074
60.213244935602674
61.161423041436144
63.260461718321785
61.71350832939217
55.29702901611529
56.14924618508013
62.44037320241503
51.75368502413438
60.12621040355299
61.917644222505956
50.296644530093864
60.263906222239285
61.66833884822631
58.01385963091584
62.690036644587984
59.18794793836722
62.03120983201817
55.34051663715904
56.98589581464852
54.56704291921944
55.182923560923406
62.84652782190023
50.24952148998843
58.58630302230326
44.71653586909791
55.892654147854316
63.8670594594848
56.63809370120357
59.88610145533438
51.29854569491803
63.24323256643088
59.27440646930383
62.37237300453823
61.412001115294636
54.92661021088336
53.986907789431264
56.27227347426332
46.44244037132803
61.78551434638851
54.6203544370242
50.82456261630516
61.167262710378765
58.64068494391387
58.19969809635923
60.03442544576239
61.924996500637164
59.62010481083911
60.44199559208178
55.309088125060796
52.057139935910925
60.291209150597034
51.224854642747694
58.59763790691718
52.54107179119965
