55.83444516958821
62.750560339189136
56.32636280858322
58.855805992899526
63.170991764019305
61.00186069725745
53.97487129944246
52.97089838653119
60.442076351992526
49.66816249295632
62.49024354217359
63.386330696054
61.16320073267345
59.88985169185942
62.62440418272838
61.11614946782212
60.4413617677112
53.42827360455157
63.74713786197534
61.40691827906542
55.97948775258185
54.71621017962331
48.790939812637575
58.315343137799445
56.91640521737989
58.76574946210417
58.57745488134041
62.612858614269875
60.55702166547553
63.22361270728603
52.186511983512396
57.630584539208606
63.90255547028628
57.363717279484604
61.58833783136322
61.70280410765864
51.53199640454882
55.03422307166234
52.0046265388537
63.97262893112288
57.176728196106154
57.77487352196158
63.840507502008144
63.95636140891466
63.44425335479593
58.44847707728412
61.68762702765791
55.30839992963584
57.40784456312559
55.97170588586737
52.31748696743416
63.0565819490903
58.507677756319694
56.97300513468802
57.09662308860234
53.857609835037636
56.227956183550205
63.101103665505825
63.577926542561485
56.28875006132617
51.93105839288985
57.243207805922005
63.47068486944794
60.28738717072562
57.237746058513544
48.889645097063834
60.11934141075642
63.3469198046414
56.85253661804089
61.51189886311057
63.733606745808665
50.05845286015561
63.293877551667364
56.96389766118019
63.96198733966059
61.29104268097662
55.794123311780055
57.225246580163976
57.257246996206156
62.579261819910904
63.25423021025364
62.3141877920757
57.029047358059096
61.84671401314084
60.07113369000835
56.177818375516004
51.664448602490296
59.85927382246005
52.48501114744907
54.97904713513264
58.88842005036819
62.10019323916363
61.78515575007315
61.72670416903328
60.00909194080253
53.824231324326554
62.22257946318687
59.037132035871885
60.87003996009595
59.51576039480351
45.29669021219074
57.370176853347765
59.46247828763129
58.03138354920727
60.139941782464355
54.42350628665295
58.6050218008627
59.91425889056225
62.97619032333946
59.98003821952722
59.595744052935366
58.86531058494983
46.45664006098555
54.44484076986345
61.5768061085468
61.14012793178272
61.48361709480448
59.79765757743878
59.40336805882726
61.987095883329516
55.89232471323101
47.107357771526495
57.638461778881954
59.29873793745875
62.36366388037815
58.19617742232182
63.21152451257474
60.22976078962465
62.48009732915204
62.55673901319015
52.196271394659576
60.47856155245066
60.57189274680443
62.129564635976585
63.881869736196926
57.49117846673398
57.5910217638361
52.52126919949926
57.67005388228692
61.34243610390709
60.25942897741304
47.4005244450263
60.42844891625595
58.62591063694866
56.23590092733516
57.98683796637679
56.070371578850434
63.67950114964385
55.20829852025266
60.544805303192106
59.10334096220596
63.29941405534056
59.81805585466809
58.544974745874256
56.46807700062309
61.799405864863004
59.68999201804174
53.30739973607291
61.58779251238142
61.34854124187942
58.29042074529366
50.86320642855392
61.52843655827966
61.78080595723111
56.105022970149875
57.30338547356287
60.47330488866788
55.435051570148616
57.40899506779589
60.99619809093348
52.20418285572128
53.033887906137544
57.80056383372234
60.90631685376426
63.3908724887726
54.04728137230599
60.064127361691526
54.40860556624226
57.36065672245461
59.95092862118284
61.97517010549868
57.2997558194633
58.52445837690432
52.511130948952484
62.393143727296646
59.69899829041216
58.84412922289785
62.52665917200857
58.938075260857566
57.9747210980042
58.56036233392077
57.213667106905525
61.2152340297898
51.210971746295385
62.33050730004308
62.51917806951231
63.88409599578582
61.72613960863417
61.23906226324688
60.92070059258385
59.52810748267143
55.837341221688206
57.22422042805754
59.79343864115362
57.46722029649112
60.48129526871382
58.1203154413396
63.34332100401291
62.91687535932363
59.527798076655515
60.22489320709653
63.72978388900894
51.68912683742145
52.29880300820739
55.93184612866547
54.198194551318025
62.318613115304544
58.15405274736152
55.7516129304785
57.56343497423153
63.735378092303414
62.44956057391727
58.78262859675266
58.86957975410103
61.81558859067513
62.013423589336945
50.051615153735185
60.12716600913052
56.58742198790975
58.4700085482353
62.742148995387936
53.65366514701731
55.578863830009226
61.439277406741276
59.66363108754062
58.917969881720786
58.89186435475613
57.25285655149437
57.14974958040709
61.01419008899808
59.34191474781808
56.19543217586748
63.92839394780078
43.326227990578744
57.111104439080805
60.443126535862106
63.75530221211002
59.289013422859185
51.87823457800908
56.38587260619089
60.648214217480884
58.87162583569373
57.80830776217543
63.19634575438025
63.26888278888931
54.69247196024893
54.51436407497508
62.55150495737192
54.71036787836659
57.75159379182342
61.86029814870578
61.12628416940674
54.2507083018343
49.40606681849119
47.70379286867281
57.14105267665047
61.52262970014969
59.06858806747802
63.27773816757712
58.77923334132621
63.27887713231003
61.71774912601181
63.53934823357626
63.80282486010578
54.979868201884
63.29207427794273
57.72416299410737
58.47920098616487
62.98568449974291
57.82236796742071
52.52169112285504
58.022708432935026
63.454067193335824
63.87893338020331
57.71409117211758
60.251276424186926
58.060958381322344
57.118655330649275
52.57002555996546
59.045489766618424
62.76766504700857
61.91558595676997
62.77522001806389
61.87906673712996
60.77463694102624
61.81012393293509
53.63636074530712
57.10865366322069
58.466455795471354
63.63145082411563
55.33412654183153
60.04792755621407
59.11959856718727
59.34753664770917
55.70343030205505
62.56125748547704
63.65696778252133
60.54270652256804
60.43799401142633
59.12423637843584
59.44367321945855
60.10155185278521
62.18173544205134
45.08787652325384
62.29131059035808
60.53547485741181
52.10858551344771
58.89390414264574
59.67613880493121
52.00363264274041
56.002894171381186
62.52056387521576
54.114089536385265
61.03115345144131
58.03460669830837
52.150097566942016
45.98159477770595
60.12522555639783
63.67796477245367
63.04634524797819
58.45449649571213
57.52296989497191
63.97967513759395
61.45951879336288
60.99631868235507
58.87529368572589
52.46572985406572
59.89106766078497
57.75678380617119
59.90314744554063
55.412243557753
56.64261173207102
51.84780966450102
54.710868993325775
59.680321421135595
62.226902260788826
59.41609248080458
62.51168220983112
63.25683114627058
55.39238400817087
58.48280361187383
62.635723395145774
61.598601587005646
63.404577042107746
55.077051834298246
63.5897434358455
47.15776338866625
59.304315687055436
54.61829352916947
54.99775133838311
