62.968220494815135
57.422646298087
62.03065479597307
62.0376199603211
55.46990159072786
62.33776256613141
57.41485493309876
56.105714633422686
55.25966485268318
56.78718570106712
58.67581998507152
63.695232598938354
62.70038706499743
51.623735595451436
44.45752372847025
54.32401076512431
47.099420177151615
55.977093048347804
46.99062374842474
60.25584830076185
54.617390257969404
51.18277159397051
62.48075298144807
60.67898901463306
52.64746006802337
58.25355144202227
52.96433908265715
63.03272170370021
50.33860518205016
62.22278912572427
59.982395396728435
53.991173461099606
47.889634846525496
61.62455528566958
63.79784558988326
59.795450427747475
60.616946522312254
55.820375000504896
56.351652154245585
59.51191763860569
63.10290521301865
62.213663218311304
53.942026180208686
60.04254308342213
63.13066101441963
63.86853329652095
60.30907146691653
56.2553510066862
55.6143141651114
52.100068957298035
59.87815405743604
54.151090100717596
53.971861431298585
62.2497932236751
58.34455950772242
63.7774259303595
59.93081505199781
59.325614346698636
54.05900333381667
53.523705402310625
58.14345118369883
63.403832006726915
59.386538513643565
59.91167551193321
58.16377818144561
55.789603327618515
60.544149934130495
61.891657759235805
59.34438030366296
54.918934060925764
63.973419669606
57.16579456114604
61.971484442418316
61.034296899703996
54.32003746884723
52.5774067063746
63.95941464838406
56.69920561621204
57.44566333775947
59.67803994271417
54.40628640157503
63.21842317611119
60.01141872564341
56.79639802961884
59.844861224018864
47.4262554185289
54.27069131688203
63.724077593308174
61.335866222883865
56.21805036207064
57.137822830161824
60.63284178451751
61.46768180083418
61.25688082428086
60.29889389448116
57.23025161261981
60.403029503689176
62.29267575402581
58.63580781980768
61.2694134790978
60.57706062862563
58.736720350584775
59.06832904017304
51.46344578492132
62.88750061452466
57.032090619560606
50.204162449272374
63.98150850157299
53.33266511539442
50.56604124779402
60.43416725705913
53.3197910066673
63.72270079484985
54.93329585607357
60.579017955932166
63.605795700142565
57.551500342961084
58.0537298238668
55.068210859902514
51.46036230511202
55.80099812897713
63.902768823616874
60.10470665698621
63.88067527061425
59.80434214386489
58.76968592046244
58.78517592473925
62.524229098664314
60.148342039694086
59.26095317649125
55.932651310507005
52.2867070482131
62.65832494452006
58.08779594870556
56.91626049521361
54.40008873500059
61.690250689237615
60.00345265210274
62.1727449103574
60.818460552662714
59.66903222386584
56.2467332220297
56.36894416510314
57.11676337157722
63.80444225258137
50.987841737182976
62.76828438118945
58.80703651612139
47.37952128998394
58.85182513432819
58.589237766389985
60.817906562413796
62.0038512592437
59.09746954874625
56.80963727076957
57.55696708683964
60.44387708158533
60.688081067589046
59.199709566089396
59.977833576656565
57.71404224979954
61.14426116224672
62.67344685375477
62.65021875035256
62.3163411040182
57.182361005918835
60.157472382881025
63.62758944831044
56.401306474778195
63.991455338355856
58.411006372637274
59.6560188393306
52.63944387132896
62.854485244832354
56.56193822591448
60.87933072156408
49.21056178899039
61.78173351519179
58.897355584411656
53.69093695897357
61.955600759339895
57.03985472445316
57.21514733954966
54.8925339853522
56.16806935179845
62.359682059105054
56.81166054491353
55.43296747970822
62.99391614149907
62.709058199568545
60.41121540085175
62.66146250642139
40.80658788206243
55.43017290227688
53.061745004435586
62.08464664825672
63.07378327408107
56.99259188912237
63.04485891618229
55.50701860263506
59.86349403551418
62.1222839767315
50.36170377902585
61.22490666575139
57.41739939910578
56.00222123977768
46.60025960285448
49.47371644750741
53.801557815648515
59.02258431958804
58.87810010641433
63.93298656550122
57.76643762864476
62.96425614122537
57.84330478562212
62.151837304589726
61.51068491139821
56.906397253890226
56.44141347642872
58.04862538249304
63.21099899886471
60.761354894032316
62.842425728466615
62.557486796595335
55.72362456798378
62.98434333201799
58.13986330699366
60.16536683147119
52.72442946021465
54.89703311522463
55.41340045971491
56.83639090158506
61.61093390608992
61.21664565442218
62.84542729718621
63.13667002782592
59.218855109429896
60.0232029581501
63.28788944444038
60.68568464108012
53.93946601442051
59.556112078065986
61.56488255081038
53.432457091644665
63.36607662535659
59.800310060182504
55.00861319784278
62.518370447543134
62.706833597023966
56.25915725339194
57.74140705220477
57.36204725622138
61.067994187437584
56.59465910585184
61.88222344200347
63.97766012554229
57.46255675024199
60.72951087597771
61.54572113183815
62.1401918563832
62.32081695176802
55.46321183047102
61.23207602462976
61.03207517737549
63.26826445650398
59.72607708304134
59.00067639019059
52.20037159818872
63.234406808438074
61.088812802823135
58.486020314676786
63.796937008159155
58.019568821699224
56.71783707328006
54.99935496128977
62.65854604117472
62.14881126027234
53.022051874232844
52.51853401112908
60.575736433693706
59.80823211771853
62.081512277955525
59.401165855172664
54.223393072138144
54.081912719973595
62.859356989738885
61.05108848356666
61.372312876297954
59.04188685687865
63.1094158839145
57.240412697682274
59.166488987756864
63.48598741607096
58.65936148636976
62.387455015093636
62.87414705884604
53.96438314501734
53.960865745696964
63.75024573205924
61.43034431262655
53.03027868138654
59.864603814541326
62.12587332588635
54.870595707258204
62.02400203167391
54.35729163160657
60.6376655798784
59.37232143562499
62.18670125043902
59.201062326463756
61.8417629467166
60.98937683611522
57.42858868506475
57.63379233707175
55.98815285012968
58.43528515176863
56.36886922931298
54.675598668243396
62.69054122830384
59.86055874684446
61.58251355645288
59.34451455444084
59.03274180656458
57.18680456303543
55.887214810719286
60.751853165472546
58.63416039967567
52.92801708482537
55.19071887641406
53.186402499227604
54.18891397138769
61.92756617580765
58.64706379144322
60.062903145689084
63.36702673696298
63.366238665160424
58.50288360025141
57.38293818610295
60.160205896848794
59.578476920273765
57.33019533436147
50.934305884208186
59.63773827065729
60.19352493068329
63.267634134236225
58.99464541255903
62.77045234892771
53.47202463750142
57.681766123534736
60.865286509025125
57.76383180158486
54.49991065879986
56.400109351408155
59.38691349655226
60.18828818872025
58.725266131032484
58.249049392327876
58.823100976868325
48.19625129761172
47.94252649884877
