61.86468237888411
60.516551996010215
52.034021812081335
62.84930471575677
59.11536678023619
61.61608023153456
62.76210015778067
63.11406399016885
60.016098953069296
56.03499396141119
63.72608991766756
55.200128360239525
56.541527481449506
61.14868851923967
55.98573681089202
54.964766608677735
58.80683695525631
60.174697622144045
61.797525901143786
61.86410718918607
59.0487448206951
63.69517865293088
58.71421513265034
58.81574090133615
63.93688821804954
59.849895042194596
59.602244076053374
59.36121972809518
61.1819637602216
56.5303929435888
57.6316570882272
51.993918409813304
59.79906690673252
56.06534224004618
50.39579421200977
59.38546304275747
63.77649692411599
59.055853780037964
61.13472870762619
57.797462758243384
53.61831027635728
58.119053695416035
53.774626618888
52.835668584625495
58.11441002181765
59.87787590662414
60.1000663244292
63.248229321920604
54.19005066407713
61.93065178241811
60.37578155925578
57.4946137130834
52.26817893279374
59.54688520455895
60.35261119433021
62.64295909560706
47.95686825164374
54.99141875159533
53.82906821044417
51.82939983929407
63.943226466731865
48.24682336502766
53.450029393769015
62.75493669534618
56.02187992472235
58.37655215443019
58.785024224159784
59.56934111645973
57.91893510609162
47.87970478927175
58.477802225034296
57.91825315083474
61.2986666902542
56.41353730739327
58.02348341152908
59.272708004489544
63.36442984805981
48.075414974501825
50.22032368831121
62.54731238067071
58.197403225151895
61.6041595485736
53.443096420611795
60.60522213066332
60.50781881685309
54.60182077031037
57.33269418188641
60.9277153761815
61.54692997894152
62.765130319236576
61.95634971608849
60.51675738392659
58.75014343987843
63.13110821508199
60.01565346351551
54.12919276964649
54.947558009174784
62.83894263729036
52.68346638688654
54.92223316877332
62.973761964510764
58.30639851372869
57.11969047878107
60.17261214093043
61.93596338487331
61.970297489934495
62.941112198096654
63.223277827139555
63.94429690942146
62.55994276469866
59.36232849147136
53.97935989899304
56.33988862315255
58.45954984268252
63.644618851729675
61.45131656047106
58.25051624475408
53.01137689809599
59.2044625428266
53.96319870508108
58.79316197039746
55.839637579857154
60.104742671459235
51.905389014921184
55.03648080351267
52.608033327330254
60.71319661543045
62.14590150537129
61.949396004095675
45.27723522155181
54.32819852287425
58.34229707678857
61.42338805653389
59.890864962550914
61.58649461431058
59.624907689469126
63.51328795773433
61.08428790786188
57.16078712791737
57.14085615779813
53.345748170887376
60.883390453677336
59.79752999221744
60.41498736990221
55.06254187039026
52.59315545903205
54.58790240073812
54.77765847007691
39.32945880106738
52.34244785596167
56.925531181105434
60.81774745405696
55.36434456583856
48.35627860915557
55.523383879636455
58.60706918962961
57.719929381239965
55.983695623988154
59.79890067391078
59.03627644478371
55.68756245167525
49.42026096290359
62.89323261441629
61.737503151195405
60.66000177692388
62.6313449889062
56.65518930687478
61.012308176365714
57.1950837895226
55.71305210992904
63.26823248118833
53.346601753233685
59.722189744668114
63.18960605998678
61.48505975995199
62.01080990868333
55.019310606139335
60.196348776618166
62.731306703443245
62.700147867808056
60.76021180101459
49.551723975036616
61.744630325046344
38.340810740347806
57.018704012282086
53.53773162240902
60.69203068732983
57.710513369996434
53.625991615472984
61.14801214434537
63.24380421468865
55.07076150663813
54.31546954411151
54.08630146007894
55.64152409661086
61.01252257410997
60.022092338921176
63.71047085534174
56.28825373261046
54.565758488095604
63.786767586989924
59.688098644209354
53.552757648266216
63.20638390478171
55.27475434803368
55.86472895598375
62.45684777883602
61.45700508537976
57.328317853640506
49.89441996315574
63.91753465345111
58.64981580954361
55.70228045944425
59.730074831136214
57.30051010419912
55.95616451685049
57.4056143624012
63.836498439396806
53.427942952653424
49.87570586558019
56.826921667193105
59.568812210035404
54.58076689175652
62.34332743807148
61.3592030906192
49.02215141060462
61.35438251377658
63.05082233367667
61.97551493615487
63.742046676813565
52.69179166790957
63.47542636949957
63.637017844186
63.5667794952502
62.75479102619263
60.77213074759094
54.70074666966853
56.519312682647275
55.96090059727305
53.40169149066031
61.81091483978394
51.982048264716795
59.858870212675846
57.70995470807896
63.02985099195247
62.8806632695662
43.876847149701874
59.56055757346622
60.27545505367784
63.737151552908934
61.69256897289156
60.13702458266442
59.366196359482046
60.34228715600286
63.62853224301008
54.287798004145756
63.24077059743201
56.32272659370233
60.608392560381525
52.06411963268103
62.51626687373578
60.42299341135809
58.749472942540415
58.564795899104496
50.87252679637083
61.047471578380566
59.645905222962526
61.338491158395335
63.196762273955436
58.9736400309048
55.44365006772449
55.87676877322969
58.77703891006973
50.22175429931027
61.3363684824882
45.04493269477521
56.38793304936337
54.20808740583055
63.50155224403951
57.13026394702593
60.037045087098086
59.977958865737605
55.686309979999635
46.51781902009241
61.12626780496013
58.79877108117279
47.93695434013266
60.57781560285931
51.06865011856372
51.23890692620299
55.01796453657496
58.144027698087044
62.94495584780371
62.49003566676601
58.208843565530266
58.56226488739252
58.79504280811566
51.3980115350891
58.27755148066336
58.30722776982418
62.822703229853744
56.06671419541525
61.84144841866097
54.65944616034694
63.64580425700529
62.750721282406246
53.98875825997912
57.283632458218634
58.798522929848325
59.38343804867606
56.61433602150299
58.34398844653809
61.012861835526415
55.81883632492152
63.538895708193344
55.21331031047901
55.24774341086155
63.343054981781535
53.208564636781276
60.00799913246587
63.415765730994394
58.70993458950892
61.72849608192131
55.5347982874072
54.59027368933339
62.58432696591036
61.63702233328805
54.87579788537688
61.88813673672468
60.627809149976514
60.37109800032407
58.82926719634658
63.98647480540181
55.64087718714891
57.834542829650616
59.59581009278582
59.73095421681085
61.68884826257681
55.592137168935174
56.629185862637364
60.630047016212366
63.973151044046816
63.77675287223509
53.12771797561047
53.21347617514017
60.88187033344596
63.590513143862125
63.55062917672032
51.2072438706424
49.598796758420235
61.02318349400465
58.31294042720309
62.39223651946958
57.79208112887729
55.3951881489275
53.46559210460503
59.34144678523895
49.98617470589507
60.78339230447208
62.29058261137345
